17190
4769
13678
3179
13795
6421
16072
8963
13749
10621
19385
708
1427
14061
17781
4385
12985
2431
2062
8769
3346
9308
2950
2786
16494
9995
1116
14331
1627
10716
14197
3789
18785
18521
867
6634
921
11588
8637
15344
16116
2227
19502
19112
16454
12751
4405
9665
2603
8619
18907
11187
5414
15110
17635
7108
6728
908
7150
2304
6099
6139
17044
3579
16972
14943
9907
6870
7640
3675
10064
13779
15846
14066
19653
12209
19140
576
14918
10083
8529
19758
3302
1392
17783
11882
6830
13093
19429
16834
7788
14374
13490
18943
5149
3008
8842
18841
7118
4524
12024
18059
4904
10783
1031
1229
14314
6906
211
1575
6653
13442
2213
8177
8366
1954
11884
7508
12156
176
8765
14371
14021
5616
15614
2042
9033
510
14744
9664
5984
9407
2542
14265
11059
8206
3106
18269
11982
13349
13644
9642
4282
5878
3921
6328
13848
14531
18225
2021
10344
6225
5696
18367
17329
8906
6629
13418
6829
3989
5890
12262
15886
7274
9990
10143
19533
11593
9707
19634
1989
2771
2385
13176
772
2716
7327
5020
18252
17178
287
12603
8212
4784
1083
7756
1937
3177
17251
17568
2854
10563
11094
13687
2012
10132
255
8265
833
15804
1298
14660
13844
4291
13228
6958
5777
764
19881
70
9958
15572
1241
95
1468
13805
11848
7350
19723
1725
5449
6930
19075
17429
11492
9724
7280
10963
18383
7278
15418
13729
19306
15159
15341
11372
11106
16689
1809
15238
7249
9900
11333
8696
16129
9124
2679
7271
18985
14455
17776
1344
19427
18719
1691
5405
3857
14749
15256
2644
1462
4547
1587
11949
1841
2320
13998
3909
7967
5401
11380
19864
11064
14255
15132
5594
13175
18087
11217
8854
17988
6045
19912
3432
8831
14605
8371
14026
3633
12727
18761
16100
2750
8439
2577
10810
7741
4258
3940
12239
3210
14317
4969
12058
16360
15372
12388
6937
16141
8333
15907
13137
4270
12672
19159
9418
5877
14637
2587
17017
17991
16971
1707
12218
6114
1235
2401
10795
14212
19936
16394
18724
19311
980
705
16498
7959
12336
133
11175
6032
1933
2758
2341
2969
4363
6059
5499
18304
13481
18009
12458
15838
11975
6108
9097
16297
197
12519
2714
18876
9493
11244
6158
19602
19064
9174
11822
5850
10877
14042
14836
11308
503
13036
1803
11750
9606
52
8240
4579
2324
18623
8465
15230
16869
1111
11289
19808
2211
7939
18
12118
210
12476
3923
14683
15696
7125
17867
8749
13708
2888
7251
18331
3255
5638
919
6561
3834
1569
9894
8543
4231
11619
1170
14158
14686
18706
18754
2810
19863
19288
16241
916
11164
13173
5051
1719
5180
6412
8670
13386
18520
7767
17547
5858
2176
19040
13406
17734
9193
14814
7899
1165
14452
16467
13098
18169
6936
311
11463
12060
8051
13918
14219
14819
19986
19793
12295
17128
4075
15757
11891
4451
19263
722
16635
7319
14411
3202
2804
10893
13299
6357
17687
13718
10404
8856
12234
2361
1198
1357
4575
14037
5397
3928
16776
4704
16222
13843
3966
7871
16419
16845
2625
12703
4032
8607
6566
13135
2723
1398
15046
7104
7353
3596
17963
19528
15932
10235
10955
16615
17982
3131
6583
18057
1068
15786
7629
8600
1821
2311
6141
19036
1078
17256
13694
5956
4476
634
17025
12380
11901
9953
11667
18150
507
2996
8310
7293
10445
4162
11487
17594
14735
8345
1504
4241
11811
12315
3715
4854
8604
19242
10028
3369
8332
14442
17476
4215
5714
15283
18490
15095
6784
12946
3239
2420
5048
3207
7141
1243
15104
12915
19991
5438
3438
7436
1549
320
8563
16893
281
11716
6776
9991
16587
3810
2889
2986
10748
17970
6727
15821
9365
7306
7169
1967
14393
6455
16813
9485
473
12497
17710
1124
9380
18797
13606
5470
2088
494
10448
13007
16562
2412
9310
15590
12287
17761
194
5664
17446
4688
17913
17131
8038
11701
4812
15960
9913
17607
16974
10076
16691
15258
11271
14891
681
2880
12053
15845
10964
7292
10451
12377
9377
5598
6732
16732
6427
4394
19830
3168
6461
7659
7029
2449
5243
1843
8701
7617
5663
8722
804
12962
14123
17438
2924
2113
9553
10383
9903
8754
15294
2715
2423
14937
1210
18002
17694
6224
1664
2054
17483
14991
10001
10000
4669
13193
3516
18130
16678
18361
2570
13069
13319
3610
15550
10458
19550
14676
654
2557
10533
2506
6398
3984
7957
7953
5103
3840
8640
5365
7464
11174
2261
2867
18451
3463
7524
15629
125
8023
15950
10616
4647
8014
8524
10863
10951
5440
3968
4622
15943
5699
7190
5436
5108
15652
19021
6295
4022
10432
19963
4342
7470
14721
10879
4613
7011
7623
12048
15353
9927
19829
15025
9150
585
2500
4545
4316
16163
6515
8799
9898
11026
6724
1017
13746
13250
17400
20022
13162
10234
2456
4830
19274
14711
18195
12029
10667
328
5002
2860
9341
17016
7594
11143
9102
18120
10355
8526
12885
3029
5974
231
11795
6560
3615
952
8836
14013
19216
12034
19134
4366
11416
14372
10707
15602
19939
14215
6004
15482
7447
10005
11096
4166
18186
4175
10185
15532
15246
12207
2164
13662
13458
5033
3274
9671
18870
17184
2697
4411
195
19712
1142
16844
10251
7054
11413
9330
10956
1481
13596
11473
7684
1607
10899
8110
13679
2554
1250
5563
8544
10943
7337
5087
7890
19276
1006
10556
2162
13235
19104
10644
11156
12850
4345
5527
17849
6949
14425
14774
251
7165
18836
16364
15417
10282
3466
16742
332
15523
13245
14878
8323
19179
16077
3511
15695
2379
13573
18410
11337
671
172
6576
675
13411
6601
19572
17800
12294
15581
13018
9877
12552
780
14223
19802
14
5810
7358
19747
11348
16851
2991
3776
1992
3562
7683
9540
138
7482
6042
19890
10674
11496
2327
621
7185
3479
10989
7008
18230
13166
14541
7525
14958
14055
19805
2141
218
7143
9477
9708
6181
14111
6817
13804
14357
19788
16397
5712
15604
100
7662
2293
17368
8399
7510
3491
10305
16296
2699
4304
8554
15781
3981
18548
17690
9857
8297
2313
2463
12571
11387
15370
13505
16036
6424
17606
16075
12741
16310
5098
9639
12334
5794
14536
6577
13312
5445
2681
7094
16376
6668
13310
19152
12841
20027
8888
11952
17166
8540
5247
18842
17229
1479
20024
9212
3815
2879
5315
4980
12825
6679
5989
2101
15703
18132
14179
6701
1767
3517
17093
1248
7603
9897
18768
15024
5673
13673
9381
9218
11519
6443
12807
12072
5343
11469
13145
8261
19395
19458
3970
8042
11448
10261
17965
2914
19392
17588
5218
1030
353
18438
7053
6262
797
4177
1744
13650
11725
18767
1579
5466
19430
3710
19247
4666
623
19538
11714
3443
4091
3350
7740
14706
14843
8041
19209
14192
12142
5076
16967
17897
5340
11788
3081
16662
7668
4591
4852
12820
13129
5152
13171
13242
16594
7628
3276
15448
8885
16492
11275
15023
7666
4036
11052
1737
15365
3430
11030
115
17162
4992
906
861
12473
2071
19763
18659
2553
19687
8358
7681
8379
3881
17875
11269
18313
8329
12759
8432
1531
5228
12811
13741
19856
1488
15016
11209
15694
2568
40
1837
18806
14931
14782
7606
4094
12783
11586
12025
5550
13239
18995
13660
11057
14251
207
17351
9554
116
17857
18204
6176
13862
7544
5517
340
13331
17742
7627
1422
8708
4884
8483
12784
880
3506
12414
16260
18787
11146
16658
12171
3691
12713
5257
1436
10170
4266
4687
11374
18538
14090
2377
12176
5267
2064
4943
11759
17693
86
6334
2666
14311
7282
16855
12695
4576
2249
8992
11535
10815
955
1125
17884
2226
3481
6490
19750
10242
460
5753
2513
6056
5088
7473
11717
14801
36
17674
14420
9698
19463
16117
7631
11315
4528
2822
15731
16183
16572
1674
18183
767
17344
970
10592
13819
11642
7266
15183
7576
12568
5373
11780
7168
3068
1845
318
7806
16769
17135
14115
8156
18524
1438
988
12665
19290
11866
12619
19603
9254
19218
14405
16821
5202
541
7026
6091
2090
19250
12922
979
16446
17667
4673
16343
15515
13773
18459
11584
4908
6469
15610
10007
12975
16788
5654
11964
14669
497
3298
3494
17306
14576
9293
10780
18888
3600
11290
14755
1924
17243
13744
1650
15632
7443
13670
18541
16898
6326
13141
18479
6252
14863
8519
11697
14912
15273
9656
7958
8
16052
19772
12888
20010
2230
19197
17384
16507
2167
4939
13799
6863
10427
8820
4907
15236
13315
18817
466
11417
1257
3933
19541
2395
6299
8704
11180
18849
1893
12769
8662
1224
4733
3753
17170
16207
18093
1981
14913
7587
15316
13467
5960
15990
371
3204
5925
15088
199
14205
3572
17253
2136
16630
17101
6517
11371
13212
7834
976
260
18820
14884
17770
8165
10394
6289
1431
16795
19124
2672
7891
3823
16714
18424
9960
12203
17745
8006
1506
3130
12078
4404
10334
3247
16109
6451
19321
3653
10917
2366
16997
19097
10275
16080
874
15808
13138
16334
9107
5491
2467
1940
14917
15499
13991
6720
5686
9984
17322
13109
12068
5301
2877
167
4838
8999
11401
18562
6736
17954
18386
15594
12489
9516
15346
16468
6555
5903
15837
8370
19033
4974
2770
17551
15504
13706
12413
3972
13929
4979
8208
10683
14382
15832
11229
17695
18306
12664
13041
17230
7880
1232
13147
15376
7040
4002
7855
1794
496
7417
9142
7577
11220
6320
9503
17775
7057
15003
1195
12648
16515
5928
9882
15242
8603
6588
4840
14079
4692
4491
8862
2505
521
7637
3876
19136
19163
3411
439
3474
19045
12790
7348
12303
17949
935
10343
16746
15313
2735
18511
11321
2256
16225
19868
12507
191
3953
1866
13393
7486
12495
15653
9100
5861
1898
16953
1571
18513
3233
15480
14575
9909
15381
16290
4254
6569
6142
5775
11409
1206
12752
3082
3558
64
2485
644
4321
9982
5111
2157
9265
14514
18005
15335
15785
5539
5113
6060
1643
1319
16568
17899
738
2619
13369
14383
3764
5282
3290
11771
7976
12170
3722
9056
9230
1245
2032
6330
5536
13071
7723
8242
17156
15679
15339
15841
5510
14636
14337
6112
11262
18049
12338
785
2006
7315
19486
5818
9949
18924
3330
19402
5531
10754
19796
16723
15350
15061
2215
5320
17930
3342
379
9025
6173
4691
10659
19421
3855
9800
14341
12894
2247
3146
6843
3858
3026
16066
6718
8626
19059
17728
4481
18336
16808
18214
10847
19940
11173
8819
11441
1760
4835
6133
18625
17621
7502
15759
1735
14495
14822
9615
4730
10727
13802
16848
13941
11688
3699
4804
7770
2142
7542
2492
13561
2677
12284
3331
14623
13337
14107
19659
18273
10385
1518
8285
14656
7160
6140
16018
15193
13557
9884
17327
13480
15131
17575
2075
7826
2328
17521
3112
7678
18858
8140
8802
2746
14293
9545
1658
5564
957
4634
3497
5799
19919
5184
12731
15755
19785
4066
10988
17840
17654
18368
11809
10736
5074
10066
15045
15577
16083
18413
5378
4110
2399
8244
9450
8750
10406
13588
18344
11429
4878
5272
19915
17855
4217
10510
4220
7962
18989
6104
7848
7423
11629
6709
11746
5774
11821
5646
12849
11789
11440
12021
13502
8202
17357
12957
2289
2411
19501
3730
7515
3676
1547
4064
6804
3993
9386
6888
6380
11343
6279
13726
11424
1789
30
3913
3567
17648
186
2066
3012
19952
5307
5484
2817
10602
12776
2948
8971
1681
15467
10855
5929
14849
1048
1682
10920
10493
17716
3924
2684
12240
1021
13108
10634
3958
9584
2929
447
462
5239
9946
8193
17120
18243
16752
2254
17535
18826
17304
2091
14842
7041
418
17252
10342
3388
19226
5205
19913
4560
7305
11263
3868
7407
15298
6339
12737
2374
8159
4875
11756
10433
127
15062
3435
16272
16650
14283
17107
19534
2981
14641
15481
10286
14804
19324
19023
11304
18565
11186
12750
16247
18847
11032
13667
14799
978
18744
15646
16476
14860
18075
16960
16496
6899
8712
13300
12826
4894
5039
4788
1622
16957
8509
17738
7214
4380
5942
16906
18024
17540
13177
1349
6628
12725
18435
4888
944
2987
12082
12087
14433
14400
2727
5385
5442
7462
11852
5250
9406
13022
15719
18552
3292
17683
2772
11053
16009
2890
15369
18371
238
6083
13641
5682
4139
2248
11738
12833
11001
4048
6098
19214
13730
18447
8730
1889
12979
14441
14881
4846
14126
8826
18789
3905
18718
4848
7189
18412
13509
6016
8169
18615
6307
1799
4862
2367
10271
16803
11691
3378
17410
11266
6762
6769
5772
18890
17046
10747
12780
19202
16000
14521
1763
17076
13493
2251
3629
17507
3118
10896
16263
18717
13761
94
16762
2229
7046
1260
9546
5685
20004
6999
5495
12819
8171
17427
15094
193
3499
12596
1971
2072
11158
9873
2017
13234
9878
10856
18746
9643
15465
19956
3385
4472
479
15904
12616
10449
13892
14446
11577
8189
2837
17539
18337
10375
2850
12470
7466
10278
6835
7142
19282
8090
18480
17199
9506
8503
5481
13
14671
8017
4468
17085
2244
14574
4417
18213
15628
10378
17350
7862
12624
16915
13105
17708
13316
6446
16605
15026
3632
8691
7135
10272
4373
14234
7860
1932
8481
1714
17369
582
13598
12532
15460
19629
7702
18679
15211
14587
19355
13568
16179
1700
8621
6572
7149
15698
8470
13384
20038
15262
14292
13217
2386
3078
18501
2465
4005
7506
9866
10210
4150
1815
12562
3530
659
12056
1287
574
16377
15554
15597
4044
10516
3687
11722
12140
15243
9569
8611
17195
15312
3119
12153
15765
17375
18917
343
3553
3042
6526
18294
18987
2373
6071
11092
17659
11216
14160
3906
4577
9841
12823
19175
8127
7671
8164
11378
4654
39
16774
6681
14264
4755
6301
4952
16728
12112
5886
3067
14697
7049
11319
10703
9994
1546
518
5423
7518
17995
11196
1037
15493
1882
6706
13564
10082
7831
10947
2314
12243
4309
4990
3236
973
12462
13488
5360
18683
8618
8860
18698
7507
12314
18248
1144
15997
487
18703
5588
4773
1093
10503
7113
4431
2063
8806
8796
1585
7015
17061
17792
7805
2868
7166
14680
9979
4478
12788
5730
5565
14133
19628
9738
17441
2519
4828
12666
17562
8191
9361
14551
445
10507
14257
1369
3754
6811
5275
1072
1045
10053
12335
3863
15392
5584
1678
8848
8153
14459
2517
16887
18427
14650
6528
8877
14049
15057
7351
10742
4958
17887
5131
19480
15232
15019
12712
18334
2598
14668
15580
1176
6554
15945
8407
13663
3412
718
18060
13477
4323
7955
7689
15143
18356
10020
16425
12332
5061
8904
8067
3658
13498
6722
2182
1743
12157
12537
17397
3376
1408
7416
981
3455
16619
11188
1267
4747
8925
1562
12803
13900
736
15038
9855
11042
10280
19648
5176
8598
19539
11555
6965
14851
17650
11370
8025
2632
6186
16908
1565
15189
8871
5224
18146
16862
12546
10764
10928
17119
15900
5246
1353
17865
6296
5448
10672
10225
15190
14210
7268
16341
13563
1709
16989
3726
8396
14872
2093
6129
11698
6143
9374
5274
14828
9589
11911
13815
17032
12389
8756
2306
17666
166
15438
16445
949
11604
5091
1128
4133
240
10890
9347
8175
13711
18155
11005
16962
10880
8790
3518
9498
5778
11093
19172
19831
2168
8219
17943
7018
19592
2536
3206
4843
20030
10121
12971
4686
3641
15134
15873
416
7343
537
12006
2913
15863
9482
20039
14003
8028
8347
217
9869
5026
11232
6798
17186
17622
2177
15954
13806
9804
17284
2481
4500
19138
13742
6337
13060
5085
1328
11245
8830
9750
18376
8972
9947
8344
14766
1076
13898
2774
6548
14310
6382
5192
10782
15704
8535
12802
1338
2951
4216
15105
3263
18143
2565
7279
18506
190
11112
7451
3520
3763
13231
13870
11045
7411
7710
2773
11872
9976
17163
8896
6213
5937
9241
5586
1223
11341
18309
6544
10500
5577
2291
3150
4642
13030
8340
15056
7316
10127
3812
7780
3225
6666
2200
9835
9678
5358
18184
2617
1586
10258
8373
961
13855
5444
5276
3044
5964
5487
15637
19892
9756
1656
15208
9875
12211
10347
9082
6161
11258
7578
19726
15492
3961
83
17691
6856
2627
15359
4335
19315
3656
16850
18514
5402
16286
12393
3073
1444
12629
10686
5639
9092
19869
17331
1233
13336
233
12062
539
1258
9021
3452
16418
16061
1136
10792
14196
4280
19825
4050
2583
18189
4663
5626
3543
4932
1831
12812
13840
12347
216
9028
6757
5483
19841
232
12135
17766
3912
372
13119
16099
3757
14812
5926
16580
18578
15658
9961
8500
14039
19105
9169
4463
9604
12330
1734
13817
4861
6026
341
6274
9843
13733
9239
18691
19042
5395
578
2111
2280
12994
13794
2284
2604
8225
17831
18986
11012
3271
10639
19989
11007
10308
14231
8545
2731
8873
19227
15478
3845
8715
5183
16368
3072
17147
4789
9015
8359
11443
16495
9838
10606
14920
8812
7201
14170
12560
13426
10415
5165
6787
3698
1848
8986
5407
11692
1958
11605
10610
16905
2799
1211
16181
1384
3622
7591
16623
10801
7943
19231
1356
14512
5839
12667
7570
12557
837
18709
9064
16916
7401
18747
7526
1911
13979
12599
19598
1219
16063
19819
8794
9760
14098
14949
6923
375
10946
19076
9888
17234
8690
15488
14702
11669
8087
14409
12272
19394
14640
14875
17750
1686
192
10464
16720
5802
8195
13275
220
1450
7810
7773
11895
16593
17985
10414
7505
5369
6229
11879
9940
16961
1857
14509
5406
3955
14379
17514
14870
4475
3395
13972
1478
10263
7365
7308
10701
2046
6417
292
19564
13556
17146
8566
1445
8009
19941
14448
15317
19314
19212
4479
17928
12364
5488
7655
18039
20002
2208
11287
151
1113
19399
2783
19838
16829
16927
13615
9075
14741
19512
5094
10304
13578
11963
9047
6058
11477
5940
5551
12096
16037
14460
9228
1525
11592
15138
3064
6136
4930
12679
10961
5479
4018
10723
10950
14611
18788
5498
16058
14156
13769
17611
17879
3759
1141
8450
15991
10699
16936
13144
11065
8257
13674
9789
12071
19377
5784
16783
6203
15553
11715
18096
6360
17043
1846
7366
5172
16890
14868
11539
6408
6889
3010
7835
13218
4188
14646
18234
11973
2573
19485
9286
2912
17697
10473
2432
5914
10986
2438
9441
13504
2315
6232
2820
5286
3374
1623
15521
12184
2856
17406
92
11035
11915
12965
17987
17242
15635
3345
15321
8918
2185
13086
4227
9423
2056
16465
14319
9681
11375
2387
9103
11654
19026
19149
1308
10569
16448
14966
14780
2362
6049
5789
13080
16209
2265
6649
11508
15030
18347
12387
13079
3275
7674
17297
4736
7730
1354
7537
3141
18492
6453
10999
11998
16002
8553
2824
2039
4649
16464
5743
9559
14570
1406
8176
8721
17066
10543
16548
13928
12313
15546
11033
14394
13350
5786
4084
19442
11278
678
153
3375
2305
18354
4609
18142
16686
17488
3575
9926
18270
8552
4388
7025
3773
13936
16132
3509
9519
920
3797
15809
16271
170
7092
10371
9289
10643
2551
17141
5106
124
18988
4766
12762
5480
17134
14175
12682
641
17337
17569
4889
4474
1143
17318
1776
12292
15855
19362
11883
2944
11394
6592
3563
5232
10370
506
17869
13104
5892
9096
17529
8974
19949
13845
9384
7643
2576
8616
14692
10867
16894
18392
5133
18584
4899
15202
9854
1880
9210
13569
3284
18104
1596
9420
17258
17226
19466
15171
17827
7753
12766
8467
6267
14758
19698
9934
16026
10523
6409
14887
4816
2874
9156
17138
11926
11566
16441
4085
948
180
12747
2776
13513
421
3140
18637
14612
2908
13738
13627
17468
15724
11912
16816
4541
13721
11054
17475
8964
12100
9135
18076
16305
5411
11055
12251
19401
3939
15882
16647
16248
597
11940
7893
6578
17424
6750
5168
10715
14483
14414
15998
2196
14228
9229
12736
16370
18916
6121
10925
16998
4397
3841
15528
15015
15471
14250
12130
2002
11830
11562
619
5652
16124
6395
9085
661
10006
5193
6340
5535
5662
3644
822
13539
17993
14477
13861
19914
527
2857
13221
14734
17603
10089
18129
14406
2663
14696
4522
13652
2471
14841
13866
109
7878
5443
19297
1994
8375
4256
2814
2242
15318
7734
17087
14191
2069
17901
10819
10138
4230
8528
8577
16123
9618
8893
9930
3744
5327
19662
17816
18953
9626
7944
9141
9088
6826
5530
11687
12300
11465
4678
18317
19857
15347
9902
17866
14677
951
8869
1137
7275
1486
12259
389
3824
5144
4738
9709
6978
19999
12898
5710
1540
17966
896
4098
7468
2368
2029
19338
7386
4553
17652
1512
13927
17952
7255
7431
17591
11231
1407
4319
2960
15942
3864
4530
19623
16230
16586
7595
9951
4285
12660
16385
18284
5893
8824
17561
10799
10285
16091
19679
15001
12765
8138
2801
13263
5045
18515
6847
16301
17973
12743
11212
13334
19891
11391
16480
9004
3796
6893
5453
18901
8022
4978
16041
17951
10980
8317
15981
14945
8390
17422
1545
5351
15867
16307
12690
18112
6597
3050
18301
4895
8914
4111
5072
8695
18982
19329
630
5109
6510
4756
17478
13288
7397
2472
2302
7982
15898
14632
11279
14088
11551
8258
427
4820
6964
177
10936
7872
8457
3127
12627
3725
7192
11099
2886
18952
4288
19050
19267
15711
14900
8190
2724
2729
164
2915
8987
15239
10044
629
4997
3805
7720
10331
2927
11898
17455
14419
4482
6527
18852
9600
6003
13326
16812
16025
2629
693
664
18992
6875
13548
9885
9727
11996
12513
489
18936
15411
2067
8845
18626
11235
13454
16219
19198
3120
19476
17641
9138
2597
16648
3038
5342
16270
809
17492
6921
18353
10346
6184
11985
9950
9576
12403
6436
3580
8122
12169
14687
19551
881
1060
7922
19557
5847
19221
10608
6695
5060
18232
13040
19982
8262
4569
9089
6529
13745
18590
5032
4621
19001
14976
17462
18812
7107
11971
840
11044
13677
13174
18236
11361
5792
4849
19923
6484
12236
17154
7561
11339
14817
729
13987
1519
7540
18569
12385
1103
8209
6866
3410
2469
3891
8296
9410
12818
2721
7367
4357
18293
15734
1999
10871
10524
2217
18564
6779
820
6115
1239
11439
14869
16187
10034
924
58
7743
7356
7579
974
2696
14665
18166
5356
18297
17940
3540
17671
5324
1494
12678
9258
10469
10568
14015
11616
19330
11395
8012
8789
7069
17225
12266
8324
6226
13432
12233
971
6097
6465
7641
12709
11116
14189
19988
16365
8653
11087
19960
6603
16858
12517
8713
2292
622
19484
9874
505
10412
3393
3063
9747
10530
18882
17519
13695
11163
18591
10787
13267
17033
17828
8184
16675
11347
12628
7400
2550
18322
10250
2591
13776
13295
1730
10505
208
4252
8699
17813
15042
11006
11531
3986
19303
19127
15619
15186
3215
14967
5613
4290
14051
19553
11740
15495
9281
11513
12321
12009
4646
17545
3564
16794
9158
4117
17040
2004
3343
2220
14332
3694
12187
268
6237
15539
5887
12559
10601
5030
3203
4567
16535
1516
18137
9531
12117
6991
19620
5634
17806
17796
12443
17888
3714
10410
5766
18540
12535
12714
9837
1370
3030
139
6187
18117
8737
5679
11105
19853
2426
1249
2828
8406
2418
17373
4080
15617
378
8367
12074
6086
6563
14709
2515
2789
11317
11798
2800
1194
18328
18260
6929
13278
18491
15235
14392
14437
15116
3996
7975
6428
16357
1556
7394
672
8648
15681
7186
12500
2667
17062
17787
8797
4001
17900
11011
10222
12952
12755
4108
4652
12019
18090
10382
10878
4701
18950
7545
6197
19418
18846
13113
18085
4726
11815
13642
18662
9494
15621
11501
13647
12086
4454
12408
15525
14072
14246
5993
7115
17789
17602
13103
19443
958
9294
7156
16807
18700
1847
12832
5889
18278
5157
8902
9627
18696
2322
11941
2282
1813
5523
12935
5191
19481
11805
983
15608
11777
8816
15214
14289
18861
9350
17620
10882
8099
16722
15148
11079
8748
14794
12822
10481
1441
19269
9120
5787
7244
7418
17942
15664
18141
17110
17644
14996
6545
18823
3299
5377
398
7795
8656
5049
7207
1944
11503
8413
3188
7127
19813
17628
6928
16379
18498
19352
1873
7562
8725
4208
4970
16995
16086
10307
7248
13045
3617
4856
8463
9968
1343
18006
17859
15894
10332
9205
7916
6015
5915
8822
19738
19012
4981
4987
18013
3447
8182
7245
2892
10873
5522
10037
10133
19706
10655
19364
16513
15490
17127
1521
4893
472
9137
9178
10758
16779
19245
7035
15498
10348
16556
12392
13826
6287
4984
5755
278
18857
19925
14756
5426
18197
8454
11169
5170
1255
13125
11867
9890
13970
15136
7946
6093
12042
4865
636
9334
5005
19681
7985
7298
15319
8447
17779
400
6344
4582
11599
4185
16105
16477
1100
9680
11886
12792
912
19716
586
14614
17735
19809
11261
682
2819
9792
13464
13008
14491
10226
1284
8314
18734
20045
3556
15978
11063
17542
18446
18426
18032
17639
18365
11131
17405
824
3273
17589
6697
3357
3700
11854
6748
12856
8642
15398
5509
2543
17257
16682
15952
15988
12224
7045
18042
13782
17651
19177
4206
15153
12830
5758
14128
1449
1560
16707
12468
11484
1055
10812
11420
19215
15775
14006
19000
18000
13360
13743
1310
9591
6035
761
11460
695
15452
7512
655
6198
14327
4809
19625
12286
6609
16021
18574
16373
8430
4750
6530
18311
8497
14232
2745
1318
9504
3762
511
4199
2640
12866
15715
9087
10287
12343
3817
5604
7498
566
6734
16304
16668
6120
16993
8233
13544
490
7036
11814
15807
6986
12104
11388
1550
9170
6012
9063
8144
16313
16388
13284
15229
11537
16127
1523
7479
6704
5768
6758
4455
3630
13155
17634
15999
4496
6864
12936
15893
1482
13140
4933
7448
11452
12311
5930
11422
390
11851
5024
11523
2643
16020
18086
6351
3736
3160
18089
19656
16155
10605
12402
9730
3408
8835
15710
12974
5008
17990
9349
1166
19213
17769
12799
12554
9397
5693
3058
9463
6439
6105
11969
12781
12144
15909
8622
6487
9071
786
560
12699
475
8471
18614
18167
18742
7715
7954
16835
15811
19370
4314
13532
9042
5649
752
10862
13063
844
17599
15506
11259
17516
18887
3426
11700
4913
4355
8411
7993
11624
8098
12022
14874
7265
1599
6064
19162
8282
14069
2537
15205
14528
14777
7825
8232
9027
16276
14588
18825
5503
11067
18115
12716
1582
15684
2348
6801
8492
392
18064
4170
13359
2641
8887
5328
2003
6057
17151
20032
8927
6612
14254
19369
6506
2179
15058
3134
5648
6917
9509
17029
3371
4744
11240
6915
5805
12770
9818
1870
4422
20013
12768
2909
6430
647
14647
8587
1361
7652
15558
17173
7997
8958
3060
19251
7677
14186
15484
7925
3109
5066
14615
12860
3056
18843
3266
6647
15315
10217
14023
12504
19562
18712
7438
7870
789
18740
11307
2933
19807
5316
13860
314
19206
5308
6684
19828
11264
1888
1217
9354
10870
4630
6593
10604
15409
2337
11702
4709
8930
4105
1484
17308
14981
17673
8985
8054
9532
7914
6927
9321
7717
14168
3135
14757
11373
7733
8387
18581
15126
18414
18723
19285
13260
5593
9035
17453
1590
2685
16663
269
6512
3421
11812
17625
7110
544
16057
13511
373
19751
7858
1849
11502
9659
12661
7304
7984
15680
9923
20021
15489
15555
6788
10041
8007
1272
9803
10911
9499
49
15100
20008
2527
19046
8905
18999
3439
9829
15264
13707
11541
8955
9558
14426
14951
16436
7281
10302
6082
10030
7633
8801
377
14259
16944
1057
12697
6368
15466
12953
3352
17571
4951
12575
17466
16937
15364
19978
3740
514
18759
4819
4526
7317
4539
7801
2821
16531
8114
2246
3603
1771
11781
9339
5701
13440
8325
10744
9689
6957
2396
18866
11238
13812
6419
11729
8378
17021
16440
18061
9543
3098
14067
5904
17126
17506
6645
19645
7162
15022
4283
18494
11661
7361
14095
12181
6300
19786
7465
9799
5781
17842
19560
7492
18862
3420
15615
677
3450
12691
1894
669
15111
9957
11804
10938
17387
2911
13995
16683
5056
3230
16089
17898
2601
4563
6257
5310
10043
121
11916
13157
8770
7716
1324
16537
18778
10904
13111
14619
9929
18902
11047
3152
2816
5189
19493
5413
1919
9451
10652
15858
6678
13671
11836
18863
59
2236
1487
2198
3677
986
7699
3070
4570
591
12491
14765
14546
11808
12548
12526
3583
13167
3960
8422
6536
13508
345
19546
6399
1635
8306
17692
10017
15871
2704
3941
4839
7685
1598
4492
5220
19382
6388
1087
13752
2353
8576
13368
13236
15109
8412
7432
243
5063
2834
5961
18488
11631
4317
15987
17439
12673
18628
6827
17275
7942
335
435
6021
15761
6556
4107
17826
18047
13871
18639
12298
10323
3531
2624
12809
15162
7859
1417
15443
18834
2460
13720
16646
6939
17155
13921
4940
7673
7256
6721
2383
2830
18192
4707
4025
7735
6687
13514
8954
6883
10885
1286
16693
19171
7765
19084
1452
2405
401
11595
17720
15969
8480
13023
11124
14808
10995
7491
11056
16705
526
4310
12040
8071
999
5528
3333
10186
11346
5233
10417
13865
6806
11726
5175
8052
7814
17263
14125
13549
12834
13128
14086
9901
5719
2203
711
17132
9242
14093
5718
11550
19082
11857
8685
12061
16532
8703
5657
3613
14074
4278
5776
4071
16814
15844
18993
3539
18944
8811
10240
10579
8392
8784
8130
16608
17296
10010
19011
8683
4506
11703
19942
19192
8486
562
14028
19888
15192
19655
13196
15491
14204
2388
5983
16822
15712
18156
12875
5313
1123
10204
6719
13503
18649
16578
18282
8941
8077
15890
932
7709
19658
16959
2897
4141
14527
2490
3069
3601
16252
324
15383
19798
4489
3158
19583
13121
2609
14864
18050
7499
2990
14663
14889
12247
18401
16069
605
18456
15853
10901
15160
15454
17286
7599
8939
1503
1885
13396
11880
18980
4346
3444
18222
15253
15006
13839
18240
19465
16404
7970
11008
17440
17267
3832
9478
19987
1424
10913
16484
10068
3165
13524
17320
10817
18530
8328
18909
11553
19740
12428
14579
14434
12124
1828
2257
10807
10011
10201
12763
174
6188
15445
4293
12601
14356
3584
4160
2345
765
19232
4197
7846
18391
7842
3662
4131
11494
11843
8073
6261
16958
7961
7453
9126
6377
2539
9743
14159
6816
6298
3489
2766
4898
1676
2676
15390
6890
19220
17868
15901
701
13459
13099
10130
13688
6429
4003
7851
13095
17436
12091
15260
10548
14290
3749
12210
6985
6814
10900
4850
2138
16008
9768
3434
6689
12017
15251
18215
9864
19122
19590
17219
7254
157
17593
9303
4851
11058
11197
8525
15304
10157
4349
14388
19894
2645
5894
4604
8726
17139
412
9705
14856
7364
2512
19510
16177
14724
5120
5295
14847
13925
10213
14853
9863
19832
1938
3456
1693
10743
5725
12605
15782
10193
5400
15582
6877
14404
6381
13956
8436
538
1187
4311
5399
18752
14285
4885
4104
2038
1566
18122
10056
17858
16182
12646
1651
851
6329
18531
15377
15087
12255
1998
8606
10040
18777
15225
56
17520
3048
19344
3839
17941
9057
1761
18509
19275
12401
15982
13725
12013
4746
13272
9000
7120
8571
8434
6163
15351
4718
14548
12429
10770
18968
19792
4724
42
14271
10972
2181
11944
18911
18380
9168
6365
4234
1162
19375
4791
19057
6124
7460
6579
19271
1485
13992
5117
16781
16645
18116
8965
18792
10205
6765
14045
3004
547
13605
15276
16311
13117
3604
43
9314
17034
11576
448
6742
6513
7483
7550
9115
792
7950
10746
1146
6980
13756
1261
12610
5432
13570
15926
763
9517
7856
6648
18620
10781
17853
7533
7796
18783
1352
395
4402
12134
18708
413
15727
4297
6837
18031
17823
14535
4243
17008
14236
2076
11753
3093
3446
17447
15633
9997
12939
19085
13478
19313
5936
10814
8019
19640
1779
16545
9808
13536
18627
3311
11165
14397
4601
10555
1040
3217
12360
10019
11314
17595
11708
18307
12996
11365
16852
3775
14180
438
5015
13208
8199
5080
6558
16727
13444
4198
9172
12265
7205
11924
15940
3599
5571
9999
14363
19977
18330
13118
5842
733
15018
18642
10708
845
7253
12223
7718
2528
5860
18554
19526
6255
15008
2052
18208
22
11041
2852
11283
2511
7630
3486
11239
14047
9093
7299
19777
4911
8461
16073
17352
9251
15709
18298
13981
1337
1183
18333
10206
546
7707
15408
3994
101
7117
1129
12076
1977
15634
4414
18471
2654
10939
20020
9710
18125
7552
12503
14904
10273
19855
35
9611
3792
10169
4731
16204
16413
12877
4935
9161
10474
17945
8362
13791
3647
6294
4245
17165
18133
17157
10254
14211
16674
1049
4023
245
5540
2769
11335
13262
6691
13410
3493
19452
7896
19326
13261
17947
5427
5464
3278
6456
10149
1069
15813
17232
19702
8039
8709
14475
8866
3705
529
7706
17820
14401
13205
1273
8807
16403
126
8168
6240
12277
6818
17175
15053
18795
6150
11762
10833
13625
956
12312
1126
762
11597
15020
7828
15829
17510
5888
15144
12133
4629
823
3467
12518
19190
5840
1432
9966
4578
17631
6642
15397
9403
4645
12456
15989
9845
14784
3659
2277
2552
16965
9956
7334
8216
1787
7873
15896
17914
1483
18250
3157
9336
16322
11833
13181
8673
8254
3835
10395
185
14344
17442
15412
12324
1061
3028
5416
6302
19185
19444
13895
3666
9139
3709
17841
6879
10320
2747
6507
1973
18906
1912
4807
4426
14593
8889
7434
2815
5268
12874
9323
7180
10212
7311
10517
7469
14444
14217
4826
7691
12881
5303
425
7811
1382
12574
10224
13297
15732
15402
15851
18505
3522
13912
7898
14052
11098
18673
6190
1322
15373
6865
19650
18804
11547
8313
10670
3784
5698
4916
4561
9080
3637
1862
14789
15880
8808
10175
13719
3724
10711
7849
17704
7098
17486
13252
16325
14559
8605
9301
755
3634
4462
17758
9795
2022
14208
300
1699
17907
16308
8948
6715
12824
17353
12721
4000
11031
2430
7263
14346
10484
13497
16897
2674
14554
16753
6166
7048
16157
17726
16791
11467
5900
4060
8131
7607
3383
803
9024
16591
6278
14012
18349
15275
17053
7523
16525
8610
15861
769
4441
6931
15675
13716
2648
15032
17239
8827
2332
4972
4028
388
18894
17836
4143
9066
16330
11965
339
1646
11613
7474
2945
10677
1133
6995
13439
10160
13084
8783
13227
674
10317
13402
16175
16921
17105
14743
7514
1529
16846
9529
2516
8228
3080
8916
11988
1606
2742
4505
18856
15783
19008
5826
905
9922
6014
9119
8291
7488
6355
15919
10582
1567
5636
5459
18100
13724
8307
13355
11419
8672
10857
17834
17477
6164
18973
1718
1027
19498
19589
9382
8279
6778
14910
1325
7427
10159
13304
19095
18949
4798
15241
19111
1541
11666
12544
18465
4665
9764
680
2736
12510
13731
8875
745
5681
4783
2107
8876
9816
19412
2866
323
19715
11233
2650
8462
10897
4276
4583
17389
13604
4327
13491
7818
10712
3747
1073
5281
11522
11919
4400
20049
13053
13088
18526
10075
10188
3854
10042
18310
9870
11792
11658
4597
19917
18675
13590
7375
4041
17012
4039
4780
12732
16470
4708
12589
15011
16090
10970
9819
11400
19006
1029
18537
1510
14569
5475
2372
15672
14034
9749
2189
15685
5822
6092
18522
463
12325
6185
10823
14001
5097
17160
13632
15822
14040
1220
6650
11377
3224
8172
6313
11359
19593
290
14386
16126
18467
3874
5194
17179
14472
3582
14652
4232
8982
7175
4047
12063
15284
12098
13949
5290
145
17680
18586
5135
19859
6907
918
5278
12913
12744
19970
5075
18733
18848
16606
4519
12119
3903
581
16048
18666
3096
13120
618
9030
19102
1883
643
457
9183
2489
13280
8508
17161
1311
11773
14600
14813
7171
15324
5383
12847
12631
19503
10237
14624
9238
1413
16264
20041
19789
12775
15944
16626
17121
18489
13930
9714
558
14581
2045
6402
3057
2740
7081
12869
10585
1090
6537
11227
16672
19447
14041
16101
19462
486
11511
903
18450
8377
4732
2178
17723
9996
18267
17216
9686
14761
11126
17
19166
14708
19358
16355
13332
8134
1323
904
9797
3011
3354
3071
3985
913
3293
17760
2206
295
3619
15996
2694
12719
2904
11754
12977
6550
254
16796
10718
11524
18385
13165
1708
10148
16680
19208
17498
17312
15640
4167
284
15247
18388
19312
16754
5932
9830
16027
2559
13597
19469
7686
5143
17359
6582
14764
8629
9306
4957
10431
19249
829
4999
13204
12692
12219
16667
1970
11543
5980
3665
7752
16095
4735
334
9793
12250
15895
18443
7287
9070
6019
744
3211
6076
3133
19511
13378
11977
10902
7318
17649
12031
7133
13576
1418
19068
1456
367
11860
11162
9440
17638
7875
9304
8058
620
17926
1814
18611
16059
3752
5769
15579
6617
1473
9282
6259
14468
18508
3031
14149
5027
4774
11506
4605
9196
2541
9644
18587
16785
19292
5379
19405
18885
14560
10842
9716
16160
11285
4871
17018
7569
15108
8469
17741
16930
7868
16976
15789
10865
5986
12145
2687
14430
11735
13622
3967
13803
1032
8734
831
1620
563
8149
16688
5855
17448
898
11990
10570
3458
1212
4132
16687
19669
2595
3696
2008
5708
17981
1411
15877
3768
14873
9432
2391
9974
3270
15962
7034
2148
10811
10084
6250
2281
15787
4717
4359
19186
9277
7138
4511
10617
15237
4065
17739
5913
6604
11707
9483
17347
2853
10771
3171
7692
10416
8919
219
12264
6054
14144
11732
3623
10587
4260
2656
12372
12981
5827
12701
4763
10137
14929
768
12493
2219
14309
17221
15533
261
10757
14303
6948
4062
1997
8008
7802
15729
19525
7571
16734
7933
7503
12630
14690
2286
1182
16429
1446
17394
6842
16755
14707
62
2498
1833
13428
10401
15027
14216
15382
17247
17731
11200
12704
11157
13029
10571
14336
16345
13052
10294
9596
6587
9118
4914
399
10933
18695
18308
7688
4624
19899
13594
6551
18357
6218
9180
17890
8343
16340
450
6895
19976
9641
6366
5277
13232
8758
3592
362
11297
10912
6292
4631
14432
13028
12449
5252
8994
17661
1791
3512
14543
18634
8823
3319
3719
9129
4007
13472
779
6372
10306
18185
16950
13565
3774
5749
6478
19567
5350
16599
3917
17026
13823
7500
6149
14487
17362
5575
9906
16947
14838
13951
7790
3741
14418
2124
18012
13638
14994
5034
6189
5933
3760
14613
4067
532
4847
9910
10230
8921
10830
18320
20018
16925
8767
12297
5582
18507
18595
3979
12206
17399
9006
5541
14360
1754
4259
1225
18833
1532
5825
15927
12085
1539
17878
17615
17010
11807
16064
13990
8575
6951
17964
19994
7177
19804
11504
270
1293
18348
2829
13906
18713
3145
9806
23
10775
19741
11210
7055
1062
7494
4381
12138
13953
4330
18815
16153
9772
16590
8484
3397
6031
19845
9253
7513
3627
3359
11423
6918
4938
16657
14837
2917
4225
10118
7687
12536
4544
8798
8639
6768
366
16854
8132
6738
5601
13628
11089
15587
10768
9279
5362
12612
11393
4525
3998
8445
2451
14962
3771
12469
8688
7704
2096
4912
16873
130
16592
14950
17370
18149
13130
10423
14488
6154
11649
7435
7781
11203
7085
13885
8384
1151
10841
15618
10545
4821
17703
12137
3100
15557
17047
2614
1713
3117
4457
15616
9335
15526
748
1980
14783
14181
16836
47
13427
9736
801
18617
1197
15007
17305
1920
9859
18685
16676
4655
19467
17894
16820
313
14826
11844
3482
18407
11766
18653
20003
8059
6423
13682
119
10581
3454
16698
3047
12729
1722
18577
19636
6291
8356
13630
11600
11565
14030
4867
8539
10444
10214
4612
8086
16400
18478
4802
18172
4389
2668
7647
5093
16502
17262
3322
12890
14203
4154
10009
16804
15869
4100
10220
18272
3459
10642
8476
12464
8743
3296
16941
13541
20014
9928
11121
3356
4711
15468
15868
19730
18971
8245
16792
15121
2669
13422
14608
15035
1908
16819
17358
3427
17236
182
17027
7676
12149
15127
8155
7454
4806
18583
16564
13648
6599
9614
10498
241
8076
1275
11921
11208
12488
19456
11799
2047
3717
9631
3987
5949
14243
18517
9625
7785
4860
3926
1082
14942
13225
11544
17115
4181
3974
20005
9824
17118
13241
11546
16664
10124
13757
16522
2967
3023
10967
2152
13709
2709
10312
6674
17338
5959
5732
14530
19099
2151
14301
12525
18019
17419
5206
12521
18697
10477
14568
9465
14456
13434
11721
4399
433
10944
15360
8474
7227
15442
18688
3937
17159
11743
4159
19996
17153
18598
1244
7772
800
13737
19327
10614
10236
19363
2015
6367
2563
728
8294
14064
6841
3148
10411
19523
7964
7179
10471
7520
12561
5879
9734
9986
9763
14726
14882
19690
10074
7787
12687
7751
9511
18374
19729
2683
19794
7330
18566
7243
3035
12346
10052
5142
16932
19347
17042
7588
6871
9342
4058
12280
9895
2466
18216
4554
13466
3124
3218
15598
19933
10366
2394
8246
14291
3301
10722
206
4228
11699
17912
12308
1002
4054
14286
19434
14342
14549
8031
12390
2406
524
4534
142
19039
9865
13985
3826
19840
2818
17856
16581
4144
15831
6781
3799
719
16203
10806
11981
2749
17240
646
9542
2190
12728
592
19579
10450
19137
6891
19753
5697
16918
14522
4204
9814
19074
4682
14678
15741
9520
4312
14520
12241
5260
7864
17458
19700
901
11932
7667
8762
8625
1366
18101
11273
991
5548
10922
2514
9287
13154
5607
16963
10763
8558
14490
9018
12641
2922
17215
17729
15723
2310
4331
16200
7824
6311
1721
6887
3778
6258
4263
8277
17213
2921
13445
16926
10684
7650
15385
17656
15689
12804
14105
3608
1159
17381
7766
5372
15123
9620
9634
5374
7314
1874
12893
12533
10407
19770
14163
8271
12659
10929
1177
11134
8795
19155
16618
5834
16251
17579
11765
15570
3992
4977
7233
5985
17662
7000
12668
19587
10173
7905
15701
2080
6077
17158
11379
5785
6107
12920
15394
17839
5043
18338
1008
13127
9177
18874
3895
13552
19441
19092
5640
5511
13301
13748
11135
14499
1860
9939
10478
1290
3022
15009
18395
716
6018
8223
9481
11904
16258
10253
6440
6673
16460
342
8732
638
13797
16911
14980
19477
516
15224
19460
10496
17191
2905
8751
6070
14673
11207
5012
16043
18464
11282
9740
2422
18199
16938
4993
13438
865
5848
1786
15309
7731
11130
14326
1117
4471
5264
5101
16366
13530
9774
4082
9887
887
17366
6858
9439
5525
7969
19979
13076
17365
17959
7712
10914
6053
11775
2811
12173
10319
14385
13785
18072
319
12887
1039
13279
17461
3597
13091
13617
5996
13872
6619
15120
12261
5978
17074
5370
15659
15416
12930
15751
9858
5261
11734
7700
6967
3281
9244
12221
13602
19351
29
968
854
5238
3527
9980
4509
6661
17765
19255
7679
13074
12339
3139
15257
8427
6570
19278
10429
16384
17443
18990
6751
1583
17374
12859
12816
6134
9401
4095
12586
18444
19756
4009
5357
16266
12685
2061
12041
5226
556
18475
4142
13765
6030
10354
1023
4945
18955
18065
13713
18741
9638
525
6325
4137
3287
18285
18940
3948
18913
17950
9276
7321
4470
13211
10413
12867
1949
467
18253
8976
12810
12638
12710
5703
2887
10310
13011
2001
5545
19709
4632
13172
8951
8975
13408
12858
3729
4557
6522
5478
1269
6192
14759
1359
6859
6125
3819
2255
14077
5433
15933
4432
17862
3883
13424
9508
4593
16853
5381
7130
843
3488
15828
18872
8449
18362
17364
2359
5833
6324
10706
4083
13772
17756
19657
7328
12238
6770
12331
13908
5388
1517
156
1731
443
8173
14601
8978
5122
5650
19967
16261
11718
5128
16014
4240
12540
5100
13784
8761
111
6872
4202
14302
19022
17418
8584
15209
17259
5001
17895
12632
13224
3847
14622
8935
11003
3635
5700
11436
10647
6627
15185
5684
12978
2364
3971
1172
4306
9266
19174
8056
16550
7528
2234
15034
720
16240
6733
16888
12350
10349
144
5828
11110
9811
8348
13542
5874
2174
2691
14566
13651
19920
4986
8255
9691
3648
1668
5492
13106
5421
19128
8453
10015
9469
8185
16503
9992
19425
9165
15654
5248
9612
11570
9745
12644
9842
5677
12263
18455
4742
4184
18722
1782
18669
15180
181
17829
19535
16118
16084
730
12756
17097
10288
175
8491
1428
933
12050
5186
1498
5437
2231
18382
685
815
1698
14760
7974
16337
2593
8425
2031
11118
1467
19815
11542
5754
16690
11896
16328
15060
14226
12863
17073
5137
6549
12505
9834
8260
11101
6777
9491
18580
10538
19073
10266
6519
1679
369
17104
2581
18814
7295
5212
10321
17918
8546
17500
19732
15595
19237
4752
3628
4658
1659
272
14585
19110
13566
14011
18845
4427
5394
14129
7918
13601
1863
8428
19641
635
10211
10578
3105
16984
13423
19997
1615
8057
8080
7384
11514
9283
9828
13675
12165
18287
2884
10525
17316
13142
3793
6263
12420
9932
6047
14376
17319
7129
5865
9017
10612
8601
10937
13789
3975
17702
1011
3132
8564
1327
14380
10065
17655
8531
18879
18003
5185
13973
18262
5702
14328
7261
2214
19932
12735
7172
1930
4046
16137
9362
7241
18919
16316
6994
5507
19260
751
10728
14932
13346
5187
20019
5410
7608
6405
13025
7132
15102
13786
6658
2092
16320
14239
2941
13584
4762
13051
17805
4831
1279
14429
18794
13723
8659
17345
16250
9140
14594
10038
6217
9616
3550
20046
11048
14447
16350
18224
19009
19905
1670
10852
14143
12868
9144
9134
2444
18766
13270
17039
8451
7203
4797
15967
3364
8800
5322
5534
6387
19229
6568
3674
13768
13841
9010
1158
3190
4421
17946
2975
13222
572
15565
5352
1167
6538
12584
19408
16431
2300
17923
1910
8874
14785
1818
18345
13512
10948
14598
4171
5741
15648
18903
3116
19320
14167
2902
6321
329
14364
7325
16281
1563
7698
417
14458
3721
7420
20017
12706
13836
14886
2980
12556
14497
13115
14150
14060
5031
10804
11488
5734
16510
2499
10154
18462
17915
9925
6454
5898
15000
10895
8832
18728
18077
11445
13813
2689
967
10440
10671
15101
5585
6767
7495
2571
9778
14973
19305
9133
7396
5462
17905
458
15089
8415
13515
15716
11928
19432
19161
198
8681
2416
7369
3332
10144
8585
8700
7748
13649
2642
9460
8236
19727
15343
1927
16632
3040
19773
7178
827
10292
16149
15774
6962
18731
2194
13356
551
7999
6001
1416
16295
12419
18822
8649
16773
6869
14120
17935
10565
18292
15388
14398
12983
3780
19851
9
12256
10232
6725
7123
6316
14553
1059
2035
9635
12948
9083
14644
44
3950
14343
13476
9551
9222
7333
11036
6533
4452
14136
4625
19191
15638
10123
19145
10665
5508
18654
13924
6693
10119
13837
17967
18750
998
17301
13387
10679
16382
13256
16978
7658
7714
4148
8671
17122
10991
6228
18960
13753
8250
18774
2989
3200
11540
6955
10756
5997
10152
894
9755
1088
10583
16161
1022
13131
17664
2636
12460
3167
8200
16649
4395
18883
10179
5256
18721
11579
4891
10120
7886
5017
4423
14373
1732
8513
1149
19378
12054
12382
7585
19108
18268
9603
12837
8247
9663
8620
8747
7137
19755
615
10957
18082
14157
3837
13732
2349
11558
9458
17079
12289
4527
12411
6499
13857
4168
2594
5595
10368
16946
15314
8922
5460
14321
7589
1454
6319
4748
15043
10049
14132
12634
18372
6222
10296
4754
12895
3927
4436
18139
17931
8804
15441
1157
15458
11202
13238
4051
15017
2036
4267
10797
4947
2973
8383
5573
18453
5676
11639
12373
18403
3779
16870
747
14946
6694
3007
12908
6878
7406
17830
4897
6343
11072
2946
6493
1858
13635
18701
8735
1630
19373
16367
666
15834
11516
14956
8707
149
6898
8405
5092
3534
5014
5099
8740
6309
1056
12941
9233
5234
5181
10559
17091
9765
12916
9296
3919
5289
5967
5655
1237
5505
8512
12352
9243
2028
12164
495
15325
18402
19950
9981
4011
14941
19359
3297
10788
8137
883
14609
8167
9363
9822
16765
9049
14396
19573
1266
10918
14550
3295
1500
4129
3323
14654
14990
15959
16450
6763
16641
63
8538
6216
1915
1178
16218
13654
6492
14142
13421
46
19783
2622
3173
17224
4590
17751
18773
8863
16197
9935
13546
15356
9993
15124
16919
1189
7521
18897
6096
11168
2670
8004
5073
9831
9385
9486
3138
9073
8448
13832
13112
4976
6639
5738
7379
4122
14691
12386
19993
19345
11366
8442
3551
7557
702
6749
6475
1192
8521
279
15361
10290
19964
7755
14556
9911
19826
18899
6620
18576
2335
16595
4695
11683
2937
2079
8309
11302
2419
11179
2710
17807
1775
5147
102
17785
3495
6844
16191
13997
14277
4229
2733
2429
11255
14753
11318
17978
2299
10461
7273
8731
16907
6462
12565
15524
2454
17996
13194
14333
1564
14038
16275
12012
1756
1772
18533
11533
4661
16135
7140
5384
5759
81
2448
17924
7437
3013
3838
14238
12114
11125
19703
11776
10026
5995
16029
6333
12180
10600
8573
5461
2899
11617
6616
10178
7612
7547
9045
19284
10607
4596
19568
2977
8763
7031
5064
12274
8055
12914
11585
12185
13465
9685
18327
14666
15835
19654
649
20000
5991
16113
2707
15201
1054
6349
2340
5938
3226
13449
14348
657
1748
15355
10495
5104
17487
1000
10459
8711
13624
2443
5952
11305
2392
18738
19130
3409
16239
10690
9195
8420
1859
13867
12932
8943
660
7530
14501
4777
15884
6314
6654
13932
13800
11930
10861
9182
6152
5723
15092
15934
5923
15371
13255
6884
5583
2172
8572
18366
8374
19691
3338
12654
8482
10850
1811
19189
7646
16093
19052
12368
11960
18068
7568
19387
11974
10513
3362
16309
7995
2057
11276
11933
3262
7572
13188
15588
3379
1661
12618
9427
17278
1902
12992
15464
4523
18121
16669
11226
11581
7139
16154
5314
471
16782
2146
5071
5881
10337
48
4364
15375
11150
15320
13915
16306
2272
5746
11778
17497
11864
10164
6036
18873
12356
3850
11170
16876
9029
6759
8249
5728
13309
17587
9011
7538
12906
7339
734
16338
19676
19713
2355
5797
1175
13276
6696
7778
3405
8774
18557
11918
11362
13901
3843
1372
19096
15434
7638
3363
123
4671
8593
9173
8490
19771
14722
289
12011
19424
9113
2086
14998
16463
10547
7082
10898
12724
7096
18711
4294
4909
5617
2458
18853
336
18418
18430
9208
11927
14258
477
20033
1685
14260
8218
1688
1553
128
1808
14821
9562
8679
19693
19739
14300
15750
11062
16321
8932
1804
11074
18299
2415
17969
18373
2876
13616
135
11696
8281
4516
10102
805
1715
7303
5288
6147
7908
10884
6044
5798
12309
7566
6971
15069
2785
5911
17378
16622
470
13085
9697
15611
13044
16024
975
14988
4996
1723
7148
4538
14902
10651
6562
5846
6111
3766
13966
19289
806
17398
16279
4056
11016
5456
7362
18519
16354
7210
7895
11451
17167
12522
1213
19332
7106
20035
8934
2859
4699
2175
1033
1830
12798
12213
18648
7290
8742
8385
10362
14815
2638
12658
2060
6464
7624
9390
8186
19943
9416
9694
10090
3221
10661
12079
11356
9394
8744
18258
14408
19357
12018
16542
8834
1458
8263
19372
3312
2308
15436
19529
19153
732
18687
1005
13220
6110
596
14682
13612
3306
1321
19901
2778
12067
5222
14493
11316
13560
16408
13487
6500
12391
542
9624
3223
1647
11221
6729
2058
15245
11609
14807
4728
4790
5863
7768
17413
19780
16242
2647
19946
14829
13659
1410
1381
1991
11865
12026
2582
6935
5667
3742
3758
18001
12873
3561
28
17142
6919
3000
12214
2652
19724
7206
2720
11813
5244
17014
4644
6389
2468
13473
5709
13016
11936
9235
3477
3680
9125
13645
16246
7935
15337
1513
8654
3515
9417
4772
15564
7080
3848
8981
11189
5159
5334
18181
16555
9944
9718
7380
16602
12940
15129
13882
9825
4187
7027
11081
2706
12496
4841
1477
19131
5146
12421
19552
9679
16439
19871
3006
10443
6509
6910
5296
2637
5600
9355
6371
6342
2898
5908
3381
9405
7833
2952
5132
4138
18415
11386
7963
9541
7930
12052
4568
18461
697
10985
17183
873
8001
15234
7581
3908
17976
8855
1256
10219
15973
18835
431
12882
365
4333
14057
10318
4906
10700
16582
3415
6103
14089
6303
10487
14431
8016
4931
741
16830
7408
6908
2675
10438
12848
16717
2994
4874
12084
6855
16490
12307
3423
17577
19622
8694
15389
14471
11909
774
11574
4620
8148
301
4743
10086
1388
7760
10054
8302
3954
12523
13489
16744
14162
12015
1705
1067
17332
13833
4360
2940
14102
7409
14938
19294
16228
6773
2376
9278
18529
16030
5258
1474
13886
11301
84
10993
3014
18896
6665
14626
5367
12611
10549
9068
7879
10778
11303
10087
6711
16462
19451
3316
9802
8608
19210
19193
13184
16032
14027
12174
16576
12609
10859
9159
18547
20029
1496
13123
18881
19992
3304
17408
1762
9530
4299
482
10546
12506
14145
1367
13375
2479
3406
8846
18405
11713
1702
5752
12415
7063
14867
4378
6483
12463
4594
9844
12016
3400
11299
11183
8733
9682
12680
6476
15678
11500
1451
5086
18558
4147
10145
8401
6282
18567
993
6182
10981
16565
2752
2759
11234
9751
8516
756
17328
15743
2726
17395
19426
9309
16614
9654
13348
1778
3901
16527
5882
8674
14253
9197
13847
13658
14184
19975
17484
1053
4782
53
14151
754
17633
10309
7252
13693
2360
7480
18596
2961
13637
10340
12304
4651
19228
13887
7882
8419
7625
12828
12577
8908
7450
5748
13114
1535
14182
14952
10831
14786
13001
3969
6737
4096
10231
10163
7988
1333
10107
19968
2932
3560
2618
19470
14517
5231
14451
1796
19578
16787
112
11139
7854
11608
5344
19167
326
11367
19692
11602
6669
15187
7390
5966
1307
18543
19391
18763
12431
17698
4465
18134
10283
8097
4710
8536
15878
15975
1034
18963
17249
5011
19361
16380
4900
7721
6041
3844
24
7947
5364
352
9548
14972
1329
3337
6068
13266
3169
9876
13919
9095
2171
1568
18605
15133
17627
5675
5672
3920
5023
1086
14513
9933
15630
14315
9272
1610
18276
10134
6431
6312
18660
15054
14628
4375
12980
10940
3062
17303
8723
7077
3704
14424
3504
15677
2611
8636
2833
17933
15852
6831
14618
6200
6913
19614
3114
6435
11908
430
485
10976
7737
1292
1330
18027
18448
10360
18118
6977
16483
19120
3605
17531
8997
12499
15078
19323
11171
11296
12829
19896
15662
16111
5493
8335
6441
12949
370
14307
12182
18119
15249
9428
3728
796
2413
6002
12991
3570
18257
19318
18771
4123
15305
14222
13940
169
61
16533
5237
20012
7863
6954
9839
6341
13367
10446
14736
9408
11897
11021
15928
10741
9815
15575
13470
6637
2461
7541
19561
12194
5899
8188
11645
3084
7727
16514
19356
8048
11023
17711
15857
7264
9204
17922
9868
8977
6746
14705
698
10097
2271
15475
2436
7424
19406
12919
15603
8597
9038
2074
1140
6541
7724
12226
11894
15818
6215
10080
17451
3688
13510
14187
2160
17755
17809
6584
15508
9247
17902
17181
12075
7242
16134
4037
19695
6201
12201
19916
15366
15075
8523
4720
11268
11322
19072
6116
14993
14538
215
6275
14773
17837
4799
1576
15419
15718
13722
4460
8776
704
6992
13710
8988
3151
4008
2803
15161
1152
1687
14727
7272
5830
13209
14928
875
7808
14247
3745
17148
8150
7476
18073
18023
16601
18502
17202
16438
19971
6774
4318
10364
19266
10590
6886
14272
11549
9938
6618
16547
16553
10597
16039
18893
2317
17325
18726
6256
15155
8933
16206
17023
18588
4988
5179
234
16824
11653
13146
8818
14241
5554
6726
15175
14244
4787
10552
9918
14793
2050
16747
11532
10071
12625
154
6401
19678
11080
469
8957
19061
10078
13766
10095
8478
5859
14476
18922
5934
509
12196
13004
12451
1749
19411
14885
7219
2657
6315
19325
3237
5819
3191
15352
9507
11922
3037
5614
11712
707
9337
7061
9602
476
1654
11942
10809
941
8813
9081
13607
6518
464
18026
13778
3372
10060
1360
11102
5293
15752
11412
14384
9762
3083
17124
10221
6716
18140
1188
19058
16612
18160
13075
9544
14209
16006
12796
9729
2137
17953
13062
17174
16500
1014
18291
14249
11193
4853
1110
16504
14489
4595
4386
15259
10620
14846
2134
14169
6857
13717
12088
19151
11250
14921
10794
17612
19299
12846
10650
7613
9702
7517
17574
4628
18037
3875
3441
5666
17055
12604
18832
17342
8879
7555
12528
18194
3877
5783
7259
8312
7738
1156
2621
18561
10442
3870
15455
12590
8403
4356
1066
9779
12457
2117
15216
917
8116
1207
12909
7920
10840
13277
18545
19544
12738
7016
19474
4443
11046
6959
2065
1758
17801
6305
7590
872
15620
12569
13429
3377
2347
16805
15725
282
6761
3416
6950
3294
14879
12840
17944
1447
16282
11288
16152
9084
4667
2085
3829
6739
16827
7218
9862
2110
18105
7956
8498
5047
2661
15936
12359
19566
16217
631
17264
12534
12676
11665
583
19784
8227
1950
18296
19621
1420
7338
6020
4116
4453
5875
17536
7229
7414
6712
9777
11405
19580
12433
3402
19884
10468
6208
19517
13705
12662
230
12853
963
6901
5408
9722
6304
7877
16256
11538
13894
1800
18335
15993
14270
18610
9880
16284
7845
9525
5632
3521
16359
3147
5403
15796
13189
10691
9356
14890
16107
2579
11678
4086
1106
17090
7155
7187
18286
11010
11194
12876
7028
13798
9810
10622
13643
4767
15717
10845
11028
8146
19927
15387
12023
17678
6080
18152
5670
18664
15929
4420
15726
6952
11768
18920
11989
4510
13213
50
3946
4024
3573
19298
6671
7843
11017
15277
611
17315
17028
3265
7708
11757
13935
9539
14616
6675
3101
9285
9108
14492
6564
10745
9977
4196
6179
9653
14854
7228
11323
5895
11705
10702
6822
3769
189
7917
17721
14818
502
19718
13407
15204
14137
17188
17279
1471
12614
12188
8993
1612
12924
18621
12626
16170
14655
12039
16673
19264
18046
11161
11167
15207
715
18227
2806
2544
6744
1746
19295
17323
6546
2154
5717
830
2976
3973
8045
16223
1983
16133
8592
11956
2055
17185
3593
3440
18343
11014
12956
12702
147
19487
19710
1824
15503
2930
1825
8664
19396
12296
6123
20007
19126
1683
9236
6975
11280
7020
2588
4201
5062
18370
16486
159
4918
11628
7232
9188
18684
15336
12578
382
18246
10749
10452
14965
16229
19958
3500
15626
9695
17556
10889
11659
2397
5345
10316
6202
19555
14835
10673
7277
14720
8402
8072
15066
2920
18484
3303
10110
13313
4097
11637
17501
17696
6590
15302
3156
13608
5273
8772
18111
11849
315
4090
18650
7992
9533
14557
3193
3115
10887
4320
131
14802
10115
14739
13425
4114
2843
19790
14824
14282
17479
17983
18782
15613
6752
16317
12270
285
6212
13282
931
4614
19985
7066
6386
12348
16540
16013
17803
760
19644
11192
7554
3853
2370
12283
2173
2402
17550
15722
9673
19531
17730
14617
13881
7990
13999
7987
10350
18544
8785
14252
5724
16249
13124
16178
13013
19643
15430
17861
9299
2934
10241
10094
10637
17208
18153
11673
19633
4811
5110
17616
17564
13946
9237
17592
8322
183
5521
4832
18933
18878
14470
4936
11950
12567
15269
9366
3833
6005
12555
14525
1750
15768
4222
1196
2493
12761
9487
9058
1652
8549
5864
5055
14462
3576
18010
13939
1453
7632
9470
13758
1098
19870
7622
11382
14171
19148
3836
4549
6171
5318
16144
13703
7779
17474
12273
11770
18638
19087
3257
4495
16879
3711
8349
12369
12734
7183
5569
19010
4371
8226
13443
7657
15690
12202
13690
9490
8864
5412
2692
9171
18608
16910
5138
1592
17491
11458
227
4598
16767
568
11744
4537
12993
5112
10791
8738
5058
14141
8352
6982
4937
9175
907
9784
17089
6438
15096
6155
6998
6183
11478
7725
9179
17341
7791
5729
15571
14840
19505
14955
9737
19929
264
18434
14407
19253
6404
1906
9537
3334
15706
13909
15079
4348
18340
16136
14701
8078
7919
11184
2040
266
540
18034
17260
14930
12132
3523
18280
10291
13446
3002
3391
17336
13352
18749
1016
4659
6963
16396
4566
8040
550
5425
13516
4552
4155
1697
1729
18994
10194
17421
4490
4640
4712
2365
3365
9886
14106
8924
11449
146
12990
19032
13482
14281
4038
19343
8517
1216
1437
8221
14830
16589
14586
5812
8455
9298
14474
17482
996
6285
8331
7580
11153
16120
19507
411
13273
9389
5368
8727
14742
13461
19116
13485
12444
9160
717
1495
13685
3795
4063
8960
5838
18618
1448
13736
8650
1634
267
18083
1020
1872
2434
3123
0
17268
6346
16831
10931
15622
10192
8082
88
8284
14085
19236
17036
15784
16847
17095
6
14511
6520
246
7300
16435
10436
14225
6713
15691
12711
5434
13323
1868
3528
676
14288
18786
18983
19272
1770
2476
5013
2487
19877
18592
4845
14206
12232
16833
10866
18259
18818
3355
3111
12923
2488
19348
19728
3646
6415
8926
14537
12742
1928
18518
15606
10472
1891
18254
5338
17024
1785
4326
3016
17773
8382
5951
12340
7060
6497
5156
13259
9444
10837
14580
10264
14750
4014
2869
7563
1320
423
3982
11350
1966
9333
4694
5935
1336
12490
3945
2620
11953
13035
3791
12077
13897
12815
7915
20036
9348
6764
17530
10560
8298
2005
2755
13684
18242
4967
6459
3830
12694
2763
5124
12530
1855
11611
7157
13495
7926
5190
5546
16211
2719
14094
5067
1505
5946
2491
3914
18033
16333
8061
4195
10567
6332
17099
17896
19005
6466
11846
7030
18131
13984
19642
8561
9200
7697
14261
19291
8507
16797
4192
2992
13533
16421
17283
317
16763
8100
7965
1174
11987
8269
8612
1533
15803
19837
13302
8520
7923
5669
6508
4205
18235
5417
18969
1497
10829
12197
7616
5335
14694
3594
19945
17273
19588
9573
3214
16585
1415
16479
16751
8398
13807
10835
18981
11655
6265
6448
12008
6540
4140
9568
15753
6414
17471
11418
16482
12779
19682
17825
11892
663
7068
6832
7212
16060
938
17271
6631
11720
7211
18341
11578
9510
13558
10140
15682
10326
17932
10055
10108
16461
17541
16319
7087
5747
12276
1793
5302
16164
14058
11976
6393
10398
9468
18127
1835
3934
16536
6974
14876
16757
3743
8586
9352
9628
16196
8501
12028
3382
19437
9766
5868
1580
107
4128
10802
3777
14959
16617
13257
14221
9411
3716
1613
15825
15067
14899
15651
12579
15992
5788
16874
17414
2791
8256
8105
828
283
17526
18468
15338
6243
16620
8351
2369
8615
5506
14737
16237
17821
12806
11548
16259
15758
15994
5380
9505
2108
10776
7670
5793
16437
10437
19889
