18898
18354
7208
19717
18675
16053
2247
7289
18115
4729
19417
15981
11421
5084
8706
11103
8121
11967
10296
13806
9119
3945
1034
7932
3371
18567
9053
3305
16424
5710
5459
10713
12036
9700
14689
11325
2407
238
7811
3259
14250
11977
15335
17016
10795
17422
16524
4112
6584
305
9472
17132
3250
18086
13948
9170
7631
850
12418
8871
9314
5576
15528
197
9020
14245
18113
16779
19375
4344
13723
19277
17372
9246
20013
1216
19957
9288
12015
998
397
4601
1229
7418
7028
11852
19279
15296
16206
1512
11354
2009
7760
17742
19447
302
1848
9547
7737
18200
15043
1644
7022
19074
8113
352
13554
19987
2996
13934
12832
19348
3854
15765
5950
2420
7313
17788
8987
10316
17705
14593
84
19656
12600
6776
513
5093
11800
3097
4550
1617
15577
4874
5313
16655
3896
17723
2477
16624
9679
4757
14385
4834
9104
5609
8375
1761
9169
13730
349
8477
568
2641
254
17463
9766
4702
5877
5938
648
12887
19293
13728
10144
12960
14237
6973
18128
14397
1332
7058
10418
750
10687
16109
6401
16935
12926
13885
15180
14896
3501
1643
7900
17604
14599
4846
262
11932
11155
1317
4440
1942
6403
13146
17378
3836
7272
13402
183
12161
16765
19239
1131
8076
3414
3597
7282
15809
14841
10201
5804
14481
6046
5463
6008
7337
13197
1375
13582
1772
17095
18668
7296
3882
2317
12547
19245
3221
14506
16780
5948
13490
17928
8764
4142
7257
13553
4365
16740
17504
4823
15764
11603
2288
10602
540
343
14339
6232
11672
11115
4819
1438
2587
10213
12617
8837
473
883
1963
19935
13145
4726
7617
16684
14791
15369
4202
17839
19813
2147
2426
4160
17933
6948
7829
19136
640
3019
7362
16499
13801
18000
8166
15139
12911
665
12326
2089
9466
10568
15176
10024
4585
5266
16759
17730
8427
14203
19680
4885
3180
37
8864
6180
19371
2727
4460
5298
19956
19998
15993
4691
14794
4009
3234
35
8165
19300
17746
20004
3996
6984
12560
16719
2618
12242
18851
5701
5715
19376
19145
18582
134
8305
9480
17628
17313
15269
3099
11403
12816
19895
770
4646
2792
13114
15949
16023
7814
1148
16871
889
13680
3147
14304
5211
18098
1461
1368
10336
19623
4842
2023
3316
17563
4666
5907
11380
16451
15824
3671
1653
5717
4642
17598
3715
8270
4572
584
18123
11832
8148
1628
15915
14406
10081
6956
18754
10729
7717
11148
11453
3586
1929
11256
6587
8135
8098
17297
15456
203
17748
4902
16114
15447
13863
1124
15600
6317
565
7399
3100
14578
13981
3617
14286
13372
7146
1938
17230
16275
15792
17470
19606
6275
7619
19292
2607
12481
15599
4527
16590
13743
4632
8584
12042
1298
15816
6812
16438
1257
1024
14052
5234
6376
15737
4818
5254
11562
12261
2481
18327
9516
15850
18550
10313
18694
11689
5835
17916
6740
16769
10623
7384
10089
13445
8261
10515
11274
18738
11228
139
6220
12139
2807
3062
2846
17649
3274
3641
2437
11415
1366
185
15527
16558
16658
17769
276
16605
10397
6986
2772
4346
8469
6053
2927
17391
17528
12367
16687
5649
4760
6981
13397
17395
9515
16118
15606
5339
16645
9023
2913
319
17873
12087
10708
16823
5471
12783
19804
5088
2469
18243
12000
2746
14469
17307
257
838
11769
960
19290
11417
1049
17046
625
9109
10437
3752
13983
16533
470
2698
11563
18118
11058
4864
9752
5979
8279
18341
3073
13987
4381
11807
3381
6347
12468
9538
13273
8622
1404
8033
19169
8445
5592
2912
8264
12898
11177
10057
9114
13920
19917
9426
17848
8110
9925
17537
3417
10944
19483
6404
15674
3164
1649
13916
10257
5295
15602
14459
15657
12904
8542
8309
7102
14272
15622
19229
641
9154
18699
1823
5800
17345
11225
3310
17354
2934
5684
1028
4379
17219
9843
2801
17097
14927
9948
7474
14904
4872
14122
13732
16014
19879
7537
19433
13974
4493
15327
19405
16801
3983
4420
19911
5738
15333
6737
7037
1112
66
17896
2022
14740
1281
12082
11329
16965
14154
13557
11995
16489
9190
2902
9965
9988
7572
11053
2333
5446
8721
16019
8943
14804
12381
8602
9807
4203
12987
913
3465
9173
14096
2509
17965
526
5753
12825
18906
4388
3088
1138
9654
360
6834
2078
18483
16919
13414
7787
1978
12153
119
6803
5202
12794
13994
11446
17924
14046
6585
4815
10335
10492
18816
12275
15143
10061
1199
1771
3194
168
10773
7470
5873
15337
7610
17765
12253
10085
18941
12457
14028
10398
1382
14423
18456
11123
19795
13300
3093
10892
12354
17072
4827
3373
12334
5760
1056
7291
5557
9479
12810
6271
6125
6627
813
16307
12012
6544
10503
19208
10115
17696
18025
13236
14882
18100
12013
13334
15313
8547
17693
7996
4686
10561
14727
18398
1396
17614
189
19715
11782
5868
9551
10007
9421
10852
4245
15827
8669
592
16020
11371
7527
1950
9798
4138
12525
14795
3683
13926
15736
16997
14246
3801
15326
2246
4671
1217
1641
14644
1269
19830
4225
18117
3758
90
8117
7342
8145
10094
8231
16372
8223
11990
8770
8785
3144
4505
10366
6518
92
3004
7871
14454
7147
19992
3943
1125
7386
15304
16103
6331
18752
18603
8396
4244
6751
549
13610
15999
17343
6396
5044
6778
19739
1185
1860
4317
7260
11847
1736
9985
18054
9336
3191
3491
11841
16809
7789
6165
14541
17464
1749
12235
18390
17953
15844
15084
6354
10736
420
18262
6055
12476
11369
19480
13933
7891
14534
19817
6334
2261
10323
16814
15001
9661
10834
15375
8506
12353
13265
9434
7927
14830
4845
2027
16055
15746
7611
12461
16364
13877
7052
5972
18849
17671
7245
14572
3104
187
17760
19633
5158
6314
5628
9224
8854
5290
12998
984
3662
15105
10565
16064
16419
11452
11675
853
9544
2449
7536
17943
7543
5742
2329
10744
2758
99
13407
14128
3876
1273
9455
4778
7273
8276
5614
1449
19404
16900
3170
5380
4697
6207
5497
2218
5661
4299
1279
15323
2789
10465
14256
6953
12632
18756
13491
19811
3008
17198
16680
7778
17011
2172
15719
18085
8044
17168
9164
3051
12276
9230
10021
19005
18835
19031
5494
13931
6242
4591
7092
19664
15032
17927
7724
10985
9782
3032
6321
18644
10970
1575
16541
18012
745
8918
12603
17805
932
14726
626
19142
9643
10719
4412
6056
2963
1594
4066
9483
15847
6092
11405
14873
10247
3052
9144
10348
438
9374
405
6701
11547
7889
19188
12806
4759
11481
3174
4610
11779
11703
16928
11924
13663
6704
4545
1640
16539
9774
6288
11031
2682
17266
11590
8766
15617
9660
1331
13979
17637
8780
17908
4481
15757
13558
16253
17191
14935
2848
3762
12781
18543
6107
17884
11349
13064
844
8814
15110
12992
6036
17430
18056
6124
12057
18164
240
3651
1838
16642
14350
9648
15778
15830
3117
4978
4577
5441
11506
19580
3485
1033
12262
15350
13883
9701
2115
12289
16985
11531
6047
13229
16297
19844
5541
11094
14654
2167
11569
147
8254
9449
7539
18848
8052
19966
8187
17910
4533
8161
15476
3515
2754
7114
2238
9323
9280
16849
7433
11813
10743
5720
1728
13782
2555
3107
19120
13716
15120
18539
6115
9092
905
12752
3152
7714
14058
12602
1819
19307
11365
15902
1663
4940
4679
4922
11601
12064
4597
5551
9418
17664
2628
19099
7758
13851
10926
6399
12248
6002
17790
4057
11987
18957
5914
969
2132
1435
16326
4098
8600
9197
104
7440
9237
9043
6712
11701
7557
19185
10572
12745
13604
10604
16305
3304
12877
18900
3570
12884
9750
14910
17285
6989
16556
1765
4086
12763
16667
9565
5915
2886
16129
4335
6794
12499
16885
2274
18419
1847
14778
7210
5476
10586
11201
16232
18282
13690
14130
17500
5275
2610
5855
2448
8245
2737
4111
19040
2049
7598
9975
3934
2813
14470
5898
18162
19460
16907
14217
167
4019
13459
16550
15654
2939
31
15232
3451
10760
14675
3864
322
17697
9071
477
2568
10156
5218
5965
4616
13296
4426
10961
13014
15149
12870
4210
10580
6827
11842
4813
14844
1533
4372
13450
2891
854
87
2325
16379
9511
17675
11543
3136
13423
15733
16185
5941
18951
13661
1358
13551
8285
3796
19688
17658
18839
7088
16724
2780
13691
15751
19982
6342
20036
10169
12451
4181
11194
658
9514
3023
2129
9165
7094
8897
449
538
12407
8698
11885
13198
16163
10655
4532
12836
2478
6015
16564
9091
7235
5467
16445
2378
10848
10242
3121
6306
18140
12662
9684
3090
945
5346
8312
703
2095
7445
14390
8178
12260
18565
936
677
5530
11843
5167
10182
8720
9928
4082
3029
387
18667
5966
11293
13803
17180
16239
18528
14766
19970
8304
4219
10292
7069
44
2689
1251
17491
4732
7967
12524
14080
18290
3861
5367
8520
15204
12749
9724
13461
11538
17636
5406
7915
6197
2221
14752
14493
1746
10707
401
1222
9771
13936
4476
12181
12759
13206
1516
5324
12068
17134
12019
12356
7294
12531
14630
7264
8762
13627
2346
10431
11492
18267
4522
14450
4121
17978
6786
14418
784
1589
327
8835
8046
9814
18045
1208
9993
12842
106
3545
5439
140
13245
4167
14404
15934
6763
15202
14598
7233
11719
18889
849
17240
7804
7258
2241
3185
6728
3807
3994
17270
4452
10034
15995
18479
16345
18566
16948
11802
1412
1934
16694
6414
19475
13457
18425
1095
267
6383
2038
18796
17019
10204
11574
3261
5483
8598
17010
12143
10273
6946
13319
5830
7533
12559
19816
14371
13355
7157
13573
11096
10619
17433
17902
8193
16775
14725
10390
12462
9105
2125
14557
9603
13386
10755
7707
2783
13776
18581
17209
17909
293
14363
6416
16258
16422
7992
3397
16707
7517
2284
12944
7488
10989
2968
6500
4459
3534
12226
9208
19651
16143
18207
5777
17783
15520
13388
9577
13596
17712
2991
13641
9211
4776
16848
15025
17166
15109
8201
7295
18181
6394
5646
10664
15068
13602
11085
12091
17408
19800
18204
11350
14111
15748
7301
17737
16701
5357
10771
11815
3669
18522
1057
3916
18352
14039
4941
8243
5239
8986
2337
3141
6089
7922
18817
2319
13127
13763
19976
18516
929
11619
2151
14796
1920
10062
7671
9704
2644
18335
6081
16988
16535
15640
6614
18468
15103
19184
736
9696
4122
6573
2768
10230
415
10794
12059
5809
6470
12311
9378
3309
10461
19588
18063
11276
8370
8505
428
9002
14777
13842
16199
16735
7482
5225
3998
9072
18089
4516
1158
15832
11791
9906
188
7781
10509
3443
14399
4773
8038
915
16031
17236
16644
18459
2186
11372
4504
17973
7417
6365
2200
8124
7574
17371
12366
6860
8026
8364
2250
2926
5426
11573
11568
13686
4093
3410
2585
13822
19678
8311
8384
18710
6286
9923
15131
13844
18107
3649
9186
19558
14478
8812
4928
15478
17032
19791
10699
12571
6144
4967
16110
13193
2429
2691
10012
10464
14869
14195
2776
5758
3217
12981
17767
10788
15586
11261
8153
17175
11972
13163
2227
10745
15030
3160
6998
16449
11783
6460
11095
7254
5418
12021
3020
14147
17689
5410
3268
13775
5271
10270
9414
13213
18785
10962
14754
1502
18149
8597
153
12800
5049
8824
10329
18240
4784
12071
2567
18766
927
7708
14198
10218
3514
14409
14859
2714
18422
15094
1505
9685
14019
3969
571
4162
12358
1809
17254
7601
18878
10055
17129
11526
17169
19200
11822
3463
14365
13204
4929
6339
4979
10179
3560
2153
19690
16791
19527
15433
12286
15394
16789
69
6980
8832
5687
3908
2730
11715
2286
19675
12047
5037
17754
6378
18230
14963
1015
532
10210
18967
18431
17210
611
14202
17281
15062
10063
6788
15076
15552
15828
9753
5511
7290
12779
2254
19901
12211
3791
16474
19476
19910
8236
3687
12009
18628
8682
19635
7354
2190
2270
14649
7851
11922
5126
1448
8577
819
11757
13906
1219
9137
18130
7975
7767
18533
3237
2773
12440
13961
1919
2570
14626
2584
2365
2972
4980
4279
11954
17661
6705
10404
17791
4318
18389
10883
13463
18948
5408
18347
10381
6448
19765
19235
2112
13609
18869
7003
10052
13840
13177
6825
6
6443
9265
11725
13688
5848
6427
8741
18143
6367
15233
15573
18109
16285
15653
6366
472
799
7622
12133
6774
3496
13313
1672
2557
14827
6337
7373
10822
7633
9329
628
3523
17553
2504
4662
15865
17618
17488
8571
5046
6477
13504
8735
15623
11042
11985
19428
11093
12348
8125
10409
6975
14979
13270
13212
17145
17644
17863
15315
20021
9576
16895
14234
4738
19723
11248
15018
14208
7031
11321
13178
10102
14902
4730
843
2663
13172
9549
13328
13745
13173
5670
15829
15547
9528
9492
2809
3402
14196
7170
17945
4917
19063
9742
11098
824
3982
2859
5787
13662
9484
8
2617
17558
3799
14692
10246
13191
14318
3370
1161
17021
15223
2338
16374
6141
2084
7672
3511
5398
8886
2875
1609
6964
12653
18445
4099
12791
13592
15408
4756
8461
2146
9729
19296
18945
3114
8562
11390
6150
12672
10671
18627
1915
6238
5520
9572
2347
4391
15645
6638
816
1748
5369
7627
10
11185
14911
6534
4468
12506
13464
15948
18947
8290
3060
19628
15590
1414
15503
10721
10433
2620
19669
4665
9622
5605
12732
13960
7251
15693
19749
6116
15760
12296
8239
18828
18289
16300
16351
11751
12210
15862
17306
10715
17642
18325
5285
7084
5525
701
12217
13040
16290
17711
14973
16632
12335
13626
16281
10694
13165
18137
2925
12231
9007
17104
6583
13650
16592
6244
3367
16734
12717
9312
624
8341
17822
6080
1849
4243
752
18884
18355
15523
3432
19933
456
16953
8882
9341
11674
1694
13598
18666
5414
2265
3079
6916
6661
8609
3840
9206
15267
16385
248
476
17226
15963
4064
1407
5409
567
13487
13589
18406
17120
9855
3958
8887
17505
15631
16615
18254
6784
17801
2403
10530
7685
15230
15051
9541
1707
4218
6746
13786
2404
19047
18673
3692
13694
18337
7437
17139
4894
18193
15258
3832
19102
13115
8535
17060
8203
3927
3195
7592
1578
805
15122
10137
2229
15469
11322
13534
8063
19691
10477
15024
8575
2580
11909
19701
13788
9534
1004
2137
6999
7873
19464
15419
12518
8320
7355
9101
10566
598
1319
7229
8025
11761
13643
3074
13789
18762
8408
18671
1788
825
18938
14157
13875
4306
18743
19802
15168
6693
2436
5858
18706
4427
18790
6070
19531
16949
16268
4095
9665
17702
11057
988
14067
18194
972
7225
8048
9377
9400
13505
17250
7522
2724
18133
6688
10810
3034
19366
10071
11824
5881
5774
14127
11723
10904
11545
7939
15026
2524
2869
2986
6010
4528
7220
9342
5784
2416
9185
18733
2395
11138
18271
6432
4418
2271
18496
14025
9021
3001
15089
11443
13280
1659
11205
12035
7000
18336
2144
6914
3053
7976
10167
4982
8850
3770
3860
14134
15437
18016
4743
2660
7690
11288
7946
14446
6725
11387
11006
9507
10009
15198
14037
2987
11844
16225
17776
11895
10590
15102
12639
17674
4371
17403
3056
12819
12428
19898
7423
17517
13588
2864
12608
18722
4946
16837
9606
16462
6493
10689
14413
2410
7365
806
2558
17111
7206
19827
7600
18561
15087
18028
4438
9837
9382
1440
18286
12222
18719
3519
7139
18488
15092
15682
8914
5249
12695
13003
4873
9425
505
7773
3564
9940
1570
13341
11567
15414
19838
9025
2530
8651
11942
7332
7508
13826
11552
5840
15596
11294
1155
11911
8310
1094
9863
13997
17242
13586
5464
13891
15205
2743
132
11101
2814
16768
2863
12051
12489
17529
9864
8075
2275
13718
2881
12196
12156
13329
14316
16342
16513
10516
1935
3858
3684
3607
16302
1475
10945
11209
11158
11595
5791
791
6559
9757
5821
4933
5204
15038
15073
14775
16368
17678
18377
4164
2651
4444
5466
11897
18252
19794
11420
9891
11886
8421
19415
18441
13793
8277
11553
18037
7632
11366
1016
11317
12590
13668
16494
5852
5375
17444
766
1987
2225
9094
18042
16835
8111
13462
18409
5087
6431
3581
4355
8601
9556
13669
6009
14269
14769
9760
10620
18214
1804
14115
16387
19315
5978
14477
12552
14463
17887
12776
3727
4911
2005
2018
15383
3415
10353
3614
1224
16824
17379
1464
4607
11485
7065
4432
5644
10987
6151
3474
10114
6421
3493
13682
7262
19555
13099
1063
445
481
1374
18306
9885
11626
7650
8761
662
4350
8567
408
14952
2525
6170
6198
637
8728
10279
5247
17484
4296
1901
12052
7769
10789
9262
18887
2857
18775
424
7640
3186
15184
2376
3187
15319
3077
3242
17282
3764
16175
12438
12945
18794
10626
9191
18124
7023
9036
10520
263
4312
10997
2930
256
18908
19412
3729
13374
8256
15472
11275
2489
11039
9669
3214
11409
4461
6127
18119
2739
2083
12700
8782
2506
13154
14960
18213
19098
6101
13181
15121
4683
6012
7747
6950
19617
365
7212
10887
11814
10557
5415
18350
2355
10725
12044
8915
18985
6132
6678
741
18782
8352
3526
1515
12050
18866
18008
8155
7541
9692
11423
10856
11986
7075
18894
18504
17344
17833
7035
3406
4704
10084
6289
7892
9548
15876
13036
13549
14242
14253
16795
17774
15875
3767
9064
3177
14621
10783
18382
9533
16084
6259
11448
2336
5076
2236
5019
16978
19199
4546
9626
1887
14142
7076
19609
14228
13675
7080
4826
10748
16477
11048
12972
19092
1971
8449
4750
10379
437
94
3714
12329
12599
10950
9404
5554
499
17539
16832
17337
16652
11082
1144
6854
3059
11295
6837
18893
17380
11829
896
14427
18750
8072
4988
3967
3172
19942
4592
7070
5176
13442
3395
6606
8333
12362
19144
675
13498
6362
9295
14919
13151
2293
10053
623
6731
19367
8159
16464
2012
15566
10801
6781
86
8638
2082
15490
19206
6819
19657
9872
3264
4626
7944
18755
10913
15546
10633
19011
1293
11064
18586
17942
6497
19826
3288
7046
1729
14178
15905
10769
15211
18451
18182
19191
16969
12377
5081
18068
14943
13506
9721
15396
11107
11357
3737
8389
7100
13129
10684
18711
12875
18485
5769
3654
3500
18166
16804
2004
14345
5724
10236
8074
10775
11653
2099
11478
1764
1343
19524
5850
7713
13559
19522
18836
4125
11303
5006
14825
983
4101
14504
16580
16641
8009
14081
5593
16600
1572
18879
14248
5323
10947
2116
7121
12697
14818
8540
2764
3357
17886
10000
15279
6209
6886
9552
10232
9385
10644
288
3497
421
12160
17083
3554
18983
14201
19224
7637
5302
12003
3135
7877
3849
13241
19227
8468
1884
11991
5641
19645
5026
12459
19379
1354
19053
17225
7740
7941
19599
11393
12921
14806
2252
5269
348
10722
5905
1981
5488
19091
17991
9734
6131
11510
16486
13481
13785
7109
300
5214
17327
8906
6903
16219
11851
174
9460
17821
1065
13859
4747
16904
1952
3498
10600
7302
10466
17755
10029
10899
2838
10216
15214
12447
13804
9275
15866
13183
12575
14166
11203
4496
18007
17552
11041
16423
3422
19698
13548
9881
2690
2385
5002
19378
3323
1106
3580
15689
10784
17740
7111
19763
7323
11432
3711
11609
11165
2696
1590
621
9125
10004
14513
614
1188
14276
16178
16056
4581
6775
5899
18610
3975
18417
2744
7008
3659
10859
6867
11257
8729
11540
1486
11150
14346
11412
5338
3344
1922
10450
2109
12026
18520
19673
19945
15075
19639
8448
6904
19372
1619
6806
10340
19916
8262
1304
15869
5975
127
8822
6218
8491
17895
1432
18940
9489
7443
12934
4038
6852
157
3566
3346
14543
15822
19044
3712
16820
11014
3562
18547
13584
882
8363
8801
9772
4226
2381
5957
16987
12268
11705
1029
10287
13941
16261
7287
6851
4158
14961
19204
11124
12408
136
3732
14861
3070
3535
9258
19610
16649
15450
2348
12931
16568
12016
6228
15259
12317
4629
1698
8002
5939
2442
12470
13839
5709
18314
1961
1347
7326
5961
3412
7626
13175
1970
12474
15754
13246
13439
17732
10208
9769
525
5901
9927
14975
12141
5326
12655
11047
2290
3775
705
15093
7865
2989
13858
350
14586
6647
13460
18714
4169
17412
8894
12037
14105
9490
7705
4294
6815
2457
1874
19663
8725
3064
9764
4032
17596
7660
16171
10427
2062
16156
5945
18842
7202
12847
16259
10847
12977
19033
18984
14753
15262
3547
2851
12386
19924
19565
8574
19955
7749
14653
3874
15291
16914
12048
8103
3469
10451
19036
18526
15069
10317
14657
2230
4324
12589
7949
5536
7082
12940
8563
4384
2675
17692
18509
8515
17235
8028
15213
6371
14597
4661
14199
995
2974
5061
12080
1872
10820
14031
2408
5482
14797
7835
1066
8865
6344
8979
10424
19489
14648
18656
2791
13719
1508
2118
11296
1673
10032
4500
19733
7310
2648
7965
3856
14962
12116
383
545
14866
19246
289
16049
10016
20017
14357
16312
19821
11866
7110
3037
15854
15678
11639
16443
12313
2956
12741
19709
11746
8061
3663
11016
5763
15771
2295
11044
4918
19202
220
16131
2007
13773
6499
17278
10659
17897
11747
681
1760
2795
15423
12767
16774
14075
11100
3108
14106
6838
14482
18142
17388
15347
14652
15036
19796
16544
2423
15048
5003
1090
5555
7982
17223
9568
4026
13413
4343
14501
4097
9758
8233
11946
12502
15393
12536
17690
406
10806
1044
2882
15721
1591
11700
23
2379
2298
18657
19491
4216
8247
16554
5698
12814
6292
15362
14103
14161
17366
14602
18251
13759
7197
2072
13312
16145
12368
4824
10781
190
275
18968
5444
18857
18141
890
19479
8670
4471
6879
9869
14687
13545
3734
11760
5119
13046
16134
5681
9081
18369
4553
2899
6710
9522
6464
17716
5853
8453
3232
15248
15385
8119
2364
8503
18295
4003
1995
5136
3686
17773
9309
14970
6871
16706
18850
1852
8174
8037
8976
11697
12246
15243
9627
18272
3290
7827
11992
4053
6246
1459
10928
4841
11255
16654
19803
19027
7232
3819
19837
9240
15310
8455
14043
309
902
18169
11756
16139
182
15317
427
12874
5124
12130
6902
6406
8684
11884
8625
14315
7795
18554
11287
14713
4611
8585
13291
10070
17803
9693
7848
8805
3901
16173
1391
636
14956
9155
2631
14708
8572
5702
6631
5531
10977
8793
16582
15401
12761
14124
17841
13260
15082
4914
6093
393
8313
6328
19026
19778
17956
7560
5213
3301
8302
14704
10473
2505
8365
16479
14392
4134
3795
9067
16046
7761
13417
5222
16006
91
15029
16336
3987
10885
1051
19086
18373
5473
12152
17394
9123
3726
14605
4562
11128
489
17905
11827
3123
4055
13382
16947
16192
1248
11505
11607
3790
19519
13326
14604
4990
4434
16766
6674
4992
1832
6977
1353
4179
7361
16190
9084
15209
1940
130
17544
3642
3730
4367
11690
1227
8133
14551
19883
12098
20015
18549
5203
7246
15543
11994
18688
11230
16406
4421
16514
14738
18661
841
18594
5063
17562
17808
5161
9639
12142
10935
13451
12084
12833
8810
18465
5340
2046
14920
18530
17602
12597
13628
11868
11663
1007
9100
13837
7675
19912
2811
15786
18882
12144
2212
8473
14909
42
8356
19621
10401
14475
19753
3131
7047
14092
17703
11361
15088
4932
18004
11110
3930
3506
4204
10727
18950
2949
13006
3516
17061
15338
6128
13216
8877
15708
19692
2950
4936
4302
5286
19337
12056
11076
13186
7742
11090
11764
152
13696
8433
1191
14840
7715
2803
17497
3171
13739
11152
5618
19426
160
7962
18505
5248
18297
13271
2273
10582
4673
5024
12703
1655
7372
13283
16433
585
5885
6268
16201
16280
6562
787
11916
3612
9726
13733
18067
4386
11029
13228
15477
19370
8595
1752
9
14351
7485
13913
1676
3936
5827
8594
17190
6135
16472
9558
19564
16287
11666
366
15912
12583
10498
876
4641
5311
1683
12674
2220
10146
713
19905
6875
3925
7203
5343
18401
1982
18187
19281
11953
10545
3390
16671
19225
1254
2443
15592
10695
17029
9931
9878
2014
19170
15845
5507
6363
3513
2476
8712
9735
13619
13004
17784
1285
4011
6429
404
12398
9409
16411
17878
17173
7620
12025
4648
9276
9653
3591
2897
19029
15496
18323
4869
2210
15080
6856
2278
10299
13731
17062
9121
11105
19060
18256
16026
17793
2498
16121
1421
10872
13159
14021
14612
3255
5359
17891
10280
8929
9826
6016
11936
17880
3190
10861
2673
15992
15255
5128
11664
19965
904
14656
13962
10746
16079
11484
14061
12746
15382
16256
13857
9189
16279
14162
11399
10692
19719
5969
12894
8412
9372
14347
5256
1392
16453
487
11218
4807
9304
6042
8400
17814
6203
4921
11264
8100
12410
9825
13768
10875
11726
4231
7912
14395
5060
3532
6231
18927
15249
3129
5151
18298
2975
14302
15091
8217
19661
9903
8487
9298
3660
17950
11226
14751
16106
9574
13142
15465
11833
9557
13814
781
1907
18469
1908
2156
6616
2343
15768
10376
12704
9376
8880
7172
16036
9263
7129
3220
4490
8068
9707
5449
9311
11839
10001
10999
14883
14959
15752
13107
669
1468
3609
13211
13276
13569
14298
8707
684
1202
7005
14442
12667
11668
3738
15567
15936
7198
10198
18201
3426
12539
3628
5944
13339
7004
18018
16130
114
12414
12996
17203
3030
3084
4960
3425
18447
7315
19010
291
17123
13369
14449
18573
16606
5141
14016
10443
4622
13222
13345
7375
5502
6772
6011
16730
14837
19107
16065
7153
518
7344
6542
1147
11193
18721
4737
10610
5512
8719
18684
19869
13908
17385
15415
8927
19946
5352
2630
9475
19287
13160
19159
6525
5322
17498
9142
13828
6184
10310
5510
17489
19439
6845
2595
10447
2192
10039
3666
17303
739
1019
15196
8030
3900
9970
191
19249
7516
8995
4649
6206
15564
8093
3830
4455
19384
599
17771
12818
16341
16490
17961
13373
19193
17440
217
19257
678
4558
4222
8692
651
17862
16082
4209
4116
1792
12988
12947
16929
1670
5597
9644
8314
15257
10845
17747
15685
7271
2361
4489
16197
17289
6912
14233
8749
16136
12640
1469
7099
733
12299
7358
6251
4755
8253
17609
6236
12204
9998
12873
5602
12301
875
4227
14858
15046
357
4154
17850
11682
15988
9996
19809
18962
16480
17812
8219
8207
4539
16926
14407
10005
2753
4498
6202
13510
19396
4808
15500
2159
9148
6449
8294
12104
10843
11083
6648
17269
16579
10643
2681
15958
16503
5918
11422
19062
19968
17142
15840
15559
5925
11838
12284
19160
19876
3553
1336
13108
2967
9233
19865
77
5828
3314
10701
10901
17981
17000
14993
9143
1006
6841
19847
480
10378
14056
1988
9250
10436
9003
4976
19077
9989
16278
3867
18261
16861
14215
10896
4639
12173
19729
18321
9546
14584
10924
19194
1639
15055
13363
3783
171
1103
12014
18153
4850
3130
2662
8921
58
933
9840
20007
13501
2910
6385
14945
14576
13252
17573
19556
11559
3932
13845
12127
4875
1021
15922
3627
12119
8325
3277
14364
11431
18813
1923
12163
10854
1209
14502
19533
1793
2856
14990
5265
2234
4109
11272
14579
11470
9746
9004
14002
18278
4260
9951
15000
10630
17550
7395
10667
10276
1352
3595
12966
7211
12123
19152
14097
17326
12624
19153
6054
2181
14140
16396
6482
7472
18903
6249
4007
12106
7339
2180
11162
1327
13724
7712
6496
14192
17027
12566
3411
16059
9842
19486
9728
17143
8354
5293
7060
8738
2474
5361
11906
7561
3576
3898
1009
1546
10601
18545
7484
10597
5748
10826
15585
5133
10141
12229
566
19094
2096
122
1709
953
4999
19650
6118
17668
19357
13547
19466
12878
18427
3240
5296
14567
19006
541
10596
17869
7834
8848
6083
10346
5697
6831
7027
19762
17426
13117
9129
12077
9921
162
10842
9014
342
8694
228
3710
359
13577
17861
9380
507
18643
13900
16303
6094
2988
19741
10426
4437
12023
8768
578
1985
18774
16160
5101
12137
15316
7579
5227
7091
1171
6589
11186
8557
19744
1348
6419
4739
8208
2601
10778
4353
15491
7116
11330
18225
18186
14912
2513
11146
11929
16041
9277
10890
12399
447
199
14500
10850
11861
15979
6501
18949
222
4378
4770
16822
7006
19983
6913
18361
9786
3601
6483
6603
6588
7393
11472
5513
12670
6581
1226
11246
17720
5861
510
3138
9362
96
8376
18800
11853
12357
18988
8367
13594
4451
13077
5423
19468
16476
18753
5228
4015
17367
10259
7095
8559
15836
10538
9936
14812
17300
17938
6753
15932
6936
1660
2458
19750
7359
6594
1866
14314
11320
10853
14744
5913
16395
16593
10400
1262
16482
16319
19861
14944
6770
5657
5055
13813
3906
14174
8152
10543
3291
17704
12430
10934
8353
7381
7370
1835
18478
8266
3592
13991
19182
19364
19516
19547
1277
10412
17476
4283
426
9688
8983
11449
18833
18144
14932
12388
2341
16151
3124
14369
2357
9062
19251
16140
9398
7267
10779
14293
18053
1012
16952
18049
8680
15412
14391
107
13769
17252
8947
7348
1314
15739
14136
9907
10227
16850
10342
19980
1324
8843
13141
15986
18824
17158
2661
14865
19978
18779
3379
18757
1702
12396
16721
6620
14082
8447
17053
11873
13121
16495
14894
597
12263
18150
2002
8924
1214
18612
17830
1442
1925
3024
2391
19252
19041
6652
16725
12339
16362
17838
10716
18241
6266
16191
5923
13284
3972
5009
2983
15097
19652
11352
16469
19369
11623
17474
7697
19971
12786
12265
2822
3354
9719
9904
4966
10309
2766
1443
9517
4483
4
2957
9447
1372
3813
8102
6756
4839
6602
9870
9028
16347
17237
16071
9073
5776
8612
16042
9850
10262
7379
14078
17680
2311
2929
6098
4103
12093
14531
4298
9075
3041
19636
1665
15083
2839
54
631
14032
5448
17319
18001
16294
17986
9858
8656
10187
9039
7449
2502
8726
7166
7040
14526
5740
7759
12991
4811
9612
5219
2551
9629
16887
17453
8417
9045
18326
7841
5196
14163
1039
4867
10825
7250
10508
11952
1085
12164
12298
13807
13286
6261
19660
7623
504
19848
9253
967
2765
274
14940
20012
15481
6672
6723
15954
5194
1966
13128
8499
16889
6891
283
10403
1541
2105
7642
11948
14222
12554
14819
6609
2658
15027
14980
4265
8681
16013
18157
9675
3899
5635
15814
6607
13689
15485
4228
4573
1593
1833
4104
3292
10766
4930
308
14434
12604
10884
2157
3946
20000
6957
17731
15289
18560
10149
14647
16493
12664
3661
10396
11324
3521
7602
5595
284
15057
17377
3744
9301
17535
3863
1962
737
5327
7902
17885
2715
6163
14694
9001
683
2990
1457
6384
7831
13482
6005
15488
5206
18079
17434
16127
19344
12541
17136
2126
15987
2299
14606
2699
5125
16435
10733
379
4748
10804
15012
4736
5195
562
2756
4323
5562
4031
11739
8549
12665
4176
7822
2456
13473
19850
8722
18892
5307
4531
8592
12195
6353
3325
16432
8087
7405
1784
18476
4565
8297
2749
8032
5745
11542
97
6822
15819
15217
12201
7141
14996
8667
13048
5478
5355
15144
18027
5140
15929
3000
3957
4479
2894
8511
4485
12907
13705
4567
16147
1159
18597
10228
4345
12978
5047
19885
3838
224
2559
7856
11254
12136
15360
6327
17987
6216
6565
17988
11818
8136
16288
6082
11752
7530
9591
5174
13902
19854
9680
1629
17627
9898
4491
4217
18136
6566
1462
14563
12790
12736
13096
4636
8080
907
655
13836
16681
8635
4014
14803
8031
11620
3667
11252
8343
14974
6391
5750
12979
16458
9609
16622
12644
13220
8101
2893
9065
8413
17200
19110
5099
15508
8077
6888
12567
4687
924
4110
297
3789
16428
13347
11244
10653
17635
10189
5212
15113
19391
12595
15126
14799
9182
13754
16310
15505
13655
14707
9174
2058
3528
18145
19789
5537
14824
6821
11450
11346
856
1184
12712
18402
5637
14291
10318
16859
7452
19672
10705
5
93
3837
14431
15579
15755
8463
2578
19725
7525
2574
17511
534
13470
10358
1959
12477
16613
7732
9938
17834
6257
13348
6111
13123
9887
10066
8732
17962
15077
14774
14173
18035
2121
5067
9060
7688
9882
6020
14296
18111
323
15652
19268
10285
19544
18916
9526
11045
7791
3169
5782
6167
4052
17208
125
15147
17901
18897
5108
6235
17170
17162
17427
17233
16218
17005
118
11245
9235
3742
2976
9607
5508
5131
17483
19937
6934
12401
9585
11577
9333
6411
8613
412
14897
962
13471
10049
2047
5054
11224
9670
7593
15160
14020
11364
1932
9207
6771
1100
1410
13636
11499
8640
12146
16753
7752
18501
207
11720
5832
17995
9076
3478
11051
5066
2232
5117
18635
8450
13929
4484
2603
1069
6641
2657
17710
2693
17725
9375
15864
5139
531
14682
13285
7107
1472
2818
10998
285
4895
17290
14568
807
2829
9977
10067
14356
17192
13899
3249
10239
7628
5997
346
13017
10910
9596
8494
6097
19211
2201
11575
19228
18180
2222
16272
11532
1573
18687
19991
8949
8444
4021
14393
956
4923
2123
8902
10051
17545
11958
17258
9956
17934
15111
1986
2812
11132
4806
14623
9392
10314
4654
10540
17655
18220
4719
10362
4469
13846
13076
2606
12834
9278
3555
1768
3244
13695
15035
12680
12439
4934
18678
16507
5878
15298
19615
8242
15191
16277
12236
8226
11289
3995
19046
17584
8393
7227
17560
11116
11680
4618
13073
34
9465
14038
467
6868
616
19232
15710
17399
5453
18481
10983
6217
14375
3774
5888
4547
7649
748
9972
11642
19177
2819
15740
9741
17701
11787
12905
1661
347
13243
2742
7691
3258
17575
8021
8525
8337
3473
3329
9776
9505
16354
17913
15928
13425
9286
13758
1205
6456
861
16594
12663
15684
8440
7181
3568
5539
13288
15984
17417
7578
865
7577
1506
6358
2870
8944
3281
4968
13122
5437
16166
6301
627
14226
17058
13005
16992
19015
16536
18784
9697
13354
11900
7374
711
10277
14637
3704
3922
12100
6076
24
15826
15570
6679
14104
1869
5190
17845
9161
2850
5991
13676
18248
1895
19950
16091
7425
3036
8441
15475
9497
1038
5153
19133
11336
17188
13480
3719
12605
19050
13028
10388
19042
14594
13538
5495
16828
17917
16371
1067
4056
9600
7103
851
18116
16728
18022
11407
12124
13254
17859
9397
10867
6188
5287
9894
18050
16542
13316
14275
10858
4431
2843
8932
7863
4425
18777
18434
11247
1977
2637
1904
11260
8407
9079
16497
17428
7721
8736
7840
1083
18579
20033
7599
6635
19316
15834
8664
3657
4844
5955
2244
14251
1278
1713
1913
17666
6491
9838
9813
5096
4047
16240
7012
5847
11878
15728
5168
9019
16394
7776
18642
8912
19632
12267
10535
17077
8759
15724
13430
15474
18536
7104
3028
10172
7479
3444
12747
16574
14187
13410
6372
10739
7226
15796
13120
10627
9666
13311
7435
7595
15096
13666
3157
1603
16797
14499
16864
2006
1779
19330
543
3387
5280
4761
2150
18809
17251
15872
4781
9110
8889
17157
6461
946
8322
15253
7231
13905
16526
13495
7538
2586
211
11002
17826
6817
6304
19764
7757
17940
18676
1808
8972
17361
2269
15387
19332
10735
2865
8745
4393
5518
6069
18862
2782
1845
13516
17499
12004
12756
2199
17466
1378
13561
16078
16437
12245
10829
10138
7765
4486
13078
8008
8229
12862
12095
3143
690
12839
7154
68
15231
14826
19331
11141
3017
10056
2475
12636
13098
1037
19395
5762
12835
10909
4289
4118
9302
4672
10278
3543
15785
1690
9270
1796
10148
12610
6726
9641
2080
6872
11610
17624
1858
8958
19183
948
16054
18438
16207
4308
14153
9187
15959
16945
16104
6987
15688
19355
18593
5648
3552
5611
12318
16847
4725
4123
485
5080
11111
6529
13912
1169
9713
6273
17415
18372
16376
11137
5155
12320
1759
15545
14439
12247
8146
527
589
19106
16881
18905
1139
12469
6515
13147
16598
18333
16792
14698
3334
17135
9767
9796
5589
10219
2769
17071
9835
196
12528
2825
2828
13458
9441
14197
6096
968
18854
18996
18965
18315
5713
7590
268
3299
1886
15116
1291
12728
12681
1692
4944
13351
16720
18135
11683
10839
11969
12676
17785
6715
591
12449
19793
11859
18725
9423
7555
12473
12792
2209
5145
13797
966
15163
5354
3283
5509
3098
13110
2880
10831
17291
10120
19138
14938
4201
18274
19526
3709
20018
11447
18636
12406
19398
9410
5450
5601
16195
6743
10612
8733
9561
126
13683
17374
1667
16403
9345
5612
2656
3827
8109
6164
3816
3769
17792
14254
3539
19178
8349
13921
6224
17736
11941
14060
16696
10064
11113
18080
16581
2816
17384
7024
860
13250
10919
5303
5056
1979
7923
15859
12472
8798
12422
18019
1008
10636
11655
8379
10349
4447
19084
11811
14739
11108
14878
792
5405
3765
19752
11881
11223
9530
9902
19768
5372
7957
5766
12532
5146
13714
5281
4193
15638
3307
9736
1334
2960
1883
1766
10658
11854
4555
16717
9238
10394
11026
9689
7483
2413
2297
6425
14620
8323
8078
5147
12766
2494
10365
18808
6078
17853
9899
7430
3134
18709
6129
14951
3675
15601
15607
3467
15185
15711
5570
3741
10457
9006
19445
1110
4494
16595
18457
9543
15851
1333
13002
18412
3512
11919
17176
4829
8057
16800
3655
19637
6564
15662
6434
14368
15625
5860
5425
10642
4903
16650
15774
19881
942
5008
10770
5159
17420
17906
15731
5310
7613
8781
6919
19755
19532
4831
18986
2817
11188
16810
6530
7878
15067
1844
3488
19198
9281
19624
18044
3026
13244
16270
2598
2245
1651
15307
6598
2835
18877
14839
12162
10389
10857
5102
16402
7945
11539
13992
16573
2106
16074
18934
19598
17592
19387
702
1401
11560
10337
192
19049
9259
6682
15293
7041
11959
2447
17975
11
1154
18345
3247
18713
3643
9560
16309
16107
11997
10440
3468
7563
9712
19880
11908
7178
5198
3771
18634
3254
14141
13435
18616
4242
2075
8377
13975
17195
17009
11464
10010
9359
7674
13196
4749
18925
8537
5984
13336
9344
18471
4956
11467
5608
13614
17623
18466
7608
9593
15480
19951
14059
754
1596
18919
19665
17264
4220
8523
10754
5937
2883
13001
6754
15440
4717
2590
6027
6541
3331
2328
3673
15179
19858
8382
330
10975
5930
13587
944
8657
16566
5837
7431
6927
2680
573
11633
13667
4473
17073
3706
11708
5319
17515
15842
7558
4356
9967
17059
6340
18283
4278
17441
3260
14358
11001
10191
9566
7502
14377
2463
12079
19734
12017
8199
11027
13068
13670
7583
8568
10093
5503
2740
4856
1630
6022
5658
8753
16067
12841
5967
18969
1627
12315
16661
6666
9952
13878
11122
17220
18865
82
6300
20019
3353
1146
1258
4034
7420
19909
4150
9791
7436
9778
18492
15222
16148
6382
6700
10176
6447
14903
8348
15518
19738
1560
3750
866
8821
15285
7144
307
18760
10888
1235
7910
17654
8767
17640
13567
17963
15738
1359
10097
3740
15597
6857
4891
3440
6800
9922
5801
12673
5074
18623
12018
10221
6465
15515
12692
6629
7402
14462
249
16322
3363
10284
19223
17652
12863
6551
15535
18577
2260
1669
12189
11004
19035
4896
9457
13990
9634
8420
10265
9013
19887
15574
1753
18607
5741
5317
11508
8147
880
2932
8168
495
9901
17881
13112
205
11684
7464
15562
10293
11637
17066
9340
16763
14767
6351
4603
12203
7953
12994
422
6755
6485
8561
10863
18861
12304
18773
2142
17882
704
11968
6735
13841
41
19670
1781
17798
17824
8241
4488
3793
4710
18405
1465
12737
12486
3582
16426
1450
8027
17521
10937
3968
5916
15013
15118
1828
11602
9866
5182
19119
11429
18999
5481
14085
9554
4752
9963
19459
11834
2397
14853
6926
4705
17160
5312
19187
5664
13856
6223
9611
16392
19740
1263
16975
9579
9785
3587
15446
11784
14828
3095
8315
6161
3563
12070
17681
19612
16916
2582
6072
11281
9569
9236
3905
17042
14264
11413
15015
19162
14472
5223
10469
1200
2933
17312
10979
12306
9149
1467
19953
16500
17348
16867
14838
3490
1777
17989
13635
17540
18867
17763
16100
9482
19668
11495
20009
18227
13223
17745
4067
7217
5673
4935
5876
14591
4751
8844
16689
15216
5667
8587
12233
6241
9087
12962
17439
10585
14271
15673
12527
10059
15366
16202
12063
16608
12230
11323
12244
676
18538
3637
17151
11695
4835
14893
8751
17778
16440
7163
18358
15188
6000
9871
7775
13367
8460
9893
11877
12612
18163
2922
12294
1114
17976
5057
12660
13299
759
9439
5092
19100
4023
8173
17092
2035
5956
12435
17752
4370
13485
1996
10438
4342
8045
4817
18219
16378
10616
4287
9617
3375
8573
13540
7710
13872
4326
9873
5474
1482
1309
6681
3879
17346
1427
1818
19196
5540
755
5288
10168
3918
5693
4912
10286
19298
5393
13903
9744
2198
4467
17133
6802
15695
1552
11696
6307
11910
19835
14580
7666
14083
6028
11566
8923
13419
4762
3210
8115
12269
16092
18450
4417
12838
9287
19051
2091
6628
11892
847
15303
8827
11794
1830
11455
5004
16549
8990
155
8739
4970
16414
4708
14487
3011
6924
8590
14069
10374
11596
19365
11130
2302
56
3156
9320
8952
121
5001
13072
580
13069
17589
16576
19362
18147
18423
2760
5683
9908
7462
12169
19581
19815
5166
2544
1933
10981
14948
14660
15560
8604
5864
12648
8183
3022
4186
12166
13744
18487
11888
5714
2794
8699
18749
15714
18132
2914
7131
5933
8778
9103
4698
14969
7356
12369
17518
19759
7959
1999
15917
8697
6773
8287
9535
7336
14491
14306
11632
8919
14010
7136
6727
9508
3063
18674
1805
17959
8564
1863
5487
19718
710
3798
15420
15633
2804
8216
8774
8167
4211
14341
19291
9012
16502
8853
1387
1093
1386
3145
963
7378
9116
1562
5851
6574
15325
13887
14348
1259
17997
12854
9057
1165
7648
38
9745
6758
8260
10790
8518
4886
5703
14779
11711
9088
4439
7152
10095
2497
16157
3212
19019
7960
16805
8641
2482
7364
1936
6508
5770
13404
12793
7164
17131
10300
15886
810
14760
19381
15817
3378
17780
18224
6332
15897
9905
8252
4380
11507
6659
15130
503
10184
19714
5300
18146
17495
15896
10900
16755
3289
14282
9841
15398
1097
1900
8661
5016
6650
2512
137
14107
6813
19025
15261
7565
17328
6670
1452
2001
1840
4291
6810
18802
11127
9422
16087
4910
4508
16560
2622
17525
3470
6169
2499
4600
7427
13058
12209
10448
10254
15672
11741
608
8546
7426
9172
19333
9120
3082
19327
15311
8653
8826
16563
10645
18818
4972
3460
12849
7036
11454
10234
7553
6313
12980
3324
4428
3184
1403
8867
8579
5869
15952
7693
6721
2000
13710
17231
1484
1730
8211
12110
5690
1912
4001
17052
15282
2710
5413
3146
19083
1456
7836
1598
12751
18993
8484
14514
3610
14736
1458
14570
10925
5371
3238
14643
19891
9102
2354
8430
12349
18212
10764
11944
16751
4102
7456
2784
13116
2633
7283
9781
16723
4852
19157
14167
8411
15973
1376
17676
2487
15821
7826
12935
4084
17119
15855
4235
9293
241
9310
18658
2716
4407
2759
17918
5379
1393
6796
15492
8605
10079
14666
3336
14776
11030
15660
7032
18712
14876
15873
809
8517
5825
15627
10506
6417
13568
1754
12729
4560
583
4196
7281
13508
6077
273
5623
32
8251
11216
15486
2039
1876
2207
6472
16198
14686
324
6947
12151
17390
2445
13869
14976
8936
11565
17317
15734
10303
15424
13945
12092
596
4774
11742
17764
1247
19244
6824
18820
13111
16512
4800
10832
9845
4333
17920
7388
5781
15506
10595
8442
4772
7860
12397
2708
6293
15040
1545
8816
8392
5039
13613
2114
8139
8344
16830
19541
19311
6617
9308
19377
11816
8690
1705
7515
2493
3703
6086
14396
5982
16604
9163
3356
7905
874
19255
14545
12757
12024
15466
14143
16373
9477
2285
15807
12730
3208
1313
11712
8335
2204
9052
7698
1355
16616
8144
1795
12455
14718
11982
16048
3047
18871
9621
8970
537
14460
5416
16767
14023
13383
1123
14088
10815
18221
19493
5816
18499
8095
13456
14880
395
1299
12300
12370
1681
19534
15726
9364
13956
10670
1592
17594
2368
15187
12157
13597
10816
4961
5392
13996
7162
14762
4503
832
12694
7869
15356
15931
1878
18896
13513
12444
5164
13476
15563
2538
6258
7352
10793
10663
15008
3622
7489
13958
16982
1071
9994
10194
9827
3435
6523
17613
2257
17639
17825
18177
7723
18319
2936
1310
14933
5533
14655
1096
2242
18703
2982
5639
16289
8723
16607
2954
6299
17807
7366
14539
3025
6038
2135
14634
13756
4253
15989
16230
15329
19240
7916
17087
11091
11996
403
955
6029
8381
716
667
10996
10263
8374
10356
486
3890
12958
19784
7412
6966
9990
6719
13838
8849
18253
18307
11273
8833
4137
5556
19190
5010
13169
9451
14670
14131
18329
16264
2389
6514
19560
11069
15576
11713
6883
1939
17054
3151
19726
133
7411
11334
3800
8259
2969
4206
17514
15031
9602
2326
7486
1714
17797
12333
8534
16826
6537
12395
13268
19974
3236
12076
560
3081
19589
9247
10608
16301
10043
5829
8961
11928
19214
1360
14930
17840
18975
4574
9955
1005
17715
16144
15241
18270
325
18104
16504
4397
3986
10496
8748
1451
12207
9157
6063
19429
13753
14745
482
11640
17255
16798
5297
12145
16639
18976
13219
9953
16189
8644
6785
13333
8646
19082
8771
6091
13713
7284
17564
3911
6676
7406
15703
7169
13940
18120
4497
16736
2056
19013
4706
7806
13287
15877
10480
15473
1246
17669
1534
17320
6962
1344
1556
8658
2267
9513
7720
1871
1521
19156
15967
10116
16365
18081
17268
6979
10548
3921
9727
6387
1302
8744
7679
4303
13227
234
2703
10402
1972
2686
7048
16334
2243
10357
8172
13638
11169
5772
2970
12227
5267
14674
12551
1500
15511
4419
14729
2945
6018
10710
7382
539
602
15300
12498
17772
13742
12043
18955
10083
16575
4879
19824
8624
7371
3815
16255
13737
14939
6965
1897
6143
15554
102
1162
2092
4126
466
9180
5109
3158
14094
18907
11367
6538
18208
450
17625
16817
12985
3745
1092
3148
9098
17041
9471
16660
11576
6486
2162
13497
3429
5721
1329
13135
4000
3636
12912
5404
12234
6250
14953
19131
16538
18557
5360
19351
2466
8607
16485
10407
7987
15306
5960
1586
19448
12427
18443
3006
11270
14317
16796
12614
8050
16102
11066
1650
11262
802
2136
12750
11955
16637
11512
6104
1955
9159
15690
16111
12496
5321
16168
16748
14425
15852
2820
10966
17197
5634
1964
11762
6546
7585
13322
2564
7338
916
6933
15871
5244
12679
13772
12601
315
2052
1930
19806
6435
18770
1618
698
258
1243
10712
13385
1846
17171
19627
12658
4175
9226
13091
16468
16128
9920
1256
9521
19075
2262
14992
10923
3424
15580
12176
19472
1488
6930
1326
8419
506
19856
1098
8303
1101
16080
9444
17949
13263
461
10211
15219
10646
14981
4714
2992
1540
756
9160
9162
7155
12721
3005
18043
5621
900
10197
18176
4487
12170
1054
11394
3140
10077
19938
15218
8522
15071
12441
9184
16834
8490
8659
3759
14005
17485
14625
19543
18437
7969
14284
5989
5189
19985
11729
11635
3166
3509
5137
18772
3756
3155
5725
5823
11754
5826
16180
14646
12271
2876
9476
17078
16959
11925
15368
11213
3033
6428
13167
4462
18031
7695
7523
8685
11589
7505
14986
16648
10969
1731
1583
6829
13256
4358
1210
1740
12464
12549
5968
15348
7692
17582
18334
1357
272
17381
14994
19899
5052
225
7897
13418
18235
15501
15704
3101
16377
11869
738
19697
15212
10225
1296
8316
11307
7706
13231
17283
15861
16897
2019
10041
1626
3518
16117
11081
3396
9115
7991
11436
19203
5534
11588
9138
18748
1245
15135
18264
7657
14786
873
17329
16047
5613
544
3439
9124
5929
13525
8858
17089
16758
14444
15252
6911
16461
1588
7377
17844
13215
7551
11198
9942
4280
10549
8157
11643
19897
9316
5879
11649
10618
4392
4937
13184
7711
8856
19066
14581
19103
17663
15039
5116
11251
3245
18512
4701
1306
18154
12803
13041
11046
1346
15779
245
19557
15683
11527
10930
16855
6596
3611
6533
19280
16543
13207
1321
6195
10564
4143
10807
15665
11676
4526
6684
17606
17532
8071
16308
12666
12789
6323
17055
16562
7544
17516
16027
3328
17936
9074
3320
2405
5588
15483
3018
3884
8091
8132
12402
7117
15002
15681
2154
7751
17107
7500
17849
1800
7188
2712
2615
7345
19786
17003
100
14701
15555
19394
10967
18446
8185
16412
3724
6863
16942
13278
18363
8422
3648
14278
15950
1625
16212
4821
7808
8852
16920
17246
13071
5542
16416
8307
3602
11658
5021
10269
5433
4552
10386
19326
16994
3939
7961
16390
10283
16981
16963
7307
14721
4147
1606
19845
3318
7495
4630
6488
842
1081
1636
30
13262
14006
1105
13366
18604
17294
5817
16095
15980
691
10613
18206
2609
17985
4825
1529
14455
18433
178
1466
6568
8299
1417
12178
15448
9818
7016
5041
17766
16716
5040
3929
3002
1064
13352
5226
19095
18072
15529
9916
12813
12702
17323
4266
12102
11974
6318
14937
11291
13368
9731
13082
7908
5931
15699
7441
13331
1949
15364
8632
9437
8215
14175
16299
4938
7532
11210
17458
6103
11524
10882
10428
8750
4971
15696
8431
1738
2390
785
11117
8776
18669
5135
7676
13953
5578
13500
4878
19745
19984
15883
11857
13796
1652
15495
4128
1473
15171
1597
6625
9779
5277
1773
12154
775
9743
6348
15264
1108
7580
11079
8829
1638
8566
3487
1196
9964
15863
13850
18740
10995
10471
16829
14452
12801
5677
17082
13240
16937
15974
19034
2152
17527
1928
18066
19231
13910
4787
17534
2906
7454
4625
18513
6528
6842
4563
6225
17376
3676
1899
17086
2918
15790
5778
11702
12754
3579
2371
18357
15735
11694
726
12350
3096
13303
11614
9883
17867
4398
3267
16902
17112
5477
14319
12869
11486
10367
9711
12264
19863
10155
19195
12347
14288
14496
18874
965
4233
9553
13298
2800
11876
9368
8471
3263
17006
8186
13578
5499
14720
4915
16228
19216
5035
3355
5849
10933
13427
16473
15349
1675
18827
10430
9500
2527
6623
2569
8432
15246
9912
3541
5236
6744
16943
4058
17028
12725
7630
14923
15162
17768
8689
18614
17194
8319
6762
14445
3257
11074
14816
943
1189
14867
5160
6626
4913
7404
17823
3253
5865
5808
15935
529
14603
1877
697
19207
7201
1654
1558
7224
14211
15571
1587
1624
4703
4655
11068
2459
15361
3404
320
19180
10026
2581
13811
11744
780
9285
4942
4663
10002
16870
13272
16833
3366
19648
10929
13954
14457
4399
19501
370
6972
16052
431
12740
8015
10574
5506
14530
19356
4349
5689
1921
11858
12585
15517
19283
9529
12784
19201
17088
1906
16263
19023
2640
13978
2734
9022
12646
790
3623
3110
2905
2946
8925
2842
7002
12855
6138
981
10037
4722
18078
2081
10893
10703
5232
53
13721
5655
18313
1088
17726
12437
19687
1267
11466
11012
15133
8911
1480
11161
7802
14821
7635
19513
18966
7728
6320
15943
13658
13087
12946
10960
14026
18930
12572
14553
4083
16587
13492
11451
15203
1001
15164
1699
399
19052
1072
10922
16845
10911
18989
13706
3755
2496
8813
7334
15762
13340
3845
13377
6876
15406
6621
533
1816
13726
1275
8224
16176
5943
19631
13585
10245
3306
6539
1239
2208
18801
6117
13412
3814
18036
9740
4051
18257
14898
5250
3133
2612
19128
10682
3525
6952
6193
18179
17056
6513
800
7774
8975
416
8551
7447
13984
16640
15568
9249
9136
12487
5259
14433
4696
724
14329
10452
1061
15741
6392
830
19149
11651
14099
7821
4746
9592
8746
10589
9981
18952
12711
514
2425
3372
16460
10939
7603
15166
17546
17205
19961
14668
2164
8390
9589
18731
13447
17353
16204
14851
19969
9966
3489
18199
14947
11060
12909
8188
9682
8273
15718
2145
6983
8176
19414
10700
4410
18807
4165
13189
14372
10240
9264
9219
4861
14456
2335
2762
7471
11290
11231
5707
15802
12975
19321
9266
18317
734
7308
9860
16620
12615
11634
8662
9536
666
16125
13502
1742
3203
3150
4361
2240
11479
16831
12521
13914
18588
8532
17490
4114
14389
15215
4888
3069
12405
11347
15353
4089
471
16083
6830
13692
12167
4499
8984
4255
3222
15589
2406
10570
19614
2654
17816
9537
3206
9832
18788
19343
14051
863
15572
19061
15158
17526
898
4983
18841
16454
15619
18546
7677
12888
11776
3392
18343
17843
16005
12384
1050
938
15542
5981
14419
13292
9402
1280
15933
2446
16320
11963
12460
120
500
11109
369
3326
3302
10488
88
16248
3677
15985
18077
16570
15247
4668
12372
13422
5505
5094
1615
5587
9209
1744
3948
18665
8830
6507
6729
18838
13574
15550
15129
15647
19644
2485
4786
19043
1160
9640
2591
1787
11314
16317
20020
11671
3846
16546
5706
19265
11652
6201
4411
6630
2627
5785
12577
9181
3720
11391
19004
19575
3
793
8094
9834
10192
18875
8737
18590
13791
16722
14280
964
13647
9715
15302
4853
13618
11930
12239
2320
14941
3350
11440
6931
5737
12851
2723
4159
14381
13000
2955
10484
4645
19993
5842
7167
7509
19875
3380
9946
3013
15463
14877
16448
10534
19243
20005
8489
4478
19312
19781
12513
8220
10615
11830
15390
6634
17116
17571
11326
12266
7786
19940
1388
2767
14789
5679
17996
12953
6894
8513
4048
11458
7340
17522
19388
10163
16276
5216
6764
18899
7241
6158
16927
15788
3559
235
1856
5831
3839
3594
5011
19603
10874
11337
2352
15593
6335
18440
831
16045
5631
6329
6749
18795
2973
6949
6702
4100
15186
16193
13544
3520
18787
10862
16311
4624
13105
6895
11660
1089
8516
17903
3950
128
11606
9195
4523
5411
11522
3875
4198
10327
13977
1252
17025
19507
15588
15322
7796
18978
2130
72
12273
15452
13009
16188
9732
6006
13217
4801
11238
3835
13454
3803
19334
7214
16515
18872
8985
10260
5584
986
17684
5045
15359
12565
1288
9152
7725
15101
8330
15805
13888
17069
7106
10593
6420
2664
689
4433
4194
3878
14089
15403
17787
6221
15334
19932
5757
19353
19147
10880
7535
17980
14257
3368
17216
16141
4377
12787
556
3668
1300
2073
975
14367
7586
11279
13144
7899
14274
6245
11657
8702
16688
1362
11243
7833
11945
18138
19166
5376
13306
3544
10609
19471
11191
1601
3600
5105
3707
1708
6041
5257
3205
18822
12634
761
7591
2885
7817
1180
7182
15808
12187
17293
9077
13942
18400
17163
2303
10647
1706
1778
1569
5932
11966
4780
4232
18902
8716
6547
2546
1991
6890
16260
14747
7997
18502
19600
14907
9097
17856
10940
9026
14110
14879
7161
7950
5350
14734
5812
6655
14515
15944
7887
19667
4561
13932
8164
5747
18232
9217
10990
11271
19339
14206
9747
6516
14184
12321
16035
1803
8663
12134
14362
316
4993
19607
12900
3198
1980
16910
14582
7762
2064
10361
3111
13375
1733
7805
3330
10823
18792
13639
18095
18444
16456
2256
14717
13867
7156
4633
5363
10304
17109
959
213
12795
18473
1608
13023
5221
11297
15438
5121
17114
3963
8013
5615
9987
14510
2826
13734
8807
10849
3935
17115
4525
13027
12466
14863
7067
18014
12517
15651
11021
4656
5806
6177
15750
13853
19215
2605
9573
2508
6991
7292
19713
10338
10289
7215
6861
5607
11241
15190
8818
12497
17110
18702
9663
3955
13209
16369
16534
1523
16208
13575
19218
9216
3736
12055
12916
10050
6610
5451
15742
5845
14338
18783
2430
9763
9318
19285
13825
14426
679
3016
794
5729
10075
6200
15431
10282
17456
1799
16283
12582
109
11975
15153
6237
2824
13025
11597
5330
5231
14113
9126
16250
7322
3125
4422
9770
4858
13672
13013
13740
8404
17238
474
14388
10759
18619
278
1340
11153
17957
6284
9801
2171
7042
8179
3634
13700
13624
1658
2057
2872
1241
7034
5789
18521
2701
11302
650
5591
5629
17227
14050
3953
2272
1551
13715
16875
14152
15884
13524
12579
16691
18158
9498
39
8603
1535
158
1931
4119
18601
17316
15598
4734
10638
19442
12158
9093
11704
11037
4965
3075
7634
821
17051
7978
4330
8108
3280
18959
14235
13969
2414
13555
5428
11072
10870
11875
17183
1270
8169
1735
9502
1825
11755
16569
5334
13019
16954
5432
18376
5316
15803
3784
14895
4889
12005
15504
7451
4309
13783
8000
14420
8715
8998
2264
10410
9491
1186
2523
1671
9243
3176
17311
6065
695
789
9822
8688
3865
16242
148
5260
13083
17375
4191
7986
12424
17217
9773
13465
17154
335
1099
18804
13426
9059
8436
7756
16409
688
15376
4304
8116
19605
12970
9268
19972
11500
356
9527
4247
8306
15468
18791
5185
14783
16466
1411
5033
15464
15763
8150
8981
7125
11063
3961
13290
1035
11551
19757
5755
15848
3106
13342
4571
8195
14732
8204
411
6814
17533
14758
3168
10301
9440
19502
208
5716
4264
5470
18414
15927
19735
7520
20023
17557
12343
10792
7746
17068
5020
8696
414
8978
16899
18226
16675
14180
16974
12731
11395
13966
8399
19310
747
2515
11872
5110
19868
16879
7734
17304
15610
18010
9273
671
19900
4274
17351
13035
18972
11172
14669
8383
14627
6274
15781
5068
5480
17782
14027
17322
4010
15916
14562
3322
16060
3533
17243
7256
2877
19349
17536
6608
9122
17687
7288
9040
15812
9407
6893
17612
11914
13070
11292
16813
10527
13834
8633
9708
18751
17455
14087
13337
19454
14672
15138
1751
13248
6409
13034
230
19469
3295
14587
14417
13928
3275
10042
3256
10307
15010
19537
1622
16771
3557
8497
8674
11525
18309
6808
9416
8583
10352
4720
10942
18701
13621
331
17360
13359
18789
828
14062
6549
1868
8855
15769
14467
10098
15377
14585
15910
15720
12148
12843
15047
19260
19270
6739
9761
12915
6747
8888
13886
18730
4354
13646
13620
6877
15758
16741
11579
5029
6035
15439
12327
9632
9279
10824
869
14874
8734
19810
18870
19625
12826
12067
19923
11136
14191
3454
15783
16388
11498
9166
1612
12325
8106
1249
16380
18659
11456
13855
15445
14908
4868
5337
13972
12586
17757
19484
17806
15388
10972
10177
6498
19212
10040
4389
12371
5927
14441
16757
3872
6152
12938
11178
14177
4837
18609
18211
6255
18348
12973
16330
18368
8084
3430
15426
13657
17405
862
6174
1027
16939
8177
2306
7621
2645
7265
16165
17579
1145
10104
13581
11268
17809
14549
10302
9251
11654
10978
6045
10467
9880
14792
14972
4952
5692
14169
17138
19089
11511
10946
5447
5798
6732
15413
5780
1605
18645
18840
3653
7498
5726
20027
17075
7083
4257
4124
398
5485
13848
7818
13194
1036
13085
5027
19073
17510
6905
5434
1454
14913
19728
13517
12963
14398
992
3479
6494
7325
14289
9348
7584
14533
10328
14934
14845
2935
19123
159
17341
1519
4820
8996
5569
16119
4184
4400
6061
11591
827
1130
6779
5906
8228
3201
10833
11232
13104
12890
6992
18863
19380
8765
7276
33
6862
17695
15843
1994
5728
14252
12570
7948
12040
10271
15197
10510
3161
2085
8928
6703
14870
19449
17944
5014
8639
13
7854
4430
6694
7716
8910
4313
12058
19508
15014
3786
6923
16874
14881
16623
10758
19906
76
8019
7357
432
13125
2997
618
13205
6074
11667
4088
19634
4568
8578
19451
13820
7924
16050
17121
4062
693
14213
5031
3780
10678
12031
15443
8426
17948
14492
1477
10957
8328
12224
10984
6145
19007
9261
5573
7086
923
8143
1086
2719
9210
17506
8345
7422
4789
17256
14950
12394
18403
17468
3333
17615
3027
3071
14022
15421
17080
14035
581
13190
13949
2522
1266
8845
15642
740
10241
19864
8196
3590
16244
12961
3332
5640
18620
12254
13208
15712
6039
15193
16142
4214
6645
215
19263
8423
11759
13528
8787
17879
17045
19521
7659
390
17577
16363
18697
17398
1022
2444
16676
19022
14527
7864
5389
10575
13056
5856
19591
4863
18625
11424
12542
14552
5422
6844
12118
6669
5374
564
12959
1284
5424
19948
7330
1956
11624
18654
19994
5799
10741
10812
5177
129
10571
10112
12448
6352
12770
19318
10573
554
18498
17265
13712
12363
13757
14448
2203
10183
2786
12990
5783
10354
2321
17588
11277
11114
10222
8446
2539
2898
9096
16389
11003
16917
6377
301
15004
18806
1822
8366
18094
18564
15906
19411
7105
2102
1150
6219
2322
16200
9854
2393
9454
20022
2086
3979
12830
7763
15405
3403
12682
9242
11515
5521
815
16062
5859
18525
3279
10395
14915
13436
18260
2841
2514
15994
17024
1356
5577
19559
16585
498
8137
16226
3809
11033
12661
5025
8727
719
10622
16262
2233
14813
18397
12564
18060
12337
3952
5883
530
209
19382
12872
8496
5345
4763
11166
6263
17810
4360
7407
10113
12066
1195
17925
15498
19783
18589
3695
19054
9146
10499
4628
12359
11856
11593
19288
8704
4576
46
9633
17015
439
2418
2788
17147
11259
16167
4609
11237
4644
7689
797
13132
14405
10474
9050
8240
12020
19592
3477
18611
3083
2638
2732
19432
17421
7240
6068
16113
15997
5545
15643
7524
11402
2995
19474
772
6878
19413
111
13599
7844
13765
14814
1187
9132
10217
4135
1992
10971
14422
5875
8907
11617
1758
8799
4948
12086
12495
16510
7458
10425
12562
19436
7432
9011
3427
14125
1927
1409
13629
4954
6021
15946
9284
10953
3938
9468
15982
13865
11817
8088
14807
1571
12030
11441
15900
18059
5803
2473
7764
1076
18742
6189
13919
13320
19958
4223
2706
15729
2755
10178
14529
6745
9876
6509
2036
10974
15148
18410
10384
2383
8104
4766
10581
12029
2266
16712
5666
144
7460
8581
11135
7989
7800
14112
4301
977
11460
18071
19674
16420
13526
6430
6424
13493
17775
3531
3285
17673
12250
19422
13238
12392
10468
16441
18821
12493
2821
15244
18411
15558
9978
9718
494
17893
15181
3852
16132
18011
15603
17904
17017
1143
5436
3014
15659
15104
17770
14556
6336
3928
13378
557
321
3644
13527
14831
11820
4575
6922
18933
1974
17239
13484
19072
10008
18524
6243
17308
4414
6412
16625
8029
9555
63
10025
18745
587
2774
6811
11269
13224
6087
8248
18853
550
18435
17568
16940
9703
15050
7019
18724
8096
163
14693
2944
17889
75
11434
18082
5070
6660
1312
2787
12338
6090
4865
2517
18881
16882
12611
16492
7238
8378
3605
4602
17509
5517
10827
4713
3296
10730
15049
11389
6205
19400
165
5073
11278
6489
7450
13409
16708
4587
7025
13095
10290
15336
3760
1128
4177
2309
2977
19126
6554
753
10459
2345
2507
