19882
2470
2779
16080
13628
12569
18226
2727
7798
2555
7211
13169
8204
1958
19649
4913
6317
11039
2946
18121
16321
9022
13500
11219
1805
13211
16690
79
15139
1334
11115
18520
2213
5696
18911
10369
5782
12323
2910
5448
9624
15548
19129
14879
654
17536
8006
14461
13576
3477
19063
19664
9829
17628
1444
10399
9304
19410
19357
10358
13337
9924
5889
1327
7172
254
16614
5568
168
6247
14335
11231
16950
198
15994
19195
7013
10349
14227
16191
11955
10985
19904
13087
19446
8845
10949
2403
9801
630
1768
313
637
11343
13433
1295
4460
19761
9080
408
9888
15042
19491
7050
3597
19666
15029
4675
19685
14235
14371
3917
14983
3577
7148
5419
17122
209
16342
11634
13232
16362
13923
9696
9438
6705
4173
6157
822
3892
2294
12022
19024
8484
3697
4814
13382
15568
8936
18852
3640
9222
13230
363
15313
12701
15048
17655
2270
18028
13536
12748
3943
14955
3218
7576
9459
122
6269
13299
11644
15298
5652
4309
6798
13236
3453
15176
14541
3555
14643
9470
14602
2813
1286
10370
12892
15072
7408
9985
19363
8232
182
1877
15755
490
741
10768
14347
9662
2504
11478
16466
4280
2481
3143
6686
10301
3902
9240
17763
16383
19816
1875
9326
13957
8630
3141
3958
10754
19116
6919
10094
17145
19776
10460
18690
9893
13020
8609
15747
15886
1981
15781
683
17984
468
10401
3187
1770
17247
1223
2743
5332
8839
16838
626
7890
1074
14291
11401
18357
2712
19909
6173
7129
13490
11751
4879
316
14243
7220
7346
9379
7957
16959
3273
372
7947
16303
17130
1821
9187
9514
7667
4061
6300
4452
10312
3259
4686
15007
19964
12935
9126
11501
4320
8677
597
13899
16934
10991
16767
8450
15668
4475
8425
14459
7443
1255
4244
15317
695
7939
10087
13918
18612
3364
10244
5159
16694
4684
15369
5821
12054
9250
5669
18929
4045
4484
1399
3029
12157
14028
4185
10834
8540
9805
14162
15277
7600
583
7042
19407
2989
149
7291
5595
2761
13792
10640
11286
1105
8543
6842
12209
5018
2660
4401
19510
6598
15967
15343
16088
14408
11798
174
9932
1317
14262
9373
9671
15735
5331
8980
15398
12346
12719
17892
13201
502
17597
13100
4205
7771
14500
5591
12322
2828
11967
20045
8016
11693
12493
7166
18164
19405
5906
5766
12291
492
3623
7020
6746
2446
3484
1418
10952
19550
17110
2164
3297
10947
12086
17322
14545
5564
1831
6292
15112
6106
8759
4887
18804
7116
2249
8866
17281
14757
18634
16656
6969
7014
11094
12906
2306
12465
6808
268
16978
7405
17132
15288
11152
6467
1519
5263
2005
1572
4256
14383
8261
11835
10743
7647
8378
2705
10554
4926
9290
19462
14044
14267
5060
10463
2513
2663
12853
13847
14332
1420
10955
7376
2489
18632
11333
12358
15445
9942
19236
16971
5226
10170
14215
4174
19950
14926
4482
16671
14878
3188
6141
8219
9521
14871
11824
4331
9356
16483
9176
15839
1277
4836
15339
16302
376
18680
14919
5372
18294
8504
10925
9903
6245
17055
16515
560
2340
4801
5454
10863
1481
3997
10421
10192
11647
4961
13794
18185
6227
16987
18091
19639
1587
1505
237
19599
8532
6648
5896
12714
5716
521
1968
12328
17663
15078
9820
10123
8451
15372
3015
5665
13764
10602
9175
12616
12692
18975
7105
11885
11661
4566
14117
12068
3590
15557
2234
2108
5933
398
13370
18665
18787
7857
16692
17113
12215
10660
6277
17168
856
12690
7792
13270
15987
15431
3288
16172
1358
8481
2043
6381
11036
1028
19684
16268
11062
19532
6906
13511
10907
13445
17147
11019
7737
17591
15809
2699
4996
493
6634
14914
11759
11072
6328
19730
6176
17301
1025
5052
15219
7860
6297
13113
3826
8727
17370
7990
4469
981
4180
5841
17026
18915
9285
11907
14027
7816
7873
3626
15792
15381
13599
8163
6579
19553
12318
869
2724
12466
12243
12268
18895
9795
2923
2600
8360
13704
4708
7482
7174
2927
9684
9786
5928
14454
16156
1763
3763
16249
5537
19145
3021
16505
18089
11577
18571
19372
14464
12905
13180
15034
5927
2374
5790
1008
12087
18659
18671
18598
4417
15572
392
16511
18794
688
19459
13973
19064
9757
6188
12336
10662
4619
14670
7622
7336
10068
10578
1589
14274
10053
71
10024
11560
7861
645
19918
11547
2612
8185
16242
43
9601
13359
3328
11990
17587
10506
19622
4175
16737
5541
2916
14100
13315
5035
18577
4702
1842
17791
7541
10319
18047
7182
2171
7925
10933
17284
16531
13662
11082
1476
3784
1491
18064
20019
6086
7031
18935
6286
7520
18051
1251
14649
18414
3456
9226
1172
7342
4678
14306
19710
19264
5118
18607
15759
3521
19970
726
10040
7598
16348
19686
3347
15832
16562
12649
7777
17737
10729
11821
9306
386
6902
7413
7889
18903
10716
10182
1699
5958
12115
13848
18004
5551
15736
14899
10915
13224
2051
10824
6863
19936
6142
10970
3675
14834
15915
6109
11398
13646
17138
17800
12408
12882
8128
16033
19029
17873
14123
967
12650
4561
11266
3222
19780
15604
8651
17377
12326
4001
17384
762
19231
10143
558
7643
2778
7455
7553
16746
17244
16836
5323
17749
10396
3201
19881
18781
12167
9660
10490
2515
6781
3469
17093
11868
18894
5019
6717
13611
1345
1718
790
163
18667
9089
8570
3008
9440
11908
17351
8194
8793
9807
19856
4262
13583
5556
2160
7379
19735
1602
14199
5616
18532
6366
6211
9152
5396
16227
18640
19549
12673
15725
10037
10204
12750
7601
17575
9273
13930
15134
4617
12031
2420
5780
13921
19416
13506
13883
18444
7537
17107
8047
15893
2593
3885
18858
17570
6410
4645
9874
14730
13119
13240
2574
1711
15161
6305
16376
907
19818
4353
3093
12048
2435
8790
7365
10537
7221
4552
19658
3986
8779
16948
9039
1604
18200
15573
10682
13693
13288
16214
11126
18005
18713
5703
14147
16799
5320
14118
2129
10724
7051
7705
8675
13902
16167
17684
8305
12123
8340
7473
7484
16561
7842
18178
4005
2237
10563
866
7615
12125
207
6716
9777
10269
7677
9579
15481
11842
19085
10934
1832
7981
16726
12800
1404
10816
5672
10726
12270
19854
18305
16326
6358
221
17502
6860
9996
18266
14258
6980
8571
2506
10751
1927
8658
11021
17750
12220
6092
14833
911
5686
18608
15384
18406
7701
3972
14280
15167
10598
8780
14292
14627
6770
14361
4502
19193
5415
19253
13758
5651
12628
6283
13209
5389
5663
13804
1407
10366
15308
5815
8343
14447
19401
9445
2618
6797
13983
5182
3020
15837
34
14522
3978
9078
13002
12476
12442
12731
17479
13076
4101
14984
2695
1070
16106
15416
5104
19767
1514
1492
16135
11845
464
5837
12988
9168
1049
12911
1321
19662
7538
2441
16074
19617
1089
4681
2637
2317
18006
19898
5916
1400
6953
17404
2440
9719
12702
13001
1132
3663
13221
2312
8998
4187
8252
19455
6131
6915
8965
17372
18418
6181
667
17537
13586
16498
5453
15144
16687
6126
5914
19118
5972
1884
4021
13940
16233
11352
7560
10453
9655
12077
2339
18969
4817
18024
7235
10181
2766
13021
12159
18320
13635
8083
13378
20017
12737
18292
3977
8628
17072
8878
8652
5949
8789
12989
5999
16627
8624
4374
14770
9728
13462
7102
11308
3580
2158
12378
2904
3180
181
4980
17459
17871
10223
15006
7414
6139
3420
16876
18953
13487
19375
2687
4247
16862
8459
2021
17443
10864
16333
17986
5190
4599
6434
2567
11963
9675
2310
2838
14260
18043
8321
18789
10343
3797
12463
18396
10564
13887
3010
17366
592
11840
14747
18413
11510
5858
9850
7513
10629
3718
5252
5112
17406
2617
15931
6647
7138
7195
14825
13953
11149
5299
15271
13620
7303
6165
13340
12487
15492
10255
1678
1869
9529
5111
3709
15697
1646
18891
6780
4018
12861
1064
13471
11697
2120
19159
2785
6431
12134
2530
10666
9513
2790
12076
18778
9987
10153
19630
4292
15284
13428
17291
19259
14685
16116
4754
5851
6985
2714
9772
2276
8872
11594
3557
13269
11014
4176
14002
6642
3956
3470
7011
72
18065
16289
12235
10360
10428
6926
3530
11912
1100
15897
10817
16867
12133
5121
4055
16958
5251
4222
6144
15045
14590
8736
10742
12379
893
13765
15471
7259
4890
7128
9040
12450
10509
4718
17260
16781
9132
10696
10375
14052
16628
5794
562
7975
19674
19850
12000
5650
7180
8223
3534
3256
16946
5294
5496
13178
15793
17995
4679
13118
8993
4191
6697
9607
10436
13072
10340
621
12329
19201
11622
11546
11849
13474
1401
4126
14192
15745
15409
9500
3631
2741
19966
16310
7289
1459
16282
13906
15444
7327
17706
8123
8487
4491
18693
2365
6485
15327
11636
7750
6534
2963
16564
3117
18281
7091
18738
13643
9074
1371
2196
18946
14641
713
6288
14745
2219
81
6806
10322
13497
1227
2645
15318
8949
1627
10977
4151
9204
12147
7233
9016
17268
18321
18983
16584
15559
14698
3833
3780
5074
107
14921
8830
9023
5597
19851
17769
17582
12538
10268
2753
14329
19442
11887
15311
17252
9982
14140
4632
17428
7188
14759
13546
1612
12440
2776
651
19665
9150
18272
15665
19777
6873
2220
19334
9901
13732
2228
17521
19880
14330
8124
8224
16995
7894
2833
10112
14733
300
9123
6646
1866
12292
3413
10656
11946
15811
4114
17273
3692
5874
9535
17970
7215
17877
5908
16041
13009
4517
2718
686
15169
14988
998
3102
16512
18358
737
17585
18011
2941
17469
11410
15334
17319
15534
13277
2068
5601
19149
7043
5864
3863
7989
8405
13222
11753
6791
3109
9157
13000
544
5784
7388
9093
12288
17743
1412
17104
12977
2302
16198
13481
13198
17814
11349
8457
19324
1974
6890
10131
5250
14950
8049
18286
2452
14570
8026
13789
11519
5732
16065
4289
16639
18389
17361
17389
8279
500
2445
2804
1221
2193
17129
19417
3691
6812
3549
19044
4975
567
16405
10582
6099
7111
12508
13682
13112
6416
20016
19570
14519
4573
5426
5469
5976
11748
489
10346
4203
12984
8241
10911
4639
11367
13348
1576
15272
14277
17080
6270
1568
6384
16365
15118
19656
9518
18557
19330
887
10677
6992
19079
16125
13385
8688
2211
14709
1511
16514
19103
15244
17418
4477
9047
3921
11515
15094
18565
13494
1887
12801
12488
588
11504
10007
1949
1829
3237
3941
12360
6554
6222
6707
7480
17391
6255
11880
4673
5700
10086
3573
2381
17036
9616
14364
11245
10895
19376
9309
16229
3899
11211
3714
7858
8046
10474
10314
18147
4644
7021
4405
1905
18790
14906
8511
8367
8280
109
4682
8465
2860
11083
3710
5116
2442
16787
18545
2656
11024
5839
8654
4676
17195
1680
19872
15467
18372
357
18180
7806
6329
13441
10297
8309
11276
3785
13800
15816
10994
16545
16696
2688
13263
9774
19727
11395
5354
11376
14146
15533
12796
18170
17682
9519
14817
7991
4301
15719
14026
691
13968
7295
1705
13770
6338
4529
12252
16221
1350
8356
4501
9886
6766
4866
12498
2491
8139
11462
5462
10491
8098
10373
3063
2734
10792
17008
9423
10778
6007
18232
9909
6059
9789
4154
9659
16482
16307
17924
19552
3054
17082
14813
19497
15983
4335
17171
16672
115
13778
17870
8590
10755
13136
17667
18537
7558
18919
14979
18344
1966
16831
4571
18169
3906
2704
11794
16841
3907
15860
16625
3467
12595
11248
6212
9378
259
19834
11784
12353
13914
19792
4755
15565
12361
12792
589
4598
434
13456
2110
12891
8382
9792
5124
16496
15963
8048
3359
19577
16051
1452
709
7357
16350
1290
11295
8584
2623
13137
15427
11599
2163
19196
14942
18685
15657
10715
12656
15895
12445
1178
282
9755
12729
3239
12541
8923
5611
11553
3736
15671
9214
1447
13417
8969
14405
18052
18304
8488
9000
1873
15610
11929
12717
4549
10810
11040
12819
9680
7445
8621
5420
5707
13771
18606
908
9959
14883
2297
2509
16090
14651
6681
14501
9115
2432
3058
9283
5384
18497
50
3151
16193
19788
16750
15438
6243
17471
16108
12566
6239
11613
16235
9158
6588
2207
3483
8061
9053
14785
11067
5386
18546
16020
18826
2839
4723
7246
236
2537
7479
1536
2826
11214
10246
18008
1899
8440
18802
4909
7216
14999
9526
1689
11387
2564
12020
18049
10004
15243
6804
6914
10161
9707
13979
11565
16456
13421
9162
5309
8792
12008
17929
10432
1437
9711
5860
9141
3115
17359
10487
8815
5742
11694
2380
18535
1108
15900
19946
20014
3847
18750
3309
4688
10388
14886
3430
6724
14635
19573
7709
19945
10703
9185
4990
11530
10395
3769
12218
6656
18213
9148
2592
11172
4186
7753
17368
7069
5685
3454
18880
5807
17626
8849
16086
1182
19503
16454
1449
19211
8948
1494
18711
9279
1145
11057
14848
13184
14428
16345
16809
11745
6677
11220
7733
2917
19279
4793
8800
16395
16251
19559
18428
13639
13538
16863
10759
11983
19132
18643
7901
415
16982
1042
19661
8206
6865
8752
18030
2812
15485
14094
6216
15716
719
14498
12070
9071
2976
13356
9939
9181
12427
5345
18454
19080
8915
8058
14548
10450
8471
4902
9952
16146
12279
4614
14551
15658
5543
8374
12042
11544
5100
14626
9034
352
19097
16403
4338
12847
18085
5862
12248
6943
10988
2850
11854
3331
5883
4449
16606
5822
19811
12611
13364
5876
16829
2930
3323
9361
11379
10657
2662
17103
9493
2749
7089
19244
11287
13418
8196
1376
13512
17979
16112
16961
19974
15647
1289
19764
4570
4358
14180
444
311
9139
17415
4705
19507
10872
13131
3535
17713
8351
14486
11334
16023
16675
11583
4221
980
2710
11118
5920
13774
17894
17163
6522
5435
1312
9105
2685
17826
3753
7529
304
12219
10761
19849
6602
10408
7849
3615
7372
19199
1549
8143
12207
13334
14338
12697
13753
6023
13492
859
10553
16400
10497
13350
7877
13064
17087
8394
14663
8534
2304
13598
5446
1755
6472
14265
16061
5105
19755
6061
51
18694
12700
1394
12765
5529
7555
15538
17788
18216
8456
7119
5175
15417
1663
5298
17125
14316
7288
18150
11926
2757
821
11977
2390
11822
16278
16683
541
2598
17401
5847
11911
18934
10610
11275
18830
6803
18260
14232
1202
3766
11470
14686
8758
19114
17425
2197
8714
9964
11307
3541
5227
6475
6764
14580
10216
11563
3121
5838
5802
4939
4056
17992
9377
6696
13051
3481
10971
18283
7350
6878
8112
3689
7228
11651
17457
8707
16262
4391
1810
14664
12349
6306
11317
11191
8168
14445
9803
5444
2814
13849
3067
9109
1598
2321
4831
6710
16509
1113
4461
7936
15461
7305
16983
9337
3492
6813
8429
12549
5997
12241
13559
8290
5072
11330
6974
14299
3909
19627
1803
1951
293
7824
5486
17483
1629
10721
18403
11886
15367
11637
16951
6978
754
15717
19018
12174
4152
7614
6093
12745
17175
5302
18394
11815
17393
9100
3506
10671
10575
19186
4531
19277
1220
2218
1271
13600
1923
263
10780
1188
4360
15056
13387
2202
13225
13737
13182
14248
11420
5218
7823
17075
13767
7268
18422
5787
15550
14578
8033
16067
1708
17774
14275
15933
6672
4697
14837
16804
2786
10383
17605
17277
1144
2738
9267
16210
6146
4196
14356
4207
14093
10134
10056
17158
3403
12033
11087
5437
13152
3280
481
674
350
10157
4559
12222
19576
2426
10195
16751
6140
6715
18926
19537
7692
9892
10938
9259
12948
14404
15609
7568
4979
10225
9272
11598
11830
9017
3666
13527
1236
18761
11980
14861
8403
4326
12902
11246
7117
6170
825
9403
12267
918
13360
18647
14455
18184
10775
4535
17613
19976
3341
14887
9418
10034
14588
7922
5649
11686
16452
19396
10626
17921
11465
17114
12189
11671
13058
952
800
14075
3376
14877
8810
6182
1232
11160
10264
10416
439
10597
353
3300
1181
616
17360
13865
17993
18491
8507
6973
16543
8421
11966
18446
8077
16651
1520
6147
3832
2188
19216
13075
469
2299
17988
1766
9875
10972
17438
13723
6030
557
17403
4538
1266
15326
6122
12383
13705
15540
130
19718
10249
10516
5677
13750
17799
17012
15819
11473
7830
13636
7422
9457
17657
18442
15601
18889
1153
12295
4565
432
18375
421
19531
11696
9997
11906
18666
1154
5631
15714
19679
3083
6153
19968
4178
9179
4861
14389
6466
3806
17018
3113
9002
8238
1051
4735
3166
18066
9870
5169
12524
16998
17094
19643
15701
321
5842
6879
757
13779
1557
3999
9720
14165
16766
13885
3246
7034
17715
1844
8469
15116
9950
10796
8856
8010
443
7324
6273
12850
14005
17467
1980
18896
9376
9340
10733
18540
142
13960
18263
6349
6250
14553
6299
17013
5640
18558
9589
15100
9927
2810
5632
7036
1411
19955
7940
5571
3175
1510
10628
8950
9654
7910
5741
6233
9449
10347
18985
15496
3862
5173
13769
10288
6081
18435
11819
13664
14225
5338
4991
9104
15449
4362
16532
17500
19655
10906
214
1679
6058
4595
5754
3618
9838
10540
16248
7748
14748
11403
1882
14696
15432
3734
9322
18877
4183
945
1265
1339
13564
7314
10231
18561
1874
9641
17101
15221
18146
7298
8602
15831
2773
6942
15222
5504
1997
13838
8806
9464
3274
14701
14312
1703
8213
14497
3066
13585
5610
12423
12246
11513
7165
9028
19395
9503
9865
2578
17888
19378
7562
6955
4132
10717
4413
11357
3177
1123
19809
16869
7999
8335
3652
677
9169
14827
18829
12324
110
19366
12501
2658
11937
17059
18864
7969
15291
6657
786
16541
13667
14616
9260
8050
697
16079
1485
7462
14882
16491
3938
2069
19929
13103
675
4602
228
7776
4796
12706
11337
3131
9427
4073
17905
14304
324
6767
18927
13233
2605
5613
717
14396
8873
12914
2561
16325
9573
9704
8941
19708
7573
19235
13083
9357
10074
15558
15855
11928
14907
11370
15618
2307
7006
6287
1081
3464
9429
11414
12966
10260
17819
4930
15403
12652
1615
11428
19340
4092
15290
2558
10967
16909
6267
17516
18505
3165
14673
14546
18512
8554
5050
14298
19069
8854
14092
17439
1956
17118
16470
6154
11332
15836
13489
14656
3216
17764
17255
18455
3661
7763
8976
14512
8381
18742
5403
17927
16942
10220
3996
16384
11438
11848
14633
11047
4551
447
17533
6476
18324
5296
7348
4464
19506
17482
2102
2633
11578
3939
3737
8671
18274
12121
14913
18645
8679
15999
15338
14458
15574
19450
11427
17419
13548
5926
2987
16705
9637
7577
12823
6608
8902
10389
3931
13246
7566
6343
2536
19109
9724
9766
2676
1815
15949
2502
18253
5913
19441
7352
17917
19956
13573
581
8467
2802
19543
2808
7817
11255
16508
944
4808
7906
8260
10417
2681
18876
17424
12364
12407
15088
11959
12822
13316
6282
10208
6311
13793
3060
7571
12199
5286
1164
2653
744
6121
3629
18875
17618
14885
14537
10813
16372
6481
17312
18782
15649
314
17033
7418
11804
6934
12528
5012
4826
14352
3765
13872
14645
3308
1941
13310
18912
5747
12810
16122
12226
6692
16129
7297
19471
14528
6570
6815
2257
15117
17298
11705
9116
4261
3624
16415
10163
7960
17063
13290
13026
15009
14110
2956
8254
2999
18808
18732
10315
6168
3160
15901
6970
5830
15545
11534
11730
5825
3993
8644
2922
15646
15423
17227
201
7967
10839
15731
2595
2092
402
11440
486
15195
11891
4188
11388
19254
15028
8055
11381
18980
13915
19958
12526
8447
19452
10048
4523
17931
10109
8491
10960
1710
1243
2929
9048
13886
4669
18217
15907
4047
2498
10809
14465
9227
8981
19406
452
4281
12137
8896
200
4290
14674
15160
17106
13533
8312
3678
1626
12704
3910
10663
8913
16812
4419
19209
10294
13057
11507
422
8029
4133
1343
17522
354
721
12572
4877
15597
5517
10631
15537
10284
687
5519
522
17288
6896
7938
13803
1328
3087
871
1111
18134
13508
3214
17065
5585
4069
9845
75
349
694
2995
12231
393
9748
17773
13934
15695
1342
10828
8022
6001
18155
9099
7569
14517
5051
3912
13446
19712
17627
3476
18083
3787
11197
3282
8156
15259
780
13905
11306
12106
9638
6836
15475
4453
12206
13420
6536
6419
7765
10962
555
12078
842
13207
18997
19198
7640
11122
3137
6071
19565
13459
4884
9409
4528
11668
12644
4927
8396
1935
9293
1922
11037
714
11235
9067
12992
19535
12866
18888
1489
11353
9626
7612
18238
1630
16952
2962
11108
12523
227
9135
12005
13498
14345
403
8943
14931
2557
3487
19321
3594
13988
17205
1229
17422
2872
7308
7514
11176
644
9487
9843
16871
8087
15528
15549
15508
13951
2717
17184
17509
922
13939
16083
9120
12306
14749
3928
16806
19889
18080
4753
12564
9516
11356
17484
4164
7381
3777
6871
1739
18111
4859
12820
19757
7833
2376
2925
8454
9578
8516
19514
5962
3156
11574
17027
15808
5147
9753
19134
15593
3645
5992
6802
7368
2009
11543
15196
9312
1673
13712
11587
13231
206
1112
19981
1340
1438
3091
17182
5539
17882
6837
14159
532
3811
4476
18555
19234
3355
19600
3409
3589
1937
298
7207
18078
17578
342
17603
10114
4906
16257
13176
1912
8331
13645
19046
779
17707
5137
10957
18386
1666
4674
10081
4124
17562
12530
9687
19084
10927
15594
6604
17081
14392
16666
7017
7681
3870
267
10000
18879
13633
17839
11640
16197
19224
8577
19569
3844
16673
17556
10104
13067
3575
19626
4941
17705
6365
19942
10898
14315
3622
17642
14114
9880
341
9239
3651
16891
16144
12111
10177
12627
16182
7
5219
18503
2308
14642
14337
3783
16143
17456
6743
8586
8432
16461
14496
18777
8202
8273
12893
8548
12036
6662
16839
8842
14132
11423
8296
5971
4830
9695
9911
18067
18252
7250
16693
13673
12098
12617
8417
13255
13150
755
12635
19179
11466
11102
18346
15132
1205
972
15188
7008
12568
131
7244
1426
1794
12760
4313
19358
6330
9713
19843
2541
13023
16448
113
9458
16371
319
19937
18353
5245
6201
9237
11000
1772
17208
4257
11939
9663
18495
15842
8745
19641
9691
3795
8285
467
16785
3805
2560
7321
5295
6742
13729
10576
16633
6344
3478
4255
3234
125
8523
2398
15283
16091
6438
18225
4218
12398
15414
4582
6209
8731
18195
12439
8603
16485
1086
2318
14850
12065
10082
6036
2770
8081
19427
18820
12619
17985
804
16239
10429
4345
656
19243
19137
6303
14853
18683
9739
10059
2485
11533
286
6272
978
897
7736
3743
16204
1562
10337
12641
10697
301
4170
15989
285
17966
1613
8762
17696
4809
514
16570
4956
12227
18349
2015
4062
16709
14639
13610
17742
3138
1793
5497
11641
9627
14105
19925
5582
1894
18102
1653
1006
12024
7937
10379
14924
14724
14755
17007
13151
14217
1621
11028
16847
3306
3814
4916
14577
3437
10687
778
5096
17427
11838
2384
10132
17078
15422
18299
17235
334
10586
1465
17387
9883
14866
9479
8212
4131
17634
8246
1436
7147
8233
5022
3957
13617
8932
932
8040
12761
15012
17315
2268
8819
11186
7369
16361
8499
5161
14029
2579
17460
13125
4824
3411
1228
12153
10667
10630
5637
5472
6204
5417
9891
2324
18582
6959
10010
18476
1632
13579
4351
12350
14310
3017
9027
16510
16035
7353
18416
1306
8222
19213
9800
17278
2167
1362
1364
2066
17776
2880
2856
11320
14600
16493
4652
15620
15166
649
2896
9584
19585
3056
13557
6567
15366
18395
9832
18371
4117
6298
6242
242
10222
431
15287
13138
2529
5494
15515
16765
4863
5796
11948
17860
9862
13143
6156
6052
17625
19010
18240
16850
373
92
10913
7436
960
11953
11945
3908
18720
15051
16647
6364
6097
11394
15054
1845
16620
15711
12234
13731
3057
2903
9998
9668
3147
15341
2508
4912
2686
9683
1207
19732
17394
13910
5901
4430
2124
1320
47
15972
12993
3960
14107
10838
5405
9075
12781
13139
11088
5230
12978
7522
19959
18618
2701
4976
14784
2835
12722
8243
4620
2109
5863
9797
17730
15804
14644
5753
18417
8510
9546
5932
6477
16825
13011
17552
16044
7778
1942
8846
10953
15643
9350
19625
5455
5840
1765
13097
14819
18922
9634
6046
18056
6765
18048
14982
15408
16410
4011
35
11314
2528
8989
9014
1424
1603
11999
10945
1091
19647
17159
8060
11879
926
8901
424
6607
18620
18209
3944
15392
5316
7285
3299
17952
17134
6913
10655
5077
15335
18103
16052
15554
6779
11768
6601
4478
6577
861
9515
16945
5797
12339
5924
11100
11554
18799
19953
9321
18564
9063
19670
19545
19542
1466
817
3287
10485
19750
11391
9190
5257
912
8363
1701
13004
10442
11541
116
10504
14860
1496
7468
5262
2958
1720
15945
19439
6520
7963
8187
13637
11731
19173
13409
219
1759
17629
9069
10917
10642
9758
7197
17231
14328
10045
18054
5067
17041
2032
13377
2693
5057
12118
11717
8944
3595
15380
1357
4490
3432
11258
15596
8355
3699
3075
10499
11867
11638
888
11390
7793
815
16474
10049
5412
13041
2253
13565
8911
931
13596
16404
12897
7384
18996
17762
7567
19323
2000
7275
13436
4779
11935
9325
18020
19907
6396
2728
13252
1556
3949
16642
8894
13668
6166
7608
10793
16728
16115
10229
10486
5481
3078
1948
17650
1046
18563
5816
8636
13259
3311
16775
12164
8604
6698
11923
60
2121
9576
17
7661
5598
3501
3633
18224
10323
19972
498
6091
2594
10698
17434
9498
12250
12194
9474
16678
9117
6340
18584
5099
11765
19616
17016
2936
15323
2709
22
17362
17207
536
8656
7427
15850
17723
8668
15942
910
8265
3490
761
17787
2084
6640
14636
8832
10766
15925
17271
10589
7402
1943
18716
12375
15977
766
986
19859
12974
11566
19217
4078
1826
848
3632
3801
17480
6777
16558
4443
7634
15909
6594
14794
9031
19413
1652
13745
9052
19374
7398
8637
4445
12596
4886
3203
16369
1425
9508
872
14653
14584
17414
17473
1059
12670
8618
10654
15332
6708
9945
15918
11993
11992
573
13889
19740
390
4901
4860
4813
1451
8817
8860
11846
12354
16634
9944
8207
13713
9861
19082
6293
5178
19361
10057
6783
10317
3701
10398
16134
17685
9381
4871
703
7099
7891
9258
9604
5893
6547
6363
6734
10102
30
11676
1761
4275
19891
15673
2520
14418
10420
7498
12239
3662
16595
335
19990
15426
3639
3421
2136
8247
9064
5197
18704
14138
15165
15419
14318
11776
10833
14689
8303
1253
6591
6238
13052
10681
5195
17620
4087
13894
785
193
3568
4995
4084
9976
1719
14468
2264
6377
9060
12145
11129
15500
14912
13828
19065
885
2947
9580
24
942
5875
19306
7880
19978
5047
19387
6938
15483
10887
17662
170
3266
15778
18959
11442
4856
6566
17489
19305
13671
18368
9174
16549
15413
20018
4398
794
3757
19706
18334
6403
17721
9744
13519
6075
18986
12711
8158
17096
7782
4240
19830
11814
791
5653
18654
16218
6129
16388
2455
2652
10248
8065
15240
19951
14679
7010
8900
3614
3016
13641
14362
811
6375
663
4545
8917
1110
20042
18928
14483
15577
4596
4784
2356
14676
997
3455
10069
8108
10262
8587
17886
15286
4525
3144
1811
8031
5270
14063
9159
1930
8549
12057
14064
5318
17047
12599
5110
16769
6528
17606
11997
13676
2982
1259
14571
18104
590
3013
7335
890
15361
11605
10866
7041
17417
4896
12615
16729
13060
7125
18101
1900
17162
5125
19437
12712
3172
19737
16626
13358
9313
13592
418
9406
1523
117
2142
6337
2497
14060
8461
5609
13398
17266
3034
9822
10050
2706
5728
15912
4425
13728
4791
18439
16386
2369
3591
9417
12433
1396
19469
3792
14111
15066
12084
18686
11110
987
5330
19518
11189
2240
2809
8973
13339
12536
326
13007
6013
4898
4835
7518
15824
16425
11689
16494
8635
15484
17157
17903
10673
13566
16420
13741
3841
17838
17950
6053
12198
4349
8324
14237
16356
18092
19286
9396
9768
12739
13162
7607
6630
11603
5693
12356
19017
5248
16908
15519
5548
16368
12887
18484
2214
12843
14782
4811
530
16484
7064
7837
18718
6512
12895
308
15269
9570
13008
3540
3397
19770
17343
13031
7912
2177
4625
19756
10247
7033
7163
5206
19887
11673
9282
7200
8974
7882
12555
10382
9817
18954
7581
9437
670
3189
11259
11092
19454
3895
11476
19048
13904
19036
8482
7160
19136
7638
16159
5814
7127
12458
15920
18278
7333
14715
11524
17517
11877
19232
8368
19511
16886
10526
936
19233
18746
19124
6390
15516
18402
10542
19914
6486
3923
317
14055
16586
7790
17641
8611
7740
11754
3752
7469
1929
20020
10155
17399
10172
16435
2575
17108
1323
5401
14624
6237
2961
15872
1752
1139
12472
15025
1582
2326
6024
6563
525
12869
5048
13286
16649
1488
6213
930
17901
17554
4865
10364
14797
12876
11739
3307
11532
6408
10107
17004
7274
1157
19386
9156
4783
12424
4748
14596
10826
8092
2772
13280
16676
2313
3389
9731
19614
14210
19601
16925
8607
16469
12790
7574
2971
9599
3609
11137
2123
13703
10758
11002
15172
11049
3965
12211
16000
9197
12249
12473
3746
10345
7474
10306
5313
12096
15436
7371
8515
5261
2172
2488
13366
399
6694
19588
14683
6198
9710
8703
4370
2251
17567
6253
5758
8167
12341
14385
13740
16878
14480
4773
1641
10409
77
17378
7716
19150
6079
10098
8164
16832
7845
17306
6420
2454
13802
19659
8613
6795
2630
3657
2194
4048
2147
12074
9685
11735
3708
17514
6133
5162
12581
2931
7426
16408
3343
5367
19805
6034
6545
4864
4937
14086
361
17187
9951
2169
14137
4340
8419
19799
15522
2817
15564
14563
12683
19751
13709
62
7161
8453
3914
19001
11619
11228
13661
19934
12300
4412
8822
10846
6729
5317
4315
15530
7029
7058
4329
789
5304
3000
18097
15941
14083
11305
19338
16989
17711
8100
13034
8195
4634
18547
7524
16830
2457
7732
3313
14974
177
18296
4520
3493
16923
19911
14141
14336
10646
18981
7602
11964
13992
16981
2458
5810
18167
12495
8409
4827
2427
6957
14453
11944
20009
7700
13383
11766
1080
154
2784
14917
3221
11299
14236
1822
4997
13560
15033
19008
15674
3012
18151
8601
6921
17616
11071
6835
6295
1567
16771
1079
14619
4296
14925
17355
11161
6786
19556
18451
16557
6869
2
13321
8931
11290
112
4448
6722
3327
6323
3031
758
6533
9155
19568
1608
1143
8316
18517
15238
15760
604
6718
11700
17660
11511
17196
6870
7887
3818
14845
2756
17423
19862
17843
3219
4621
6508
10404
5324
17143
4268
9738
16001
11138
7739
17206
12980
1773
6595
18906
16098
3616
15659
5799
5442
15518
11893
13877
15026
11783
12682
10070
8899
4771
1913
5272
6850
5247
10844
10937
10039
5391
16341
5562
15780
7393
11143
14902
19066
18137
18707
19977
11086
2759
1687
16698
13756
577
13415
17904
9
14198
11648
11101
4989
17180
1159
8044
1009
17416
2395
1479
12190
12166
3149
16538
8218
3255
8620
16907
3150
11215
3716
2708
17154
15921
10770
10335
18739
114
18730
14951
8184
4251
12753
5080
10528
3428
13499
10680
5160
16319
14908
14961
6958
14583
7679
501
8203
16236
134
13513
5467
7153
8599
15845
11580
14295
18361
4100
7192
3843
9816
5805
17311
17508
639
5904
19473
1326
3436
2061
8648
10092
4279
4719
19607
8304
15147
15194
1560
4780
15612
17584
15231
855
9305
14694
140
4829
11655
4465
1553
5399
7883
13443
10643
12112
8617
4444
12117
2590
11298
479
12419
8277
10735
12643
18882
9509
19440
8561
6373
1690
1183
13835
3335
14279
18447
2131
16648
9527
12402
3748
776
8938
5233
7248
14388
2122
1501
32
12269
7230
2117
13179
13084
603
6200
18952
18488
14880
8694
9319
19496
12237
9532
5565
14672
18115
3650
7703
462
12780
17217
3228
13160
1297
2629
19701
16555
9344
10940
8091
12225
7711
3210
3961
2008
18619
2094
15344
17095
12196
14744
13861
2231
2438
4065
1486
15183
10544
17825
3758
16703
11841
9856
7265
17529
4574
2431
5619
3712
3988
17053
19238
15539
3656
15415
9216
250
18678
17651
3849
10807
470
13429
11315
2314
3381
7907
127
7227
17088
2603
8992
12334
2180
9858
2615
8018
4383
13404
8538
1294
18339
1384
5675
4804
19962
8984
10862
16660
4672
6088
6689
12553
11264
12654
289
18977
12259
10043
7045
4534
1044
11207
16232
2973
16937
1087
884
12675
6446
13132
18583
14505
6854
2657
7118
4060
16431
1539
8951
2465
10550
19153
16279
11973
5090
8154
16702
11589
13730
5409
15990
14969
15489
5940
12684
5488
10327
1431
7467
18881
11810
9198
13852
575
13450
17828
10531
1366
8600
13362
9426
1269
2805
6855
2075
11134
5040
164
4075
3491
15179
16103
12520
17043
6029
13319
5522
9528
5513
15350
189
3532
13659
4310
2221
15470
5942
16797
11048
2616
10058
2635
17283
6977
7286
17583
224
11346
2820
8013
11392
2632
141
5614
6747
6132
3317
8166
6459
10551
16076
3337
14324
17911
954
15555
17326
2281
7234
10744
18780
12955
19090
4533
9723
18314
18370
1547
14539
10106
13495
14024
1474
868
15867
3837
10418
10035
295
3235
19443
939
9525
284
14333
15690
16915
13410
10406
7152
17325
8876
13590
12294
13503
5849
19278
6412
15675
20035
16378
18285
7668
477
15958
4657
10067
19271
2478
14956
18245
9630
7124
7114
8692
307
19841
6979
16846
12425
16684
14647
7341
10495
6937
664
14646
6576
18473
12459
12718
17862
13981
5079
12947
5925
17142
1030
17858
10763
17865
19785
6372
15586
1696
16969
12548
14327
4786
7218
3904
6263
4122
8655
3094
19513
3828
6325
8520
7575
15199
10368
4994
8410
14311
13402
9594
18042
10078
6843
1645
16438
14251
17194
15352
4387
3073
17010
4576
12314
16311
11915
2943
7263
10386
10221
14096
17099
6840
17169
6941
12668
19089
9811
10741
19492
12228
499
17248
9595
19131
5804
3779
1133
15057
18449
9729
1280
1751
15905
2597
17014
3316
11236
582
4043
11415
13900
3649
13467
19121
13706
7093
6180
9625
14904
5393
2201
13949
15847
14223
2582
8610
5376
5584
5627
19867
16963
11061
3669
11861
6244
16604
6
2496
11763
9785
3505
984
9296
8639
11690
2134
2540
14229
7611
118
6428
4807
19092
106
13123
17976
13717
3823
2698
14751
5479
2412
10261
460
19779
18613
19615
385
11670
16935
1895
6829
792
10129
6948
18001
2614
16856
17756
4853
10645
16273
8979
8188
2479
2519
5149
8255
5311
10547
5397
6490
18695
8101
19229
19935
838
7840
2241
1058
19486
15600
11876
15397
7675
7659
14535
12127
17708
5024
12707
3365
191
18991
7002
8697
4891
5979
3305
5934
13434
15524
3324
14734
3547
5740
5006
17830
18837
6847
6347
1467
4816
11818
7847
16646
438
16492
7251
16464
8519
379
12705
4580
19456
7606
12197
10028
18382
4163
774
5106
1360
17295
4264
12855
6252
10465
6314
13388
3344
20041
13096
4304
3703
4297
19076
14066
17632
4455
10757
545
3600
18366
4273
3654
14610
15135
10979
16680
18221
16506
4713
9925
19318
8924
19828
10142
8411
4838
19992
19861
19218
429
5404
7158
14623
3366
1823
16286
8389
18319
19349
10091
11312
8632
10005
18599
1189
5788
395
12368
18937
15146
5866
19579
19074
17550
7464
1642
6514
8588
12321
18884
15258
12514
15253
3422
6462
6134
12396
9276
6940
3446
13901
19222
18295
18817
2415
7103
1482
14164
8473
7144
15319
13683
18168
14040
18415
13649
5798
17777
11029
17953
12441
632
19629
2097
7044
14256
4586
18748
173
15495
13394
6039
2801
6232
8531
18961
14450
1373
17546
12727
9506
11991
6433
10437
11982
19566
257
2750
5912
13381
15635
1177
6430
4757
18521
10445
10065
13308
7072
4543
9760
17690
8756
13665
4924
5489
13830
707
6038
2227
6175
15877
14591
13820
5199
13250
18956
9770
16412
16554
3398
18211
5305
14400
19146
18434
13653
11055
11328
17397
12957
8138
6449
10342
10512
19917
15826
11827
4322
11180
3857
202
16468
17648
9496
7252
17338
9320
15613
17841
11053
15718
14457
7272
2198
2345
3157
9206
18603
6525
9490
18639
8910
18970
5763
15707
8634
13193
3243
1993
15768
14807
11200
6435
4029
6160
19778
18709
1167
12430
15857
17923
5061
19087
10583
9196
12746
11586
8514
4019
9098
777
2229
18703
6089
8105
692
2870
12094
17435
1325
3897
17592
16071
15712
7257
14598
19564
13486
14367
16453
8667
9008
8875
6650
5749
1161
15911
15742
9130
14074
14858
17601
1564
17808
1721
4921
19112
11741
10611
7779
13672
7855
18161
10941
17001
7757
16373
19309
1039
8333
8332
3461
4039
3069
5987
943
7637
7440
16618
12377
1639
2607
15070
2650
18526
1730
7229
19326
19613
658
19288
1104
17192
9138
5476
11624
18772
8927
11439
14051
17257
5102
15101
1987
18705
5528
14054
5647
13416
14901
14218
11645
1902
19522
8492
18726
19056
12477
7848
15630
19246
9297
16955
19013
19820
16487
5353
378
19086
9045
18652
241
4905
10079
1092
17969
10210
16107
10599
5042
7517
19038
10279
16219
8619
16304
11777
13855
16706
18059
7322
12286
17124
10825
3621
7959
15854
10422
15464
4722
19803
16025
10999
16231
4530
7380
278
4287
17212
9549
15122
1135
19478
3032
8146
2651
16187
11424
11722
8169
10167
17458
4951
19623
15440
14015
3217
147
13251
16894
9693
17669
18249
12835
6605
16552
8442
18968
14768
12614
19125
1138
4012
6312
6409
18099
801
11679
2639
12903
4403
9764
16826
18255
14581
2195
6754
18494
16396
7115
7651
17218
12904
16616
3607
19930
19451
19071
18327
8057
17478
17856
627
19688
15937
9697
12203
13881
14523
10329
10570
15870
13808
5867
830
2512
6892
6334
203
9414
6394
1413
19039
7825
8775
7406
7391
11135
4802
14358
18871
19258
12809
11971
10845
19402
15637
7439
2162
17576
894
18325
1109
12829
3529
13608
8505
8483
20047
5037
11882
15702
7184
70
14449
4388
2012
6523
923
14221
10241
11365
11710
18201
15569
8346
3168
4962
824
16170
15546
7292
5812
5870
15509
13332
2289
8137
16720
13318
14977
18516
2391
9878
10187
16437
461
6087
9019
14821
8209
977
4216
8743
6666
12405
1354
3162
10176
16036
1909
9721
751
10522
16740
6119
7826
7742
454
15595
5850
6517
15653
13520
18171
12830
320
5887
18359
18153
12915
1851
1649
2997
7805
12939
5615
1648
6202
5002
16929
1970
4072
4518
3357
96
2099
17031
18063
14068
15910
1554
13154
13908
6040
9295
18691
15862
14690
6538
13640
6189
15756
10856
389
18069
15751
19524
7961
4086
17883
13226
10448
66
18160
7996
5089
10265
18972
93
4903
1955
17148
15232
9773
17003
17100
10381
4732
15547
15027
5021
4710
3742
9443
16130
5765
12131
963
17292
18522
4435
16588
15639
6234
5120
5792
18774
10797
858
14309
14045
3123
4712
12453
16095
10036
14573
18938
1288
2098
11940
1972
17024
6597
2912
8462
9922
5785
16985
1947
14308
16716
13535
9233
4336
10969
14401
12589
4589
7255
5622
9619
1045
17925
6102
11433
16017
4395
4344
16986
2774
88
14687
2991
18994
12185
15084
2429
16968
3380
10568
15128
4892
8020
8370
14255
4519
15655
9567
3270
8295
13491
8737
5430
4094
4022
5536
18452
17507
2900
4091
6773
6833
7046
9404
18100
9147
3425
17695
6827
13922
12429
17174
13882
12105
16240
5682
17547
5567
676
7738
18367
10784
4590
9030
15446
19192
14282
7694
7071
8683
6691
12063
17214
15670
4384
7673
7040
16101
10861
15765
16840
7767
15004
18432
9522
18440
13780
8165
11680
4509
11850
14603
6307
2544
440
2133
12158
11998
4643
2456
8386
11571
14437
11905
13219
6713
5130
8430
15060
15903
2815
11339
9386
6167
18528
4402
16861
17822
5709
3852
5187
3447
6205
10239
20003
12298
6526
15206
238
13702
17744
18027
11225
19519
835
17674
15049
12236
11664
3499
5586
16271
3971
18279
12083
16682
9253
6262
5786
14793
11986
6527
12759
14516
8763
10916
7185
9450
4548
10273
6026
1389
100
10282
17579
13784
9218
15984
8954
8525
5225
900
18721
274
10930
13575
4157
18293
13223
18553
17784
8626
10032
1597
14608
474
2040
9324
15154
18154
4527
15801
8032
12844
2689
5578
5477
11096
10545
4210
14119
11708
18040
13088
12788
13068
5470
11081
15754
10235
19752
10961
5254
3198
14342
16089
12397
1886
1872
14534
4239
5154
3402
63
19993
4278
14148
6849
8773
12415
17590
12471
277
15678
9428
11812
14823
1507
8297
13970
18756
3326
18257
8994
17219
9090
9497
12191
11464
17166
15008
6645
15050
14120
5778
14012
8837
12162
11659
3181
6652
12485
2418
9345
1853
7639
16178
13501
15149
7734
3444
12154
15299
6675
17798
14946
5123
18013
8043
15705
9424
18050
19003
2387
179
3992
11994
4282
584
16821
430
6557
13390
18057
1724
11809
5495
5301
10289
14682
13038
6374
2082
8097
16008
7934
4610
18524
2074
3419
52
2393
2086
15340
2348
2853
11319
15239
10240
14101
18597
8560
8418
12758
8289
12791
18701
18684
708
7869
10033
17037
12525
12204
6161
2742
3460
13463
15473
19331
2402
15013
8330
11447
6362
11280
7754
8131
1804
61
14774
17523
126
1747
12565
2889
10313
13049
18313
7269
16308
19743
1892
16770
7332
83
19668
1928
4179
2559
15265
10924
188
14990
17353
16762
11728
1984
2568
14207
2572
13468
9554
10928
17659
9387
19982
12073
6516
12576
11198
15224
2404
4758
1857
2329
12041
2667
19906
1218
17879
7932
11597
3468
4293
11823
11568
16796
16155
17697
13743
3207
416
16992
8566
18862
14090
11805
14910
18212
3822
14927
14019
11729
16530
19310
15580
19769
2301
2405
17823
1093
18236
7095
16188
10179
6370
15833
3272
6546
12550
6501
18022
1670
2372
10858
5201
13964
14021
7047
8434
10426
18544
14792
3531
15237
16921
6308
16788
13739
13018
2865
17733
5113
2707
9986
6757
19256
5573
5168
15631
8140
19989
16602
1441
8064
6807
19886
783
1889
19270
13817
16480
18194
18234
3406
4144
19477
8132
18312
570
10869
12910
958
13470
3098
1660
6043
1674
13484
18140
10580
10659
4872
12723
10198
1434
8711
4162
9412
7213
8946
16436
17449
19337
15667
17367
15157
12662
7506
3802
4224
19775
15732
6437
15710
10215
7881
13014
2861
6439
14354
10148
3602
2767
275
5447
11514
5868
12533
7245
13601
2666
16451
11685
4889
14313
413
18477
643
5808
16490
6737
16965
16768
15652
17593
2608
9388
7908
5276
16287
7063
9076
16655
4964
17560
8558
2353
1644
14874
9371
5287
16315
16136
7187
19996
6669
15158
15407
1137
17869
15111
18036
10507
17761
6125
11981
14183
3566
13333
7101
12456
15399
4302
18641
8926
7320
5471
12331
9890
1926
2672
13866
7249
8231
4327
7367
16397
11481
16217
10944
19952
3635
1002
18945
4746
9042
15156
19520
4215
19954
19822
3502
2210
6793
14835
13738
6535
12651
14826
8834
8662
1016
10948
836
12773
834
16715
2902
12374
17881
1493
19632
11539
3229
8808
1005
9971
5073
3878
2007
7178
8479
17574
12160
10044
15663
11756
8135
13935
18590
15067
4228
9799
13625
10709
16181
6357
18886
7054
1367
7181
10213
12384
15644
2389
12593
18003
9981
14176
18572
12998
14787
8106
3114
1386
7423
2874
7143
15494
5594
10901
9863
17700
3044
6616
13140
11446
18191
13197
4572
18291
4024
7434
17356
11499
10902
5773
6426
5351
16177
7872
10794
4603
5687
16039
9834
19608
15252
14697
9946
16092
20029
10088
16525
7084
12091
4201
3840
12388
18900
18848
12390
1843
10226
16583
6599
15389
18755
13788
14321
17170
9830
17821
3071
12661
17228
19341
16019
2879
1864
16299
3099
9146
8824
13716
176
7527
5708
5975
2765
5931
4516
18483
16940
19240
19164
19783
12037
19041
18463
9287
12271
7902
8605
19554
7870
13430
14214
306
6017
15055
11551
8542
8115
1516
18773
14319
16078
16380
19642
12730
18573
266
7260
1545
10694
19527
5398
15913
7685
14071
10704
16072
9977
14801
16914
11917
9866
13167
9763
2548
7409
192
11503
17421
17569
9452
11378
10849
15086
17928
10477
4508
7366
9871
5202
17392
11284
4750
4984
4234
3404
2795
18611
15602
7088
10981
16611
1579
5600
16594
14177
14510
18892
4510
14269
10779
11212
11109
5777
19858
18502
18460
14184
19285
15848
18550
17837
2851
14936
14300
8767
16407
7831
19602
8268
18071
4792
1775
11625
17850
7911
3312
678
18803
13037
3821
8245
19345
14658
19167
5327
8498
4717
19329
6100
12824
15120
10791
15279
19284
14378
13053
3846
14560
10202
12216
2225
19720
5000
13355
17183
4874
16941
485
9372
10275
12648
19061
7282
10439
7641
5577
9563
3543
14895
4716
10203
3001
738
16579
19301
1329
7444
13227
414
6112
19784
6111
2970
18480
3872
13368
6621
13267
1457
8722
7157
1503
5400
8200
1896
9475
12994
5007
9461
17872
844
12392
9455
16290
4752
11746
1712
17097
6823
5554
1524
4232
16274
16261
7719
17920
12582
14916
13725
3729
6961
16783
15611
9846
20
10830
5482
15687
3565
17602
19986
13752
368
8129
2233
8161
15940
64
8282
5955
2100
1001
16580
15374
19562
13165
17211
1812
12531
12744
18408
8099
1868
13844
9943
2726
7239
10867
2816
11222
5977
17025
1246
19667
108
6066
16990
124
4023
17339
1186
16288
7781
13998
16004
3723
18472
7941
1379
17805
14142
11681
427
10407
11080
8380
5027
17358
17269
18878
8136
7003
4143
5575
16966
15908
4584
12871
10871
11584
2932
8765
5943
16848
11364
12156
12613
5011
2461
7019
16208
2819
650
19269
11623
3855
19504
9631
2261
10708
3514
7746
2335
13819
6933
11054
5909
9826
18974
4004
14301
15978
995
8717
6618
15214
13943
3813
9699
2588
2897
15107
1314
15130
16884
1419
13256
14890
12386
9963
7155
12032
8000
7702
10822
12839
8535
12009
12007
7505
9108
459
7752
15274
1068
10841
15929
10535
14771
14201
6649
5593
6939
3026
17450
7415
13177
3236
14443
12933
8623
6348
19693
12515
19298
11615
17330
14374
12308
19426
1994
4193
2191
5638
8818
7032
2239
18676
19419
17548
9825
6886
19142
16455
11363
9523
16046
18227
13523
1372
9113
19479
10590
18493
16500
11716
7137
15880
3761
1789
17954
15991
8751
7927
1020
2965
13134
4739
18614
2550
3488
6624
215
4470
7206
15986
16457
6636
3345
10706
14444
4420
5834
14261
3858
15864
8877
9544
419
17344
1204
13871
924
1635
12546
6552
16808
10026
14078
4246
17596
19589
1795
14575
13942
2514
13449
15124
9103
11733
3794
6049
2471
9352
11925
9902
19335
3513
2011
13166
2580
12913
9465
18751
19214
17083
11013
16363
16037
1760
4364
11658
4334
19687
11549
8183
3809
2048
158
19866
18158
7502
3278
12794
6530
1175
13265
14493
8958
4918
2049
4229
13061
5
748
14959
13980
10127
5352
19252
17276
8489
14638
20046
3925
3200
4515
2448
3782
8787
10701
4497
12444
15583
6951
13127
1631
10169
11031
4511
2232
401
11139
6316
12151
9236
5547
18122
4350
13005
5546
14030
10136
2013
14031
551
16374
1798
12053
14869
12027
18345
9667
7066
12877
6388
11678
6499
9483
6172
3719
6929
18207
15488
878
879
13609
1667
18002
8892
3192
10658
16712
3560
14369
18220
17736
9247
15552
10001
14572
12026
18076
15456
12367
8307
8433
8912
5204
3674
596
14170
13571
8090
7107
3253
14695
10984
3726
2300
15790
16803
4769
16744
8253
3227
13674
4897
11799
14016
7421
199
4868
5678
12152
1555
11684
16154
4266
180
3685
1352
13539
4600
12043
12500
7588
12586
2114
5255
13376
9512
6862
1756
6479
8622
10481
10594
435
16402
9471
5277
16939
11336
8795
12972
14502
19855
11847
1722
909
4671
1119
4894
3382
17494
17812
3132
17527
6436
15523
18074
13059
9307
19702
17115
19734
18589
13509
12960
8017
569
1300
3605
12806
4900
12544
2940
2894
8111
2273
13341
10234
3739
5342
1834
3009
11171
7429
7387
5373
11291
9975
12632
8420
9050
11405
8728
1806
6341
18715
4217
3839
14684
4318
8458
9714
13030
19245
3800
17831
18118
7956
4920
1478
17863
10785
15948
11077
12489
19
8663
4983
3727
16524
15003
15521
17185
16880
19430
6685
3209
3933
19726
13373
13413
1807
15648
4237
15623
4707
9809
9804
11711
16786
2224
17577
9712
2857
8093
8935
7946
2908
6027
8881
3776
19804
6983
2494
7364
18904
9954
17203
11761
7026
1522
10705
12646
11500
10591
3684
5714
1965
11347
6044
4352
13650
16927
19346
10018
8272
4685
10753
18592
5343
4472
548
8827
4940
4888
1792
1988
5436
3824
971
8528
8121
19043
5735
7407
10811
12071
4033
10556
14609
17922
153
729
17029
11715
16507
6558
7359
1677
17649
18979
15454
11802
6322
5596
10596
18813
13248
10983
7998
11128
2159
12347
2189
7345
1065
6493
12290
10113
19002
17939
13531
19558
13825
2467
1584
15225
17090
2111
12448
8508
9978
940
18248
13399
17975
11058
2643
5514
13978
10592
16928
2208
12446
19781
18706
4113
18096
16230
15480
15355
11294
16124
15633
3269
17380
7951
7001
16486
10135
2396
3072
9781
144
12247
18303
14816
10361
14372
19051
19525
3134
5451
16180
974
12982
11326
12175
19421
12769
11775
2620
10321
11413
11869
14037
18531
3194
6315
1716
9264
9154
16145
7633
1279
8524
20026
4923
18206
20031
19493
327
17400
3838
5490
17289
15459
12749
15787
1468
13537
9336
12798
17740
2269
13822
5167
18897
5695
10764
5967
2371
8004
8126
14209
17973
5644
6917
20040
1551
8646
12575
18230
6085
13472
11397
18631
3049
13287
18576
3340
17035
17960
3523
15125
5657
6376
18765
15645
17946
6069
16933
8141
6028
18119
17436
661
19379
3648
1693
14980
19842
5996
7204
5083
598
3220
9057
10280
3458
14579
16823
17795
17485
13442
16778
7326
2004
15458
10727
5680
4959
1475
16723
647
11206
9460
7121
5623
11237
18061
18362
10760
2525
1208
7994
5378
14718
2089
12777
17806
9343
8848
10236
5995
4002
3835
12751
14568
13168
5592
10653
14089
11936
2694
17859
12277
19582
10120
15982
2277
14009
849
8720
10042
10449
13551
17891
6703
10258
2829
8159
171
787
2531
11409
6387
2373
6620
15504
8490
11437
17045
1530
17623
15292
13133
13091
17453
15553
3819
19725
9012
16957
18129
6924
1103
17694
18506
7076
9416
17410
10886
13657
14711
406
14888
845
8173
9255
1264
4942
12920
11277
16916
2716
743
3336
14244
14783
15803
15300
8925
8011
7179
9844
4081
15482
19095
19093
19787
9980
14915
10492
6354
5278
7593
17770
12490
4623
8171
7619
1669
1876
309
8556
10601
14566
14013
12109
12938
12577
13895
16317
14716
2935
18754
8797
16571
5511
18910
11556
13273
12597
6513
6916
18844
8909
4366
7236
17506
2423
12505
4756
17956
3989
1835
19369
16459
18662
9310
7461
10617
2552
9011
5058
1471
9256
18088
4253
13335
2968
3807
3995
17849
16962
9303
13164
16814
13397
14985
7952
4269
1118
1210
8147
6285
18722
2546
18470
10634
13907
323
3169
12208
16587
14297
12304
15098
15420
19221
18301
16859
3604
3647
16837
2487
7533
12245
14216
13145
14466
4274
1353
19249
12067
17789
6291
1858
10875
7635
4694
9778
17150
13502
10400
9004
7864
8757
6982
7583
1245
15771
4725
14851
5068
14743
12629
3452
8782
11780
2769
14843
18821
12513
18026
875
17411
1115
13805
7528
18486
19170
15136
5704
18360
5155
9566
1225
7923
9419
17673
17833
6380
19916
13238
5359
8294
9333
10015
2238
3145
6424
14965
16284
2023
4385
2119
14831
10238
12818
5712
2052
16534
217
14122
11831
15954
19587
19058
6990
16603
10806
1487
15535
7404
10664
4862
4085
7433
12562
8497
3842
6997
8027
7976
14732
5688
13203
2907
111
2587
10447
19458
19963
17896
1934
6453
8120
3024
11144
7988
5215
6858
3329
13963
12693
3101
6988
13469
9857
9347
15106
9556
5832
11434
6004
13524
9025
13496
19838
10496
8072
18045
10818
17030
2933
9219
4155
17968
4911
8833
8885
2247
13812
8426
11508
2960
1322
4711
3486
19139
8180
13991
837
3190
9597
16476
11079
18267
7412
16434
5341
13932
9316
10959
18034
5948
9887
11773
11617
13591
11480
17967
17136
16263
6016
7557
12255
19719
8258
1848
231
15043
19123
3315
11165
516
9677
5861
5502
10799
11268
11250
8544
8966
17226
16007
16463
12827
16899
9382
9813
9145
4764
14294
16851
5936
11183
13086
15020
15428
2911
9983
10175
16550
3051
5921
10311
13202
2091
13619
9969
19715
8682
13791
13681
7151
1860
19561
4064
6903
17102
13174
15442
7578
563
18784
14922
13926
3638
2655
15044
9056
13050
17610
2315
2702
19444
14659
9073
249
15566
19831
12330
3383
7521
19731
351
3400
5818
16834
13157
9210
6574
7112
9055
17190
4715
2510
18615
9700
517
355
11995
6116
8036
7294
12698
2631
16536
14815
7540
7919
11542
8748
5473
4211
13122
10283
18397
2168
2205
17317
4850
2673
16589
9629
6814
5501
2539
3781
17804
13941
1469
6682
8392
169
11004
10328
8449
18859
11559
10876
6123
1727
18322
18670
19030
15127
3702
2638
4074
2209
574
18336
1944
19230
19031
2245
13392
8412
5004
11386
11517
13684
6037
12817
6589
1518
17305
128
15800
7785
1146
15401
13787
7238
15529
12556
1583
18622
19414
6265
4883
16591
18247
14720
18400
1952
11734
12607
4988
16922
9288
17809
11355
9904
19733
4308
19923
19362
4099
7417
18833
8641
1830
12949
11550
15032
1211
10900
8437
7674
3850
19888
733
5699
2918
17829
4486
1331
14293
178
15511
6003
17373
9972
5249
8696
6800
13336
5673
14987
8903
566
15005
11016
4341
17160
18874
1305
19202
13241
6944
19025
18815
7225
10126
1062
17704
9814
13422
15229
7304
13917
7271
1483
13292
16064
11243
9606
12640
4775
12108
16258
14143
7559
4670
232
229
7810
7106
18222
13621
10641
12418
12860
10425
4985
14108
10686
7437
9692
19651
15019
14476
10910
8249
12254
4063
901
19597
2624
4867
15737
8189
9143
7108
3081
1303
2138
19032
7780
628
12785
15704
17474
13035
8322
829
13605
3275
5854
17447
2400
6478
13019
3155
10980
7078
13975
4442
19567
6070
2274
18338
17983
9007
14091
19827
4299
6947
4947
7656
17722
13365
4415
16964
18289
12630
3630
10546
5223
15039
5843
10227
16472
15082
19104
3679
17937
339
534
14442
7270
14773
624
13541
19596
9038
1173
7339
14800
3041
14043
18905
10600
7060
10561
17236
4743
4943
1590
2394
8968
6060
3570
14
2780
19098
14909
8443
16471
17573
19165
10815
18638
14993
7624
14424
9614
3296
4767
16050
18842
10251
14471
19151
5029
18591
8387
19846
14226
7636
9389
4971
15802
302
2463
14666
17221
8650
925
19188
9864
16059
12518
6367
9889
9058
14779
957
3637
9217
1247
3867
98
2058
15393
2715
9828
19998
8771
10097
4761
15360
16874
4120
16084
2646
18504
14754
16734
343
3816
7584
1450
17631
10584
14700
7626
15825
16030
2414
17609
4998
5192
9362
13589
16055
7214
17323
5390
10051
6825
3768
19949
1787
9127
7519
2863
19801
4647
16142
11498
12631
18113
9912
3991
18570
6723
5835
17842
4141
13117
1979
9178
11408
18219
497
16824
9588
370
8826
3559
6816
9207
11247
16658
15888
17455
14349
19926
6031
19502
4745
1725
9916
1461
1594
18630
12688
9298
19508
14095
4691
16575
15923
14930
16644
10359
14923
6887
12734
16685
18039
17155
16811
11368
10159
13790
10722
16920
17445
7899
16619
14080
16610
9676
411
2126
5500
4914
8062
4076
4067
1924
11871
5075
14818
10124
2319
1506
7126
17220
1060
17845
292
6661
5474
14432
992
3788
5724
524
19837
14944
5139
11934
4367
9202
1550
2613
4428
11116
12738
8125
4762
3215
14250
6619
9251
2154
1464
14193
3634
14326
14296
4437
19695
13710
1633
12610
2854
5733
13815
2979
12642
3545
7526
21
10012
8690
11261
16047
6811
7202
17615
3755
16546
7018
156
11662
5828
10995
19281
15563
1681
9242
3322
8852
6068
16442
3284
13624
15075
13155
16504
1916
5801
4505
3879
8559
3770
12604
15681
14948
2570
5776
3583
554
6866
14057
17647
12261
13597
5314
9405
7401
2729
4950
4881
16102
6191
2584
13121
9648
4305
17999
20050
16885
6976
14781
11469
7312
17572
6503
14427
14945
4907
5713
13795
17933
19304
1704
19796
11121
13946
3510
3508
18144
12410
7425
11132
7660
9241
508
13330
5043
2204
8144
12177
18554
19200
19860
18259
10890
4966
8365
8452
10201
3775
1356
7431
12100
5768
5990
18095
10031
8972
18410
10295
5508
883
2641
4285
2406
13175
11431
9988
3301
16499
18601
2914
8317
16667
12778
3733
8674
2284
5093
13841
15575
14937
17941
6727
15148
1654
18098
12842
3136
13593
11350
6368
15551
1026
4839
8024
19316
12665
9494
18988
4700
15536
3894
17864
19509
6391
17934
9348
1460
19126
4359
13079
19237
10574
8670
9284
13115
13116
7079
2942
16105
19380
9836
19026
16298
851
9615
6301
12273
16477
17296
12297
17710
5016
17173
13085
16324
7096
17759
5888
10593
15236
18490
2279
15336
8388
7028
7167
13776
19773
18776
16622
5826
15501
5711
6529
13183
17801
6782
16827
16148
12011
8350
1007
3473
745
12116
13092
12663
9261
10533
3
7818
6889
15433
3035
234
5750
10435
7579
8704
9485
12875
7476
710
14287
13406
11078
14824
16243
8801
4585
15723
1462
7671
19717
11844
5937
18637
16865
4818
19736
12789
1380
16190
15587
2818
15998
15865
11552
15924
15192
18679
13678
17098
17149
7507
17766
12504
10738
11304
8345
9082
1986
12313
4209
2076
9122
17524
10781
12793
625
2782
11377
3574
16517
6450
4066
1585
13284
14475
3064
10475
3582
11075
3686
2994
6510
9106
14712
12201
15022
15729
14796
7973
11240
11195
14849
10218
13210
4030
15216
3384
7385
17224
11649
4236
18243
10320
11687
2328
14896
19634
610
7053
15306
19274
15296
11755
11718
15162
19598
13733
20004
5954
4153
17263
7394
426
5993
23
7173
16200
18958
17907
11865
9769
877
8686
8242
2462
19342
9661
12967
11374
18082
2739
5506
6995
17824
9727
7449
9431
4426
16478
2763
19922
16346
1102
19155
14790
8208
8890
15010
5569
17420
13309
14559
10183
3196
9960
18594
16225
2855
8689
482
15706
10030
18381
7086
9956
5025
8052
2792
19276
4904
6891
16553
9118
15629
18921
8967
19431
7016
12784
4954
14413
19800
10021
8831
17340
14382
18727
9328
14398
18174
8557
3664
18575
5165
1291
6184
16662
4471
2140
6774
18077
17668
3248
9919
15309
12936
4371
18419
8997
18399
14098
16798
14503
17470
9245
6559
6730
6972
7283
12183
7715
14791
4720
13618
10852
8591
568
4569
2822
17023
10668
9747
8030
8390
5329
15713
12283
17005
5956
11665
10921
10414
11757
10394
1671
14085
11069
13933
2581
18917
5321
5054
13993
10877
19528
16462
15314
11371
6336
3927
17519
8821
10747
3553
10352
1244
4846
12400
8823
14452
13534
12890
11112
769
14441
8673
4512
3319
9682
16073
14259
15178
17955
2296
15660
4409
11443
1171
12583
8192
10027
16443
5759
14839
14806
4782
16513
8172
442
2677
15126
14729
19498
13967
7022
5235
11707
6319
13679
701
12919
1808
12691
8567
12262
576
1580
4787
1610
2499
19657
8661
12870
19875
14970
8441
7052
4016
10117
13582
18356
11451
8191
5085
5965
10038
10894
16168
9652
15031
19890
2887
12624
3140
13098
18458
3289
17079
9072
14542
9246
8811
3050
9620
3276
6203
11516
14552
10217
12600
13937
2972
16475
19546
8786
8536
8267
19004
4560
10115
12176
8999
750
84
5414
12873
18869
14657
16034
17725
487
14050
1513
57
19391
5107
962
14421
9235
9266
19040
13303
19563
3395
10133
18317
14407
18673
1535
19465
3665
2953
2095
14213
11279
4714
7139
3445
9166
15750
9003
2890
13711
7761
12021
4167
12821
5512
16713
2347
15532
873
15457
15951
15497
11857
4446
12713
1776
3495
16186
11233
11282
18841
19533
11896
19014
4312
9958
3969
12959
16189
2383
13239
8080
6586
7186
6572
18883
6345
19676
9646
4641
16423
8428
14576
9542
13700
19187
8914
10178
19393
13755
8448
8738
7509
5527
14613
1256
13439
14868
1273
5974
13323
8348
18635
17680
5642
7109
2433
14208
15814
13444
13927
7340
17962
8045
10989
7697
8037
14439
6775
14106
9686
18700
10975
13687
14864
19967
12681
9881
865
4399
5177
9730
15679
10002
16313
13466
10746
7632
13242
14022
5645
2275
10243
4597
13544
9583
15614
15256
17084
10047
4965
11432
5109
17398
15764
2217
10063
14219
2056
6954
16761
13104
6822
13603
15770
18551
5174
8435
19883
17681
7194
5347
6195
5853
6117
4125
18729
14978
7331
14532
6834
12104
16888
6107
11163
18674
19482
8934
8809
16890
1982
11769
4733
14084
17834
3112
8463
16654
11562
5717
11899
2885
3062
13294
18689
3079
19957
11962
16522
10108
17237
15329
5633
16042
11836
12657
8964
18600
7930
10431
8726
17565
14271
14928
2425
2680
895
15193
3581
8565
13461
2349
12833
611
10620
5407
17245
19317
4168
16664
13594
13749
19299
13782
18744
9091
846
161
18250
5097
11130
19425
19067
1184
10237
2974
11256
1432
4227
3205
9454
3302
7037
8672
10832
13726
3694
15347
13347
14197
8288
7452
20039
6210
16537
6695
82
14975
5781
4704
1910
18925
4241
2547
8069
1285
8397
5350
11158
16991
18818
17498
3038
13615
15091
17141
14263
11335
271
15325
14410
3871
3104
4017
10121
16868
5664
167
14967
14761
8859
1168
12497
10008
752
3526
11345
11614
13859
14462
18471
11957
6456
5001
12623
8522
7766
252
12721
13156
15282
10853
17286
11164
12275
9096
1897
3790
11448
12069
7325
13797
8754
12953
12888
5831
10472
11786
4977
15394
3414
11789
10603
12770
1230
15746
410
4396
8094
2806
1757
11924
3672
15970
15099
475
8982
15531
4605
15264
11226
11148
10993
10451
303
17186
10150
15429
18481
13181
18763
14717
13367
6751
16947
10882
5984
15499
17767
8962
5041
6768
1194
19156
