13917
2843
4319
4735
8848
5019
2455
15355
6663
5604
3699
319
7111
10094
4070
17211
3636
15967
77
1013
6086
2324
16577
10011
18642
2169
14875
8447
137
1936
1405
10647
242
13758
8014
18726
2287
5416
14341
3709
4915
12196
13945
17609
5031
15521
13529
13454
2516
16005
7975
7781
14182
18406
1823
15493
7013
8036
10878
1119
4485
17242
9105
13507
19612
19549
11636
9364
4010
4364
12987
18703
18429
17213
17516
5152
601
3685
14487
18036
9497
16744
5277
3368
16568
17287
59
16462
7139
14283
3588
16782
19043
11214
4072
15749
978
15957
16404
1228
9295
19353
16510
17611
3598
9155
12019
13111
5639
6731
18895
17117
12018
18260
19541
10738
11893
10724
6529
6630
10737
2611
3028
4967
761
12030
871
18114
16180
6592
16065
18090
8419
15192
9099
9445
4367
2375
17832
4092
7889
12638
11126
12637
16355
12644
18278
7151
6643
1230
18954
16387
12860
3216
8635
4965
14083
14260
17803
6541
10632
10561
7498
5189
8031
3440
16439
14999
16461
3133
6764
223
11640
1466
3996
15563
1961
1054
551
15250
14314
3252
11587
19159
31
11338
1281
6682
10972
11733
8302
14967
4505
11841
821
12621
13790
18319
7488
14478
14301
18595
7855
5346
9516
9254
11382
15251
3262
6255
9828
15895
11046
16908
8415
15164
15480
652
4316
2884
9434
3433
10648
16628
19646
444
4185
12704
14818
15744
5956
7915
1766
2600
3544
9388
13270
19738
17767
15951
2568
10339
886
472
4209
5209
19054
7810
938
8853
2134
11808
17710
18108
16666
5519
13587
15
3658
19144
7794
4106
5175
18580
8916
4078
878
7245
3910
1948
12971
372
329
8940
7804
18754
2731
15956
1427
14423
10982
8274
6892
1517
14973
5707
3651
4774
13351
11944
3914
6721
12816
10400
12902
6888
8223
190
4603
1145
6200
9835
5080
8462
8456
16144
12431
12659
11578
3145
3591
7274
12653
10061
17838
1795
12474
6743
15904
7641
1920
9257
17617
19880
18302
13539
5827
10577
1950
10392
8399
4085
430
5745
12847
11017
1067
11163
1511
16790
18178
3079
18190
1751
1713
5881
16272
4312
10189
15482
18737
19620
14217
5855
15631
16813
19521
3749
17369
5225
9096
11785
1622
1560
781
12527
17307
19430
12230
11583
2702
2325
13914
10190
4924
10954
672
9319
12460
4809
822
18624
15138
14841
19527
14767
15232
7087
11517
290
12369
19653
9170
2994
9811
8499
10716
19063
9258
3172
9775
1009
11067
14764
1940
18637
16087
17483
7803
11390
17884
16749
15987
10344
12051
7154
5119
2526
1129
17106
1045
10274
8581
16284
18269
4053
7801
12005
4492
10588
9109
4791
17718
10937
7871
19912
2481
11022
15798
19792
5212
15796
8234
12025
379
4898
15026
14995
10890
6166
5208
1652
2268
12797
17137
78
2746
12112
18668
7088
2679
13740
4553
178
11113
10301
3999
14828
15286
18792
18402
12695
6510
9302
1939
2686
3912
13461
19153
8716
6141
593
7510
8134
17441
19562
18917
15510
3931
9706
606
10001
5373
6740
15457
19029
19950
9980
18682
2293
4538
3022
13195
13009
17603
1341
10315
7845
9056
14192
17021
17364
15244
12404
8434
17199
19127
18736
13566
12837
7795
2858
16021
4518
5203
8279
1957
2477
6811
4474
5723
14468
15683
19017
6627
8621
19277
5005
18349
8970
14089
7149
2972
9914
9420
11011
2653
6699
18685
4714
19412
7503
12642
11975
13894
6218
7402
4856
17173
11086
9998
16797
12649
18355
3665
19242
14002
18484
14940
18107
12231
19263
12443
6061
8023
15605
13231
2838
12525
3940
14538
9853
2396
17391
1410
19192
7190
9428
15515
19051
11698
14968
4065
502
2053
5301
17793
12137
12941
18995
2431
14167
13780
15152
14524
19539
12467
9651
13762
12904
7313
8307
4458
12542
3053
13886
4393
3827
1848
159
3599
16572
9850
2304
3938
5900
224
2421
3020
15686
13483
9891
18310
17885
8006
16850
3729
11005
5045
4476
4088
2902
8694
5517
7276
18625
942
10758
974
5326
986
2467
2036
18407
6389
15800
15504
9287
16260
18477
12732
4194
7442
11014
2346
17558
16115
2014
19298
13197
3782
725
15777
14617
12603
18672
19296
14295
13288
15732
4966
4257
12760
18243
19572
10703
12060
7572
4521
16569
4800
6010
10766
18023
642
16826
15757
9140
16013
18929
7634
13864
7598
15275
11630
10973
8490
18523
12124
17597
16718
2656
16570
6257
6918
2102
14978
12650
17951
4912
4917
7490
7125
10270
5651
4385
6554
13124
8672
4998
12605
1107
9928
6402
15086
19531
18559
6488
4864
14394
17508
15552
9694
16472
6146
12362
17568
4355
14787
12808
111
6369
5996
2156
9063
18292
3885
839
17485
2870
6164
8511
5018
8298
9413
4661
13801
9953
16969
718
13413
11407
1237
8339
11122
19023
9217
127
4763
12913
19949
8697
5097
12195
8579
7352
5512
5649
14657
19104
12116
16689
10152
8017
2688
13569
1261
9595
19047
13822
6629
8376
3343
8278
8665
10002
3907
19765
6016
2334
18058
1506
14616
3765
1079
16154
6942
10781
9909
14720
12609
18410
7152
18334
14360
6531
9760
16593
4346
16212
13554
5486
16789
12145
15235
12799
11141
8290
19080
5955
16672
12381
15915
15364
16229
5523
6720
510
10028
4978
9642
16408
404
9878
4552
6277
5006
2780
10208
7207
18847
339
5038
608
19741
8231
10117
4402
19871
15160
6759
6030
4726
5670
174
11331
797
527
19911
4562
12086
8827
6400
18448
4340
10473
11747
10905
19206
7033
3177
10980
8272
7329
18521
11606
185
4157
8343
7885
19415
18369
4246
14248
1878
9429
5561
14425
532
10241
17954
1419
7079
6000
19655
17883
2644
6939
9039
3451
8871
12834
17919
6752
11679
16125
7086
10697
266
5970
1089
16147
1698
7248
1494
362
474
9605
7097
16520
2370
9543
16173
15661
13710
5758
19980
18032
4648
16724
18662
1643
8146
8351
12927
6737
16863
19661
14109
18249
10945
4736
1972
16219
1867
636
8242
3761
17797
16285
13692
2172
653
4159
9419
6585
15168
5669
9913
18916
19433
9819
15073
17156
18679
10383
3977
10263
10855
19886
8778
15980
11422
13207
5666
13201
18691
6909
8092
1064
2839
16409
6341
1159
13547
67
9831
17966
8132
18428
7148
13484
8032
488
2997
19276
5269
15972
17591
12657
1415
19506
19855
7923
5249
10354
4011
13863
9519
4614
3437
3412
457
15819
5541
17799
15151
11311
18229
1224
14696
17314
11095
8479
18838
9362
12867
8072
16565
5339
4033
964
10486
13514
16288
11663
12601
6868
8500
15731
11833
13046
531
2700
10831
6961
13132
17011
8986
11543
3486
11863
14749
3367
1563
12723
3519
13214
4407
4813
11238
5330
15048
17583
17262
9703
13411
6694
19977
645
4802
18367
8766
4141
13386
17794
12673
14413
10520
1130
564
12158
19794
19456
5321
1649
5868
736
6283
10950
18387
14012
9798
16011
2179
5944
1299
14113
13130
3673
3533
13593
18529
10421
9132
15973
6338
11592
3362
5450
14745
6896
8580
4349
1641
3738
2714
630
9992
8658
12351
11410
3238
13015
9591
2737
18117
7167
16894
1529
8295
6426
15040
13318
16204
2517
12746
10705
12805
422
3139
20004
9042
628
17044
19366
9829
3222
13289
4374
6221
7076
7328
6383
9382
10294
4571
18062
3877
591
19598
14545
17648
12664
16105
16965
6796
17903
11182
14106
1542
19820
8725
12316
18341
7668
19994
813
10247
17053
5782
3656
17345
4781
4730
2894
8260
6612
13027
2779
3585
16001
5836
16891
16077
18541
16556
16054
7103
8655
4247
2576
17029
5317
1547
2230
3900
7599
19901
9231
13875
1632
4896
19120
17511
5643
7055
7172
13703
14854
12715
11426
14650
2923
12965
14754
15154
9477
1021
19382
18560
1395
11951
753
1459
3644
9973
6671
2355
9538
9577
3913
6384
15059
2322
6172
365
8180
6150
16753
14712
870
8859
1862
17696
3060
7862
18902
19328
18179
1184
13103
16475
9643
19973
1755
19216
15847
14716
3249
9941
9871
14175
2664
8185
14622
13457
11428
110
14576
10896
13073
13186
9229
2789
1996
12148
9771
8004
15132
18307
8204
7961
10179
5585
10064
8073
13965
19558
15583
16200
14607
13212
12654
14887
4596
8506
7043
7455
10211
10026
10655
4451
7161
8678
6202
3447
6863
3403
11344
4488
1277
7764
11444
8313
18277
8444
5659
8785
14815
11569
11834
18497
11265
5591
16227
17035
15460
3038
10056
13397
10334
1454
613
11445
6992
16179
16393
2243
560
1321
730
14517
16521
14522
10917
9034
9406
8923
7495
11367
1898
16150
3057
2594
4606
17747
13221
17082
5537
3725
11774
1608
10347
193
11676
5092
18588
618
12887
16934
3483
9806
16952
17786
9702
17818
12526
11391
14453
12842
14882
5701
3347
12546
2825
4904
3668
17756
17940
17139
12419
3049
17959
13380
17898
3233
2609
6477
12141
8181
18403
18470
11629
17494
13414
11857
6781
6031
2577
14261
1142
11373
5060
4131
5143
11562
14520
16190
18084
0
14801
17155
7535
16943
5415
2629
4955
15465
15382
13881
17999
397
2227
10071
10684
3331
773
12581
14510
13988
15638
14353
354
14988
19147
9451
7038
10779
11510
1070
13756
4761
19710
16816
6303
14321
8167
1885
18037
2033
11936
8235
345
16663
17989
15547
1357
13584
1322
16676
11866
1863
10253
11280
18545
8772
11523
6237
16873
17222
15590
274
18238
16278
10261
9412
16839
11370
5720
1196
8995
16853
4487
19107
6468
3542
16953
11552
3587
8816
1778
9735
8207
9616
13138
15410
14025
11718
19665
13403
10196
16276
14203
18027
10591
5926
17519
2579
11620
19003
10666
6085
211
9285
16240
18118
10364
18011
4579
18258
10436
17840
9972
12463
18159
17533
3808
3479
15628
4416
4405
12835
2280
8243
5395
12858
15078
10264
16106
6474
8668
7615
4286
15756
89
6241
9612
2588
11992
7596
9069
2343
14537
5307
3288
7747
4725
3803
12961
5961
2783
12345
9298
15184
10699
1376
19360
13722
4941
2408
8104
15554
2797
4255
2473
10822
107
855
8748
1728
15894
17169
13830
15780
3184
10326
13565
2327
17913
19116
5197
2256
8369
8461
12050
5298
3935
18313
6522
16588
9854
7382
494
6969
4597
17410
12879
18165
10732
7906
11196
12610
438
17685
16833
11720
17207
13707
2404
17893
13656
1100
7997
16039
8618
4028
11593
19316
12138
17231
7278
7602
12627
5892
7398
8555
19292
13452
8326
6787
12326
14668
15803
3503
11565
5542
19005
6216
3344
12861
15599
11056
9030
2828
7427
15723
11613
14454
17219
13668
2439
3338
9652
14584
11044
13744
19812
1423
7096
7114
10147
15743
439
19763
117
547
13844
8595
19693
4590
3056
1078
7594
5067
1492
588
9539
5727
5767
1536
5903
15042
2441
8282
10763
17736
6544
7667
9299
5081
15366
2694
9509
19823
8069
14686
3991
6669
6915
153
17052
2010
18957
2016
11539
2796
16322
8230
12893
15064
3590
10798
14888
2865
1210
7283
12169
16188
6715
2111
4656
7321
528
5813
10203
1026
6175
17908
13876
14532
17668
11786
4817
15092
9682
7822
16348
11452
14022
13964
17121
19090
18172
16535
15792
5969
14800
903
20005
19791
11310
6665
9579
15029
18124
19372
7185
6800
12977
4396
15852
6480
713
16490
13840
11507
9058
15875
1114
10661
15448
14329
5026
18216
17942
12964
13173
1525
17308
7983
4980
10959
390
5176
8531
4190
1218
446
17404
9027
3408
15621
8684
13339
11830
15167
16713
12945
15490
2836
7624
11314
3315
1232
4683
2585
16884
9552
14772
16930
14751
6496
11289
5432
1735
2863
16506
15144
8264
9501
4164
13336
6052
3201
1708
12243
9700
15992
3484
18388
17446
14396
1997
5982
18042
15320
7218
2365
9485
13294
9653
11273
10228
6986
6147
13284
19696
1324
12357
4940
15687
12859
2953
8488
16139
8541
16360
15004
9574
9097
5289
5352
12134
810
2198
7955
1476
16459
19092
573
11414
10460
2451
16485
7316
5614
1061
9177
9084
15680
16310
14473
3329
9409
7998
7014
12293
7908
13643
9975
1291
19874
8424
7068
13751
13089
15484
16856
7003
15541
9787
14296
132
10217
17492
7990
479
14438
13702
5160
3982
728
2905
6524
14799
4703
2208
11955
8565
19639
10269
4548
8364
581
14921
16363
10599
9708
2017
10166
17105
13493
18091
1889
4644
15886
3726
7339
14598
4206
5107
1231
3220
16351
2504
18087
7369
13915
1439
15122
9098
2890
11464
19867
4513
5146
6399
13787
13044
19215
14053
6557
11632
9788
12574
7800
3025
3572
16302
17455
757
10642
1699
5600
17656
12273
1803
1648
11797
19749
15478
17781
6094
16909
4881
3952
8969
12294
14885
15118
16491
15668
8784
14697
4039
325
4424
2975
15360
3188
1791
10695
3921
3265
8862
13987
1076
11267
17928
9525
15983
13511
8075
5311
7060
18507
3063
14417
17040
6371
2453
16840
13309
3404
2574
12121
3944
11388
8706
19229
12422
2089
5656
8981
19245
11983
3357
3035
6401
956
14863
8721
448
3875
13152
16639
10112
2515
298
8528
18209
12568
658
18693
7703
18267
3457
8147
15923
3050
20044
9234
11142
15801
1434
17578
15121
9255
12464
7701
5449
19232
14483
1249
9989
16621
18853
6495
14273
15514
6024
2876
19180
9847
5822
3930
287
3473
12423
5681
13877
12481
3502
9197
17828
15911
17515
10286
2713
13621
2028
6994
9145
2706
3154
5617
11143
1995
2869
1063
15582
669
5942
459
5468
10509
6983
17008
12675
928
17197
11277
14299
10357
5939
3892
19119
3119
10813
3670
1073
4467
16186
8817
2634
11519
226
2347
16809
5331
14508
13535
14879
6017
12830
2903
5429
7511
16673
453
15787
9716
9833
649
12671
18168
16389
10567
12358
9113
17815
516
495
12924
5668
7483
14028
1512
8749
1617
2342
2498
9799
15805
6528
17300
9306
1503
2432
14010
10426
14366
19584
6931
14735
1095
13217
17724
13641
19211
13052
14143
19413
11546
2818
6126
12916
14928
17428
6705
13925
13498
12811
4431
13791
18038
5958
4870
12374
17858
651
2255
19496
972
16153
6706
19325
4741
1086
2862
7074
17529
12751
17206
16203
12207
4906
9281
10003
18148
3041
17590
14559
19411
16343
12277
8358
14808
9003
17871
9129
7403
11035
13956
2149
1426
3688
9573
3185
1977
1235
6425
11559
16316
5590
8676
9013
17384
14186
13508
14313
2341
5886
7600
9890
8885
13811
7499
3264
8943
10224
8141
1062
13891
6956
15260
7239
8114
16646
19881
7183
9823
12678
8375
7625
19733
15149
5086
9500
13647
3923
12958
5686
194
6609
19165
2009
808
8020
4653
5829
6464
14599
10427
312
18057
3224
2261
15543
5029
10409
4214
8996
3204
2381
11070
10299
15560
15939
1000
1526
2222
17809
13653
6828
521
10419
10867
9320
10428
3352
17266
14381
17026
19376
16732
12766
17351
18626
14333
6882
3975
2195
427
17562
1963
12856
1602
16382
15099
4161
2587
1150
1309
19547
11327
4922
4289
10722
4071
19015
10073
4201
10951
6582
18923
8361
6447
16685
14409
6802
9205
12814
2321
9247
3728
15876
3429
13760
18612
13303
12572
4790
17254
11337
9641
15489
7665
3393
12764
4607
97
6251
12282
12392
6839
5672
2913
19829
17065
19131
19140
7582
11159
4296
5584
14553
18241
2882
5507
5993
16947
16221
6116
13879
7020
12039
18329
9391
16164
9338
17852
3115
1190
6063
17814
1928
16682
15931
8899
8058
14029
890
16748
3748
19027
6584
8196
14205
14219
9943
5853
550
5073
16755
2131
1550
1949
2555
9023
1903
18227
19317
1613
15339
12883
14638
1198
6535
2414
4660
9911
11742
15070
1806
679
19039
8221
13219
12497
240
7027
10805
10101
3626
11015
12783
12216
2059
19643
7988
5755
1694
18615
1407
11486
17569
8843
15218
16062
157
1675
9430
6159
19873
6546
18097
14678
16283
19876
10853
3160
11349
5700
2685
13226
18419
19525
11131
4391
7995
1055
13896
8420
15643
12122
14606
10596
5919
13269
4986
18138
13813
18221
3237
1874
12668
9221
10310
3441
5492
18516
8559
10195
16456
5037
12218
8281
14552
9512
19204
7543
12311
10710
8288
17765
19342
8053
11677
5873
3838
7012
7090
18866
11716
19030
12556
10183
17670
14846
7335
1437
4163
11269
19358
6015
19872
3619
2450
762
4046
9386
7162
9218
9280
17520
7355
3202
9956
11105
4626
13144
15426
17876
10343
7601
11776
5120
10214
14239
17612
19893
3734
14320
11052
18609
18949
8325
6952
19068
2231
7873
6725
14184
17998
14202
14350
19589
11227
16070
8690
14104
5766
9020
7268
12462
4787
1409
11002
19515
19134
10082
1527
12869
17931
19437
8466
12285
19863
18899
309
2039
10225
10927
11804
2766
9090
12272
11261
10199
19088
5515
17962
18990
6324
4412
13521
3054
16127
19578
2886
574
12483
2122
16824
7569
5735
16697
1588
9186
9423
16881
555
14570
6951
8425
3116
566
6790
3232
3064
5017
4882
3890
16048
17554
8632
1050
7840
3839
6824
6249
8182
16869
14580
4281
9717
14034
9983
8255
12444
3705
3837
2461
19318
7996
18739
3293
349
9329
2314
20006
1282
271
15180
17088
14041
5214
1414
3427
1256
14364
10387
7341
5186
13603
264
11858
11548
15675
12466
1430
9660
801
19754
12561
686
2488
1530
13408
3323
16112
8763
6219
11054
6463
7746
5166
10413
17270
14169
20035
15615
19750
3696
11512
19832
12589
17704
6921
17571
10081
3296
13627
14030
3903
1844
17779
7620
19290
13518
16072
6335
8946
7008
10106
17163
2904
2931
9885
15630
14142
13319
8818
6772
1837
15375
534
1843
1286
12896
19075
6420
4833
11019
6555
10621
18283
16309
14493
9101
9589
7656
18454
4847
7289
1372
19537
5200
8119
8292
7319
33
19910
12614
15813
2449
17152
1027
4400
5638
11901
8514
5012
4180
23
774
17224
7909
20017
8782
13672
2484
6683
19968
1532
12795
15785
17869
15632
7591
12634
443
8229
19800
9447
15512
8401
1639
958
15775
15454
17187
8459
13257
10172
11900
13721
188
15765
9070
3520
2554
19416
12595
480
9435
2112
4447
2364
15536
13873
3770
1248
18548
799
13338
19802
8863
19815
4437
20022
10854
11879
8736
8063
9327
14796
18563
16905
17698
11007
17899
14718
15424
13481
10696
15609
11869
3083
8633
11962
11496
3758
5465
3107
5162
10251
6507
7118
10077
15845
5372
2220
18348
10614
17750
6453
921
2369
17306
13642
13377
4687
3800
15506
4808
2460
7475
17816
10931
2096
5983
5241
3622
5167
11374
10108
19315
1349
554
11191
5977
764
15111
3516
3169
6821
13898
2292
10603
5158
17642
10300
16243
205
18619
14614
10594
3884
15950
2174
13088
14218
5854
17748
1209
15874
1762
14980
11223
14944
12198
6484
8161
5058
6865
4293
13169
6403
10477
18547
17182
12688
15772
4723
6756
14216
20038
9722
9402
4261
12349
17444
20021
6899
5020
16706
17370
4155
14304
4395
6078
4394
1453
19400
13382
11033
11645
3948
10197
11065
14489
2790
7597
14093
4910
14385
14149
18228
6199
15601
16088
11184
999
12616
15639
3576
16187
1446
10417
9318
7435
15922
13359
10439
5341
2135
6833
7759
9963
13904
6841
18081
293
17408
17727
9311
9836
16805
8228
11400
19797
963
11871
14856
14406
16964
17237
2301
16586
11674
979
6121
10215
19327
6230
8746
3632
9738
7767
8835
12519
17798
19059
15209
10679
19079
9379
788
13007
5555
13082
20010
14399
14961
12898
5718
1472
17676
6808
19258
734
8099
8674
8340
12866
5870
13522
5749
2625
17996
5250
12582
9613
13423
14876
11529
6007
16735
6945
18127
10569
19435
5987
11230
15884
20016
2339
16130
7002
13280
14870
16328
696
5711
12348
4292
5878
17545
3610
8920
2756
2564
4608
10706
1468
1093
10880
11902
6815
11696
4452
14639
17400
2924
5344
15861
15725
11528
1004
578
6162
6972
16237
7933
5564
3721
11406
3259
6395
10250
9899
14536
11934
1221
567
16122
16828
11802
5671
12988
15050
13632
5995
17581
13297
13793
12172
4544
7577
14557
17051
7173
9566
16705
5265
10778
4187
6970
2522
4532
9618
997
18880
13266
6231
7928
10053
18261
16352
5510
8406
10677
12748
10580
10936
12768
13734
7857
13591
7882
56
17873
2916
14451
12400
4125
11989
7298
18699
11976
15990
16695
9546
16220
4183
11236
7782
15840
15116
15175
10465
6716
16336
4821
7135
11152
5790
2153
9355
15890
9559
13963
6700
6733
3386
13983
20045
7786
15010
8919
3567
15399
4535
8619
3298
7106
2123
8699
4067
8719
13667
15606
16324
6435
17087
3864
2469
5130
9432
989
16896
6837
13816
4162
1508
8423
13900
6190
6789
6006
436
19064
7719
6653
13544
441
11239
6903
17436
4744
17812
14122
11773
13893
5929
15255
16300
6306
19899
16376
13684
5568
17253
4642
13608
17788
19388
12821
2139
130
11192
3955
14519
3731
3581
14253
3939
12476
828
5893
13666
15794
6404
11322
6963
10754
3646
14680
8517
11642
7821
19129
5276
15265
1440
175
6547
18582
14804
18593
2085
3310
12828
15538
16765
9272
17339
806
5867
184
8876
6070
10291
14768
19046
7771
4432
3870
4213
3680
7481
13648
15105
7775
4767
14581
8318
10173
5044
1824
7430
13598
1189
9111
19928
9455
7590
15791
6704
12101
12029
4636
14779
2057
16174
15253
144
8962
15520
17212
8643
11059
496
9190
1125
7993
10784
8372
15267
17272
15023
943
1364
17434
13204
17277
923
3180
5255
5535
9334
15133
6816
5206
6038
6697
18712
2990
12081
9590
2146
17557
13384
2399
19026
7526
19951
7030
2530
12479
7532
7048
10912
2889
4267
18911
1585
8068
10116
17855
12453
15719
12127
18183
5138
10165
7432
11167
8203
14936
18681
4875
18134
4054
3653
16561
13311
10446
14624
2826
858
15158
12161
17778
19340
7110
12149
12153
13078
14403
5397
7091
8573
4907
2755
10615
4651
14521
19981
4972
16750
12892
8316
1912
9548
17700
1487
19133
3771
8596
16226
11943
13105
11522
12047
17961
4036
14476
12253
12236
377
12544
9832
8015
16829
14632
19178
11073
17352
15689
17575
17447
2247
8212
13398
10631
17909
9633
14059
18430
959
3813
16707
8662
8881
7371
3328
9639
16196
6113
1619
4411
12105
5053
4288
9629
9648
18538
14220
2956
18947
5446
19789
3737
16423
14934
18157
3762
1630
416
10538
11101
18425
6760
16759
8093
8386
13281
2223
5154
6208
16010
15466
5480
6664
17666
9727
10537
702
10879
15137
14114
1226
11987
16684
16645
3600
8354
19761
9310
1020
9081
7433
15384
6876
322
15550
3488
12135
12663
3694
282
7675
9979
16587
8238
14845
15223
19480
7736
18257
2228
8247
5292
12486
4314
8890
15688
11415
12545
1358
7726
4670
18549
12724
2637
1094
8588
2709
4645
19132
13604
14923
10974
3044
1899
9343
16712
881
14097
15202
19526
11798
227
5413
9662
15740
3391
14773
11226
10898
13595
7077
12300
3657
9137
9347
5493
9474
18743
12829
11681
9138
2993
8280
6074
9062
9179
596
7454
10553
17837
19181
6181
11312
14404
1564
13239
10565
18475
3702
8328
15036
3010
11639
14046
1680
10295
6119
16073
13320
16236
16906
3229
8762
19337
17771
19663
19958
15570
3527
1866
19471
5880
10918
10783
1163
16657
9921
15431
14567
5898
14701
3376
9351
7948
17440
10563
7965
15021
4226
17930
7914
1626
18574
3564
16182
16321
1913
4322
4887
4380
10376
7484
11257
19488
15421
7898
12219
10040
9204
8378
4888
13634
16636
5569
9569
962
6359
13353
15409
1034
18544
10872
7450
12881
7469
18255
3700
7702
10408
16648
13259
5965
9944
17667
15170
6768
16783
1812
2543
12495
10487
2393
8388
2158
14656
14054
18816
19485
8661
12557
16709
4541
8217
17503
4827
15721
248
261
11317
6239
13316
3384
19048
2856
765
8954
8441
10285
2215
2676
3573
9266
1954
16945
11897
17596
14081
13315
17790
12702
13638
17851
7578
889
856
4358
11292
19500
18817
6988
17472
19972
2282
13301
6844
1932
7491
2738
8435
785
586
3371
7007
2081
5620
17316
18869
8959
7741
19266
14024
16843
16842
10087
17860
9032
12666
14915
5000
16079
12341
18000
14166
9553
9556
18683
8481
14401
12789
7693
18787
16773
19302
15620
13381
13867
3998
3095
5294
2539
11157
10922
3036
13290
7180
13349
11425
6195
5545
13675
3143
14471
18452
8183
15087
4499
19637
9887
12279
4720
5801
14662
5576
9794
15277
12270
975
6619
4578
13150
332
16235
6431
2379
17672
1109
8127
16668
13172
11805
10733
5188
5293
14346
4531
14971
7650
385
13824
15735
9877
8314
1693
6261
19858
9918
12888
15708
8605
3388
10288
3924
15051
16864
12259
13006
4258
11321
15826
14640
6564
6822
4832
7174
4472
17457
14050
17064
2193
13125
11541
6649
10298
19939
12983
3674
18046
7792
7973
1985
14674
10462
11188
119
3436
6042
9897
17032
16998
14308
19076
15333
6830
15067
5272
12918
11394
15660
15270
13669
19404
19363
20055
4038
1904
10424
4996
8796
5401
13698
8051
17416
2747
7516
6138
9967
11282
262
6757
7453
12722
5030
5776
1387
16091
4718
4948
19191
5754
17056
17038
14577
3414
9661
2284
15573
907
8866
12237
7046
2614
11110
11332
11229
2384
4417
5775
15829
16591
5664
14297
7784
6749
19208
2519
6934
1876
15359
2407
7356
18309
9095
7202
6818
16463
18539
16307
11560
11823
11610
13645
7132
15100
13706
11932
9380
3904
16093
13430
16259
1668
13981
13825
6287
5405
3571
16746
3723
7425
7787
9037
12177
7832
11598
14695
8355
14303
10308
9106
15657
1875
18398
106
10240
2310
12992
8387
3360
19261
12367
3752
7522
4137
9259
10770
13697
677
12246
17036
14955
15802
15673
18893
9677
15406
11586
16431
10977
19057
18722
8689
2002
17084
14543
9150
6103
3711
13920
3001
12366
2662
8083
9296
14388
11505
15495
13903
15804
6029
11029
10767
19101
3016
278
18248
13737
2961
5588
18654
3889
14711
748
9866
19501
4009
8729
5753
16742
5850
3213
19391
6702
2265
1118
19822
16481
182
13826
9581
7366
7678
4328
3178
4371
13774
15109
17419
8968
19933
10268
2132
9180
8411
17945
668
6457
805
9617
6284
18373
10662
10243
11650
13885
7163
2872
18212
19280
19891
3167
11894
6628
7945
5946
10707
11200
14249
8654
13162
8074
12628
13777
14
12648
8547
1124
3686
9284
10125
233
316
17055
8222
6959
4135
10721
3413
18202
3577
7870
131
15129
4455
5260
17969
14023
10584
19247
7916
1404
3683
1272
9436
17083
18859
14066
81
1531
6652
4225
10691
283
9055
2329
18879
15969
2217
18491
5780
14328
2852
14594
12597
7938
4632
5273
9213
5494
15368
6416
11078
2224
19852
10271
12156
9592
6575
7447
9157
9397
1283
17205
9446
11477
17274
7042
10458
16457
3453
14357
469
6889
6765
13160
15304
94
3301
13406
4673
13773
9403
16297
6479
5114
6853
10519
125
9529
15001
1225
3319
8651
7343
6442
2558
10283
210
16882
5128
19379
16233
14641
5597
3823
623
2820
7989
3332
8149
9505
19732
14036
9838
15257
4743
14857
1857
19705
16152
3307
12966
15387
17654
14251
9198
5619
4988
7910
5191
2459
4784
9812
3781
9888
14765
7829
19905
8477
16146
1092
15770
20018
1170
1162
206
11591
9214
10884
1158
3967
9670
9374
14993
19532
6309
10129
18382
11600
1667
6022
5606
18749
12979
13874
9210
2262
38
552
15396
4837
11737
19196
10554
8657
1684
15557
10371
2318
2523
13494
10589
17705
11175
17531
754
6650
19735
9517
18807
14633
15814
6163
6234
12551
19795
585
9369
8158
288
7241
17496
8639
15066
7249
14035
5821
1042
10451
10711
18182
5399
17836
2772
19697
14172
10265
5696
15789
5808
18738
9536
9655
10375
12840
12625
101
19252
12238
4580
1199
16529
16068
15181
3021
1033
7158
6043
6602
16390
10637
9636
9304
11087
1870
6035
14666
14240
9852
18115
7643
7704
20013
7462
4877
19441
10556
2323
10362
9699
15823
14502
8150
16547
12940
17466
19492
17616
11288
6348
396
6905
9104
5288
9841
13324
2935
19592
1595
19564
18361
19610
19255
18201
7456
2110
6307
18815
17025
18263
199
3009
10070
1204
15750
13776
19146
9504
3099
18931
13580
5999
15767
18565
8933
16012
15742
2661
10470
16818
20026
5676
11324
10373
12512
14228
9183
19108
1293
12952
14790
18643
8590
18111
8641
10772
11025
15357
15691
12214
9672
2182
8405
18607
13062
18620
14020
7275
16426
1707
17235
3863
16078
3873
19359
260
305
10032
4350
14918
12878
1974
13953
9935
19742
697
13035
9966
4415
4674
13099
1756
12938
17018
12344
16677
4823
12473
8263
6615
9766
13376
5596
18742
4825
11411
12580
758
6928
5531
18616
9176
13323
15031
6701
1666
19787
9226
19965
2188
433
12794
19385
9679
18393
10394
14178
8009
5950
5139
14322
9531
10407
4423
11225
13278
6450
12529
13781
16442
19764
16875
6051
11545
12662
13308
11877
11160
17927
16024
4327
239
11179
12041
19626
17338
11652
7755
307
5609
11305
18666
14911
8329
4861
9842
18848
1716
14294
13024
17820
18557
5704
6055
13437
6352
9220
13365
10728
9782
5912
17263
17826
19970
3712
17332
9571
6870
5708
18796
2669
2117
14274
3574
16347
234
18814
584
5283
19168
11455
8977
2152
10377
9932
11234
3641
15394
19807
19093
1991
11508
15065
500
11981
11996
9762
8433
7617
13182
16933
9597
1938
11111
4669
3156
2012
10928
8838
12812
8037
9314
755
16045
14976
15578
4178
751
15398
2860
14498
15213
16151
10910
1352
15413
10287
18805
9757
15746
6803
14964
18273
2103
6678
19288
19798
4509
3098
12040
18611
14825
14079
5145
4796
1382
19199
4799
4652
9626
18033
5499
14443
10864
18969
5329
8480
3794
18213
16422
879
6205
7836
5222
4202
9615
15530
11949
5183
5342
10750
4874
18732
10507
18385
5216
7439
14913
17122
12540
12490
14832
9793
14479
2518
15579
18970
17777
17807
11604
9167
19746
13978
8526
14340
5108
2823
12758
17291
16531
5488
8159
3681
4964
13770
10175
5441
17245
16349
8867
18831
1687
11323
3101
1353
6745
12204
9091
838
10540
16436
3465
8660
16599
846
13262
3067
16703
4272
12824
16812
9208
297
8613
7296
1606
10511
14789
2382
9701
12492
15282
4406
15593
15948
576
8558
9092
3568
4441
18471
26
5004
2654
12098
5001
10842
2167
11678
14277
3650
19473
8939
15994
128
12737
833
18197
13594
5172
7585
9240
17517
13243
9570
7651
18120
15117
1266
13926
2286
17967
2054
15211
11535
8570
19677
6294
9043
15216
4522
7404
18806
3970
14300
1538
17805
14003
13670
15008
6082
17602
16059
8123
11957
15774
2303
8428
13889
8991
11824
8178
12082
16295
17639
16225
5509
2771
8153
19545
4701
10237
11237
4055
10988
16414
13663
3556
17102
2237
13037
14942
8457
15300
2458
2425
18146
3401
12365
2360
3717
11643
1406
465
9976
15684
16857
2677
9162
12710
11424
1359
2316
992
12220
16040
17334
6364
13976
14338
1719
8121
19611
10795
3225
249
13883
1326
13013
6980
17683
139
2442
5663
17027
13227
18069
16640
14072
11114
14953
19463
15038
16069
1191
19576
7150
892
12937
1701
5059
2958
3498
13216
15148
19037
916
2263
16273
16931
12002
8927
1438
2954
8701
6996
4819
9511
13868
10808
6098
5764
589
18397
6658
15741
18262
4982
7875
11112
3081
64
7976
10650
7639
6771
371
12575
1399
14924
19281
17505
19913
7011
3809
4500
14386
17204
3243
7880
5496
16807
9130
16671
7897
3399
19071
19725
5889
54
12284
16959
10562
83
4654
17847
16434
15098
5521
8755
113
9275
512
10043
18955
15204
13292
17796
15677
19291
13357
15358
17615
4126
15762
19838
12188
11461
13155
3246
17800
14189
1312
363
8702
2137
5582
16544
3131
17741
6798
12553
18868
4559
16835
12136
4193
11355
11268
2163
18953
17310
2297
15738
16954
12459
17449
16392
9052
14289
5472
6120
12651
17157
8894
2006
7895
6645
6675
15045
16486
2542
10100
5935
7740
4577
3739
13649
16488
1744
14073
15082
8452
19945
18983
18499
17
2025
1285
12099
5466
9486
13459
515
9303
11660
7508
19536
9725
12162
13225
6883
10753
13008
13261
17742
5796
10999
5533
9977
9339
8801
14080
15758
16270
16740
666
9954
15296
7211
19748
16385
5457
18271
5645
11204
13444
14374
8819
1412
15337
8169
18980
14732
16605
13834
19552
12261
6066
14683
7299
14014
11731
10530
6002
3509
4058
16694
6105
11081
6506
11657
10322
13673
16476
1628
18076
11061
18706
11722
1576
14932
1779
4093
11360
19045
10756
6548
17941
8035
13577
3146
17576
7406
16912
11285
17749
3756
10745
17192
3234
12629
11274
18794
18318
10963
2535
4182
19073
2893
14345
18098
7461
13379
9934
10840
19495
5751
11700
3908
5070
57
7793
9016
7340
10623
19609
18100
1546
13769
660
5610
1965
7798
4962
2410
12478
12744
14435
13970
19721
9439
16630
2991
17490
12089
14807
16739
18608
9475
5411
767
15613
14151
5744
2233
19652
5581
10541
4780
2671
6799
16412
6342
14331
9955
18966
3002
18655
5400
17544
5522
19070
4049
6397
15193
16928
12303
8629
15016
7790
13527
9354
3419
5456
10803
12407
11799
15400
13228
14070
909
2082
15773
17223
17587
12573
1730
6485
6604
3466
13471
3004
11217
4095
18210
18346
9988
3893
18275
12936
16719
10989
2204
17769
2740
19117
19590
11683
11377
4118
17789
13841
1335
5800
17628
5089
15670
11860
4111
6511
7647
10385
18561
17164
5254
7903
10449
10355
16269
12100
19690
3325
7300
7480
15397
3279
11185
3111
2030
12899
2563
6123
12011
13501
19025
14086
11924
16250
4016
11248
11260
5817
10636
1113
518
11706
15793
18205
13949
478
16374
4048
414
17236
3933
17387
19657
13911
19739
16271
2805
13528
5883
13534
7581
610
6885
7198
15526
4734
12623
582
8197
17220
19174
14237
6523
8404
13520
1157
8507
13783
16209
5824
11759
18272
14661
18658
5624
19684
6296
18061
16978
2735
4528
15912
10868
8152
18525
10876
10302
17417
303
19143
4227
4022
16578
19534
179
12342
16698
4179
12897
13884
6631
1155
9784
8607
15617
15897
2835
8512
3236
1553
16009
3531
13747
7806
17271
12785
3773
18065
5762
1901
5377
9869
15568
5501
10153
7416
15461
19512
6140
11183
11990
6013
18123
9337
10825
11032
14891
14063
10841
6355
2088
10698
2211
16016
7716
18833
1879
13360
8213
18618
18455
8301
7979
16866
17451
12168
1418
4457
8585
9526
13797
533
9495
7305
14881
16386
8646
9441
11582
4018
2687
4243
13390
12838
9482
13612
16277
5353
4556
16819
13151
19259
7358
5837
6938
10316
11135
6514
9011
3392
14276
2681
15963
7553
17737
8882
267
14474
14286
18905
3313
4222
15434
2331
10313
19022
6858
15747
15229
3512
8309
18748
16989
15246
17202
11585
5803
18819
914
13888
19497
241
15463
11134
8177
15917
9940
10497
6430
19362
4351
124
6814
10965
4151
15907
11383
4363
14185
14628
8133
2742
14132
6836
10709
6266
18512
19354
4066
7550
7049
524
7304
11194
18633
12364
11661
8333
15958
7964
2232
11482
11357
14890
13738
10735
16471
2438
5527
8049
545
17537
8574
10090
11123
19917
6182
18142
11817
6639
13646
11446
9421
5438
11287
3442
2992
18390
7544
222
2042
4426
16631
2076
9631
8421
17621
7756
11721
11905
11097
19645
16728
19857
4572
8043
5994
9463
4574
7205
10866
9957
10099
3350
17178
11347
5966
10800
14994
13244
9110
5253
11807
17294
18438
14588
334
255
116
14574
6957
254
16513
8143
13763
4026
4884
18144
8306
8106
9456
10815
16365
5009
18509
16904
8334
10121
6719
19819
6902
14634
2226
16899
17802
375
16483
11782
12139
14824
6349
13602
7956
19963
11908
7642
9133
15942
13506
8458
11832
16071
4814
1792
18293
7690
6196
8710
1298
3887
13764
2405
10135
4217
6904
16354
9353
2549
5579
5232
17115
6840
5770
8901
17322
13383
2035
18340
2524
8535
5922
2795
19234
3538
10065
19332
8494
331
14252
17054
7694
11278
19077
6810
11861
1814
911
4147
18003
6497
6423
9182
337
8589
10531
14470
4263
16394
14726
13237
4342
8493
3927
8144
8208
13404
5076
17170
12730
11912
1592
12564
8443
10791
16590
5002
13366
4099
1840
17663
2104
15786
1896
6363
16113
7052
14211
63
10213
13086
19743
8737
11810
7517
12852
18985
5075
11068
3320
41
18392
4621
8806
15846
19607
17708
10787
4696
11497
15340
17985
7255
7482
418
481
16172
5357
19274
1923
6047
16244
11076
13516
12000
2264
1650
7370
7891
13055
18889
8875
16913
8960
19375
5235
14039
40
7735
11240
722
19560
1764
3881
7028
344
5809
10431
5230
15665
1496
11667
10093
15828
12531
12027
18827
16922
17003
11868
3995
6124
12210
4017
2397
3290
12594
10746
12713
7819
17619
3609
19681
6250
6817
15430
11232
18006
3317
19940
1104
16660
15414
5603
17144
8601
16239
7323
14682
12632
8300
14263
2186
2705
19102
19491
15372
15096
18126
5112
18526
16275
3120
15468
7394
14851
17754
18295
8546
1320
17282
7485
1018
17292
5508
15955
9600
9685
18850
15344
19406
13022
17226
10921
1368
1023
12836
2041
7623
15287
10702
17518
10558
7646
13050
1894
10786
18041
2541
2511
5021
18337
15429
1959
1355
8478
6252
11754
19097
3024
12202
16741
13241
7935
16047
11867
17214
15351
3407
14723
12471
19699
12567
1634
3663
5023
11145
4249
19136
12932
9108
1314
10209
6795
19904
2673
11580
648
12244
15392
10319
9472
7221
8976
14477
4828
18673
7233
16655
3662
1665
12686
1139
5554
8649
13929
7039
9632
11933
597
19033
742
13159
7748
4618
5607
11531
14605
10276
1562
11745
3780
18015
17768
10390
18055
18025
13558
10955
4970
19633
6068
18627
12477
17499
11435
2147
9243
14076
5369
14708
13576
16901
5940
7105
12308
12313
9683
7089
9077
18412
2955
8858
7058
14867
170
4852
11147
16619
3569
8705
8120
17399
10402
18573
5459
7856
14805
14819
18489
13140
243
9225
12645
19753
18411
19966
18198
18656
16141
15662
18372
13256
7528
13469
15422
18930
4241
982
11233
7146
14127
19982
17327
15135
12146
13410
10429
17249
9620
7724
11082
16990
2527
14065
7698
17849
14547
5268
14410
4746
9604
19314
13491
8917
4388
8750
6058
2642
9671
9479
11468
17359
12163
14729
16594
13582
15989
12399
10161
19566
3088
4494
4822
19050
9120
7229
19253
16634
2209
2043
17151
8982
473
16557
7799
12674
1635
2295
4863
19449
4899
9705
4604
2528
12798
11356
16083
13097
10576
11297
13070
17636
8700
7131
15208
14125
5068
15219
18374
11298
15261
1917
320
2060
16822
16962
20046
1106
15403
17606
12975
14057
7337
19087
4366
2906
18886
5986
9251
8902
10118
4857
1589
3824
6746
2801
4387
18631
15715
4462
2844
17512
13855
16019
14986
15539
13955
1069
4229
1049
5981
2582
18323
17371
15655
8829
18378
17721
2257
3467
314
14422
3682
7273
662
1267
4170
6929
8516
7874
11711
10051
16661
19651
13504
3269
8637
20037
14045
9054
6412
11168
4947
7386
17013
7963
10223
6779
3359
12915
1695
5310
18984
9261
17717
17188
2951
19995
16514
1273
18862
11130
7730
8987
6617
3740
19563
6332
4581
18857
13112
12222
12234
10690
19228
13047
14783
14906
15150
5484
13832
11715
11077
361
4262
6567
19810
7774
6292
3304
12558
7712
7129
11750
19378
13400
3223
15124
11242
1276
14437
17684
1328
434
75
11195
18644
11489
34
18054
3497
8175
16832
1603
4115
2718
9375
1053
12742
9746
3113
19736
19768
2136
1186
1761
7529
18543
12612
13583
13629
8505
14558
3398
1709
12042
4903
16758
19997
18320
17572
6625
11904
19361
18433
18488
19785
14111
17795
18745
17983
7587
15247
3321
1947
18281
7540
6184
13210
5134
10142
17298
11492
15841
17827
17992
9358
5652
11638
2064
13639
11153
7037
7026
8743
2121
840
4709
951
16181
228
11402
10714
13815
10234
1421
1905
10775
11946
3019
10526
4130
14572
15534
14390
18601
8642
12360
9673
7265
6256
11844
4120
18408
19833
8193
4181
4779
19666
4523
1195
19313
11862
19089
8291
1164
3481
19188
17965
8315
340
2242
17865
8851
4253
3614
7708
13814
1831
395
11513
6129
10222
6106
14565
908
17216
13402
12914
19716
14571
1213
1072
8192
5256
8556
1342
14997
8105
11084
4090
4013
16600
12440
11436
7357
9094
2078
501
3929
9470
14098
9344
5414
3677
14922
18064
11840
577
2649
15290
19630
9324
17888
12389
5088
14486
6713
14007
8906
6313
4235
11150
14679
715
12931
13158
9452
3032
834
5074
14499
15281
13248
7743
3428
9657
12416
9960
12923
6492
5084
14847
12600
10606
3643
16862
15870
11763
3894
9779
14530
6859
19164
1363
8135
6559
19477
18727
14064
13371
13575
8442
13458
10009
16910
756
5072
3804
8523
17980
19308
8735
1401
9066
11045
8582
14676
11829
3713
13394
3543
7695
3261
4698
13021
3652
19333
15644
19339
13865
1316
12849
486
16743
3069
7610
18914
11789
15832
7023
6056
17933
3675
14015
16530
17325
11608
16768
166
14062
3746
11283
6569
1887
1148
13878
5064
9695
15564
18830
7230
15323
18151
15324
11530
6709
1710
13662
1987
8568
367
6842
1966
3282
19518
2032
12886
4640
8860
1892
15565
17423
9389
2695
7831
10022
3460
15853
8195
7868
553
14892
14411
11361
7893
13789
9896
16987
5924
9865
11811
12850
11705
3845
13391
18444
17534
6009
8070
11409
8884
68
16613
2120
19730
9307
7921
18765
13137
18786
18690
1392
9269
1207
16201
11740
8257
9518
4043
9740
11040
6171
3358
13348
8024
14040
7317
19860
7070
18876
18874
8972
1777
489
2250
14573
10521
13990
3267
16902
14244
6217
15753
7247
7294
3687
7306
19870
18474
18276
8549
12502
10923
15356
9373
10404
13335
11827
17166
768
151
14615
16539
14786
1616
7261
732
16361
1787
6681
2238
16330
10832
14503
2161
17735
7364
6280
2792
14222
9350
15993
19640
12793
6316
17921
2446
12802
9959
11849
3445
6890
9239
8980
7044
13661
3979
3536
8822
17657
3281
7107
16616
18237
7828
16435
9089
1554
3689
17673
5364
3582
3034
6621
16518
11308
20030
19593
13347
5715
15298
1714
5524
14055
1105
9476
5667
12996
12433
7765
15938
2909
17723
9115
12451
15960
11000
16654
16787
11193
13424
17513
2979
18396
14744
16994
15022
5714
6293
15248
14369
2138
15659
19701
11850
3477
5684
14688
16961
1255
15778
2878
5923
15241
6446
18820
18837
4866
2883
19311
4303
14776
15604
6687
18
1873
6472
12048
18431
10210
4519
3775
13171
10013
1859
11027
2502
8154
15245
12832
7848
7974
17268
16199
4480
16985
17732
11708
19987
4442
15439
2707
6339
10673
5844
14951
16650
1845
4266
16189
7084
13161
5694
4264
731
18776
12825
7134
12128
15809
19624
12334
7561
13375
5376
7629
6330
6245
548
3974
3586
13425
12221
7324
1084
1046
11566
3168
15924
18956
14242
4663
10292
1748
17386
1103
1741
12434
11276
4446
10442
15636
15549
4895
13038
17330
3891
3847
3578
1847
19418
3883
3103
7259
19462
9520
18721
7904
10629
4094
5025
7350
1964
3693
11295
8802
280
8891
849
13954
16
3277
16224
15189
13036
18972
3902
7942
4002
17744
9454
11801
10063
16320
2366
8868
6530
14043
5623
277
16617
5434
18427
2847
10453
8040
9606
12278
13921
9160
11058
16763
17968
16217
7732
12515
12981
6647
21
7345
7189
17739
17002
11672
1038
11253
477
14327
12275
5274
12062
4680
9228
2143
18645
18964
9309
19419
291
16942
2914
3231
12854
5424
14868
4927
13421
1337
11590
4132
1444
3179
14568
17613
3594
378
8572
431
7001
17009
4404
3353
18937
13660
4175
10447
6519
8002
14368
3094
18377
16680
13271
7297
11403
18240
6299
9158
10845
1156
12949
19686
17726
18418
18982
15916
7137
3592
18864
17712
7018
12754
13847
3611
4354
18844
4655
9293
10874
17174
11913
9433
2417
632
16437
2803
17349
4025
8861
3289
13029
16381
7470
13913
7072
9993
14810
5635
1229
13909
2191
2070
7628
17821
17459
9856
17546
10202
16567
10169
12263
5525
11965
8667
8930
9530
2128
17390
9969
7000
7758
18445
7744
7762
1137
11854
10088
16467
14802
173
13003
9666
2806
19021
19241
18245
14699
11120
17948
5485
7929
4691
13728
1222
3474
9872
15076
2812
4390
4716
10759
2589
9207
14463
1313
1386
1670
3580
485
1385
102
19931
5155
9739
823
12726
10755
20001
9825
4173
6312
19011
14540
18967
3667
13374
6333
11
5340
19275
13726
1002
10067
4920
2544
15415
19036
9991
10314
4666
16163
10185
10581
17661
16205
16020
10559
1994
10966
16395
2959
9178
19636
18300
12505
16791
3504
4060
15642
9114
3954
15032
2566
5052
13480
7104
6151
7169
162
11211
161
12784
9468
15808
4570
11245
19569
19239
7878
10272
3703
16837
13332
7834
17625
18978
13745
6857
14306
18219
8332
18268
11335
1705
10327
15334
19818
17510
9765
4073
11725
3487
17682
252
15285
18791
12543
760
424
15500
12700
15007
12712
3493
398
2027
7269
4932
9820
19688
18687
11855
4745
17886
19041
17763
1973
10672
2479
11180
10760
7653
12788
18779
4299
12591
217
8347
10031
17539
12324
17577
13530
16296
9333
19396
2807
20011
5648
5921
13725
12691
4297
14970
13100
9004
13010
16691
2854
11724
9360
10976
8604
6786
10323
19670
19338
9008
12906
15598
7493
15441
14336
9102
9270
13156
1187
16558
18284
10676
17759
10258
13563
2765
14551
16527
13794
15342
16542
265
17476
18332
8156
14196
11816
9484
10524
11116
9356
19336
3911
7717
2859
9438
4560
19647
13972
8054
7372
8206
2753
13784
3396
3242
15784
1451
18339
13030
18546
8160
6723
4007
11730
462
15128
19410
16721
3947
1533
5719
11637
8214
12488
18321
10257
7165
2696
6926
12570
18366
8795
3007
8897
8935
1080
4121
3454
16717
16341
16714
4710
19279
2026
14214
8089
5358
17627
10908
11384
14221
19524
6742
836
19224
9049
2691
9292
17498
3013
14775
7225
6148
2596
201
8545
7761
9785
11595
6878
18777
8775
4063
19508
3733
9274
1257
13019
16752
6930
7509
6688
3832
285
12165
118
9015
11299
5435
17949
9790
6563
3191
6381
946
9770
3759
9009
11891
16715
14139
18731
619
4336
5876
4102
4421
19935
11216
11330
8707
17450
12070
14212
5211
16501
5832
15624
10500
2751
10678
16540
9184
665
9123
6611
5914
12185
20039
5355
3767
8814
7812
2069
17344
8824
10979
968
17445
12016
17458
18230
5934
17396
9541
8219
7281
8793
8803
1470
15532
4245
8754
4588
6045
13220
16014
12332
12217
9340
1481
14362
14563
4858
14150
15376
9152
8472
5613
1008
1618
13191
14412
13548
257
7833
8171
940
2388
10236
18365
7519
2868
2575
2443
19991
5544
14363
12095
2650
16927
4383
6351
2251
14593
13067
13686
7661
14208
4357
14996
11066
6596
8446
6997
15464
1331
10066
14575
17586
14042
3471
253
4891
14681
14975
15755
2725
557
13986
4617
6210
8327
1315
1718
18116
10008
19767
9594
1473
12482
6680
5710
5351
18188
8094
11748
13123
324
17973
6290
17784
16533
11958
19408
19226
4798
13723
7640
4150
9562
4692
6659
17252
10360
3270
2140
165
15873
1794
18043
10167
7136
7750
9783
17132
9006
14275
2816
7266
13477
5303
1681
16446
2911
10092
5164
3971
15449
11584
12356
6368
10412
15225
18034
14115
10609
8625
10378
8542
2647
5959
4122
16311
2848
8100
16532
19528
16051
18191
3751
7751
5750
3485
8834
2683
6775
10368
16602
6114
11258
15035
1047
4894
1085
6275
11948
4116
17709
4486
10393
5336
13417
11471
11524
19514
12851
18052
7670
13690
988
19351
2833
11846
12974
12865
4154
9542
2091
18842
1179
16223
3005
13370
12747
10262
16688
6096
14826
14284
897
11972
16780
14107
435
214
6127
4760
8232
10873
16779
2275
10930
17774
1757
15316
12066
15311
19374
8218
3161
5430
7697
5571
16937
1572
2124
8162
12445
7099
2436
9984
317
3879
9586
3495
12398
10019
15641
6642
14582
13674
17501
1992
11635
4006
15782
6587
1979
7210
1212
14317
2107
8113
5437
14822
13788
14259
5229
4482
18968
3086
17071
13439
7378
3272
9128
13306
14852
7242
2845
9065
19757
12055
1786
13429
18389
17141
16814
7415
5327
16133
12377
8233
6901
11588
3402
18423
16364
7538
4860
16378
7971
17443
5192
7054
15812
10934
18053
13113
14938
17353
2743
9791
9414
17525
17560
15764
8966
4197
6875
5816
13859
9278
4667
1115
12091
2808
3640
10054
19000
3836
16331
8148
933
8909
17892
18750
9508
6666
19124
3671
790
8730
12252
14595
12239
14402
13694
535
15336
4501
14644
7783
12954
2976
10204
1287
230
13307
16571
8592
1671
2562
9861
14861
15946
2867
7085
6657
19916
5204
18206
6409
4324
18286
13536
58
1679
8359
7657
3965
10033
17198
19727
7749
1177
14651
4077
13615
10940
12403
18888
9744
16651
13346
9376
11069
7536
10590
2615
5631
9864
18095
5297
14704
6229
14033
4946
7252
1815
12307
18617
7053
18604
5558
11572
16726
6260
15435
14795
9557
1906
5090
8335
11201
18468
9467
15910
11091
5682
10579
8956
9795
17354
4105
12991
7777
4997
1479
9361
13129
11821
11243
852
1289
8142
9915
12229
1348
9545
3102
10324
18305
2895
7673
14880
13700
14794
19747
17649
11985
7752
7607
14446
2897
4430
15981
3835
15754
1271
12173
3523
1810
195
13852
11206
19392
13079
19157
13624
13001
18867
16690
8804
215
19859
15625
12636
14747
7972
10812
1521
18420
1345
3155
17372
5702
14074
1584
10901
2968
7122
2853
16057
1431
7347
12518
7217
8992
19930
18012
13943
3548
10134
11602
138
18317
1048
8780
7896
15420
12034
1436
16126
9172
17556
326
15350
2406
13117
6806
17150
19984
12021
12397
16919
9939
4216
6110
11467
14429
9026
13215
11779
6337
10659
202
1329
850
16907
10332
10859
9554
17509
7451
3769
11909
15902
12340
4471
10889
8357
994
1621
12578
6908
18959
14707
11885
19625
14245
14270
14247
7674
18303
10074
4397
11940
14250
2618
3745
3872
6880
18368
16119
1300
8889
14120
590
1677
15317
640
7566
9265
698
17932
12736
6475
2031
1428
17108
5895
15926
18394
15015
10824
12346
15433
13154
8955
20048
10045
2936
1074
12187
19381
16515
7117
16849
4236
17261
4084
10598
8811
7825
12873
12782
4550
4862
13388
12337
2115
3562
2631
2915
18500
1763
1126
9035
2092
11368
2499
13969
2313
15502
428
15061
1835
7899
12287
16846
12192
4697
12057
14291
5057
13655
991
17872
17097
5182
16420
2430
1821
1417
14358
9175
12577
9756
10630
4498
6072
2971
7630
14741
7580
13276
11607
7505
891
7966
3510
12809
6209
14227
2040
2497
1178
4000
4056
17535
1754
13326
19067
19591
4136
3287
7953
6777
11903
19173
2422
356
18811
1396
10307
15385
18520
15338
10924
18104
10139
3379
13314
9929
15517
1882
19237
13871
4484
16066
1504
4766
7541
18476
17850
15824
12770
2934
4969
14170
13133
15699
7280
15002
4169
12441
5974
17900
13664
6933
9151
18537
11375
17922
2819
3853
7841
815
6593
12079
17856
6459
19678
5270
3491
10359
7216
1295
8723
209
9047
8608
13640
7574
14803
10886
2757
15140
15283
7045
6707
6193
16029
9658
19942
11244
7057
12411
19520
405
8812
18877
11768
13617
18942
17275
14509
13451
14649
3228
1743
4999
11888
16473
5309
18343
8597
2276
187
7320
4124
12201
7423
11363
3844
10331
3199
3114
3744
5380
7059
12143
16679
13025
16358
19543
17004
11155
16074
3378
1447
4375
14138
14937
13164
11726
17745
15760
13918
4818
4855
2760
14689
13139
6993
11856
10126
14737
8789
2616
8611
10475
14709
14457
12241
4456
8606
11336
12331
18671
16195
15005
3183
140
15977
8854
14833
19220
1742
14722
11318
4001
19246
16455
19446
7414
18250
18160
15998
10633
8609
2698
11910
6049
14814
1336
2240
10184
11851
3857
4152
2072
15199
10091
10148
14596
11884
19707
17730
6244
6471
20042
20024
3620
4979
13973
6769
5530
6107
13432
876
10941
16050
19944
4496
1429
9876
7754
16723
3390
7395
15581
104
3374
10023
18766
11664
14343
150
203
13974
2651
13148
17284
7130
5506
5680
7295
9981
18855
5356
6586
7192
7681
12424
14761
5431
12109
2817
3949
9767
19470
5482
5783
4368
18297
9149
2689
17624
10279
13991
13396
10096
4944
9696
412
2777
12717
17438
8485
16241
11371
2480
306
493
5343
2047
16738
14949
15851
14784
12150
17031
12504
13488
15893
19683
2170
7286
10774
18772
19286
4420
5481
2963
2154
18614
10017
13312
7970
775
13854
15943
4210
16720
11395
18760
16939
11376
8322
18381
11418
13546
3959
8393
19394
10744
9768
13839
15072
6441
3273
7502
5406
10131
1922
10694
12321
784
18119
6032
19790
13251
19454
18264
11800
292
17889
8836
11485
9448
16362
4831
11961
12402
15647
11648
18187
9551
12641
4064
2299
15523
15850
7826
6090
16262
9634
14500
3300
13590
18896
16116
18638
15252
3
19875
16505
2537
6695
11527
5721
19804
12299
10646
19194
2373
10610
1483
8003
14351
19421
18861
11329
11688
11787
15619
6132
13258
6710
10809
11427
14108
15576
11209
19941
5220
13026
18952
6624
11770
16405
3602
5083
16845
7680
9404
17099
7967
19711
9849
6361
1464
1573
2418
14690
13525
4830
9723
300
9868
19460
15537
11037
17305
12103
10730
11875
11053
17817
366
16207
15269
16428
9880
8673
18128
8236
6258
15975
5447
15626
13862
6614
19114
6204
10415
3014
10193
3936
16123
14494
15427
15608
18463
6143
3091
3110
10542
11333
16030
6689
3171
19034
19915
216
6776
15505
13180
10205
16280
10689
11166
8833
10920
8895
18935
14462
6525
18265
18301
13819
17631
19135
12741
16027
18195
16136
3047
3647
7987
15233
10953
11235
1132
17911
11470
16665
16292
5963
3123
15634
11472
14148
18551
5228
19110
9491
15679
9087
16917
18812
9074
7375
11982
8872
18170
11346
19212
745
9637
16440
14877
12630
1147
1983
8400
4841
3397
7424
936
10450
11284
7238
4880
15377
9840
14090
1884
9080
10098
1416
19287
1853
8686
1739
17638
934
1153
10613
1614
7576
11440
11550
421
11369
17095
2340
4853
13081
505
4469
10238
11831
3150
13795
11876
11178
5287
245
16975
7533
2741
11399
19429
9990
3480
6916
12491
17085
826
1029
16134
8530
17110
18030
18835
3163
19195
3795
5113
19740
17937
17664
18153
5794
14230
9609
12571
14352
17393
1116
8983
4646
3529
11931
17184
19770
17957
19762
13068
9393
8060
2474
10245
18851
1171
16566
5830
2427
16956
1022
13242
17947
4690
19896
17995
4215
8820
15044
8294
7420
3722
4840
12874
12227
11781
12721
18647
13931
14131
3797
20019
197
5135
2937
18639
18553
9408
869
16762
18103
12694
19505
13804
13971
4643
12532
18056
49
9017
15919
14159
8645
17952
7852
3547
2144
4114
11835
5563
8758
13907
2660
7041
8131
8567
10304
7944
16444
1523
1127
14966
4251
4826
11772
1594
13948
15682
13126
14899
12330
8696
16798
13895
15325
9839
19535
19803
3715
18092
19268
2372
6111
627
18225
389
281
8363
3096
11218
6600
13678
19882
795
4003
3968
7500
2356
8539
11021
8210
14475
14694
12521
8918
3714
7922
2444
17368
16564
19004
10985
14960
13121
1858
1347
2711
3934
17687
16034
16524
19565
5557
13069
13545
12268
10674
9212
13693
11646
15694
4382
15123
14645
1551
5370
17412
6948
13246
13827
605
15119
3215
1978
18908
10566
12378
8498
14512
10983
10489
3917
12096
842
8767
3062
12806
2787
8602
11463
16988
18018
12094
2514
8174
5540
4762
10050
14480
14748
7367
32
2599
19123
13750
19793
3604
9970
17375
2899
11133
19152
13631
19145
9126
18130
5882
1692
6319
10133
19718
17738
3859
7094
14389
6322
16526
19341
12452
13304
3450
10967
6145
3796
14792
8381
7004
10505
17608
10068
12113
1398
17049
8937
15487
7264
19627
16464
14837
1942
13063
9127
8961
6549
2732
10338
11907
15025
17785
5125
11777
2392
6285
14272
13993
11704
2584
9012
4333
19256
4285
5350
15669
12084
14592
14758
8044
10406
15446
9774
1380
1513
12469
15978
901
5871
9331
9561
14141
4923
8615
11685
15527
10454
10320
4628
18578
15865
13676
7844
13616
8825
8245
5451
4679
7144
2055
1765
12944
1700
10578
16002
10403
9040
8373
1598
5464
12045
6753
5324
6724
12598
350
16124
11601
17058
3203
4360
1393
13401
16940
17588
9711
6144
17936
5502
13533
523
12310
19445
14771
13517
15952
10220
4274
15226
14258
10038
7303
12384
3153
15141
5692
7802
8953
13416
12608
18224
2462
1953
5547
5423
18891
12465
19673
7892
6975
5281
16082
9999
15548
9060
8108
4186
17831
8392
19091
12257
2118
10230
10479
17217
46
5673
15693
5491
15197
10256
11454
6981
18870
3149
12072
5362
17315
11149
6
503
6648
14531
18247
16734
9352
11334
12820
207
13277
19813
12857
17706
16525
1952
19582
11744
7649
7
5595
8947
12372
3763
14246
12271
4657
2941
18667
15205
12590
14926
14416
5772
11309
14554
4158
10536
7373
11973
6345
6360
16261
2804
11697
11075
16831
11520
17920
17125
3753
5105
17479
9230
12223
6173
10306
6436
2062
12429
16006
7359
15739
3074
5738
2097
5793
19759
19309
957
759
7171
18987
11970
16970
16257
11171
13470
19244
13571
1676
14631
14383
8805
11089
6794
14974
4622
9159
17491
18883
18449
8021
12215
19559
12517
4776
2489
19698
14421
4384
1999
15185
17895
4557
8663
1552
10651
2200
16876
6925
8687
11460
3121
5223
20033
364
8963
3616
18730
15166
1005
13938
8252
9119
16373
2509
17994
5391
4773
5261
18465
15940
19675
7123
2969
6478
11057
18395
8727
15717
1623
16028
9603
16445
15370
8039
10471
16683
7465
12968
8631
17841
13358
15544
19825
4083
17093
10725
2260
16238
17296
14839
10990
3346
18109
5181
9244
14834
12457
4211
2881
2332
5968
14698
5028
18353
8172
8489
5938
18322
5658
8248
15729
6393
18375
18797
13448
17570
11758
17225
15079
19367
1808
926
7325
39
12022
12298
16870
5278
13107
4770
19103
16357
19979
9242
16095
9926
2475
744
4463
13098
8921
17107
11119
348
2159
10146
10395
10469
18555
10435
10731
3324
827
19658
7346
1460
7869
19323
3170
14191
18710
4943
12067
5849
19160
17104
4834
18379
8681
3855
1346
12620
14813
4015
689
1087
694
12538
1181
7418
11765
8712
10052
10900
13091
1818
11146
5280
10769
3849
1782
10472
15935
17328
19580
5426
16193
4493
12071
17523
4601
10742
17020
7737
2762
12249
4688
5365
2727
4658
2328
14312
11079
14197
7440
8703
1301
17691
411
8052
11080
5140
6155
6301
490
19371
12199
10837
18514
11623
6019
3251
3137
3736
16251
17153
16606
2929
13800
8308
7256
14344
6762
1433
13447
11625
10915
18528
7270
18994
4021
819
4031
10239
19084
19231
4300
1461
7839
8999
12267
7960
4341
4376
16255
368
7568
2758
4713
10601
19821
8284
18928
6238
15656
13735
17644
4602
4534
14092
17460
44
11898
8974
2810
11109
10522
8844
15945
13600
15618
14426
14798
15214
2185
14935
122
13743
8476
9619
8047
3210
1365
8216
11103
18232
14939
16194
6874
7497
5747
11864
12884
2335
5763
3312
6297
16595
13095
4536
4616
10136
13188
17958
18086
14496
9124
15519
4313
1144
5396
17347
9459
2311
17637
7010
6315
15262
8695
4307
13440
12123
17161
15529
16669
12026
1233
19839
17176
7883
15820
899
7728
8224
5941
10277
1465
7796
11928
7947
6117
3779
4890
2190
626
19249
939
6336
2333
1758
200
4370
5657
7220
9294
15790
19299
9721
19866
2218
3363
14534
11389
15558
9792
4489
3015
16883
5304
1202
6176
6989
18010
9906
11013
16597
1759
16159
10962
19814
5374
19585
2018
18542
17916
9665
7552
8289
15822
932
13741
17281
7024
9623
13268
16516
9088
6633
7573
232
12347
15220
10502
4184
13596
3365
8475
7567
17640
4871
1908
2021
3355
11187
6673
1463
6243
19671
7227
3418
2492
18648
8270
9499
17140
6081
5864
19306
14902
3964
508
18860
6101
15143
8077
9650
17605
9523
2855
1478
19393
14161
3829
7017
4558
17424
16968
15310
15125
14507
5759
10366
12286
9674
4539
4166
16761
6118
7941
802
18584
16305
16017
16377
18424
4298
12012
3918
8764
11769
8791
9576
4971
10016
10391
5490
9710
12380
14675
17047
16480
14597
9241
8773
15860
17659
9560
16138
3810
13899
3793
17675
2945
13190
3627
3305
3151
14623
8038
1662
15737
3142
5593
11540
13122
1537
423
4449
14878
5548
7984
14198
4526
5323
6991
16854
4795
12963
15751
3334
12035
3364
8391
10582
3247
6135
2336
10700
1081
8209
16560
15095
6590
18174
15242
9751
5314
19431
5337
13998
4850
18315
19517
5621
16075
5907
17175
14052
16178
6406
15014
18762
6346
16825
15249
7383
15869
13519
19002
12306
10550
5777
3860
11051
18014
15696
17313
5371
14858
10956
11749
7925
2289
12417
5295
3637
2358
17159
13752
3423
13614
829
14181
14528
19139
3549
18167
2605
18356
4108
2029
20000
6183
18473
4004
4356
1854
1893
700
16996
2986
2974
12183
10560
15069
19608
3476
11887
13708
6328
19986
9834
10552
7664
14441
12969
7518
11009
9196
4758
7851
2578
17825
2413
19959
7101
8865
671
7865
4543
4752
7943
17309
18047
4123
13490
898
10947
11809
14977
7257
15930
4334
2505
10806
12787
14112
3530
16576
8050
6879
10789
13462
708
18466
15712
15596
10802
14376
10494
19038
5514
14665
16848
9951
1350
14898
4629
2849
10675
9068
7336
1515
12322
7549
5908
5748
14137
12889
2693
7842
9630
3981
13275
15941
4721
14873
17453
2603
7075
105
13609
9752
17502
18527
1534
3200
2547
2126
864
12142
12973
5349
7986
315
13510
7959
16656
14118
16092
12738
10656
9532
3831
17551
3514
18906
2533
19548
