9089
160
16607
16983
1395
837
13566
8457
132
18088
2819
10866
6164
5218
12060
20015
12549
8668
10918
17273
437
5126
9563
13099
18208
6584
9821
10715
3278
4738
19758
6576
17937
5500
11782
3893
10299
2610
16850
702
12993
2270
4727
257
1755
17711
18138
7164
14450
12128
6755
12069
12150
9446
7553
19707
9932
1318
7930
15442
7271
773
10357
2356
3980
3618
19271
5922
4080
10895
9048
4953
18894
18566
1723
7566
7314
15955
8417
16735
11803
7983
19095
8768
16994
11586
17223
6737
14789
107
14178
5336
3546
4730
954
13273
6002
18799
16007
15614
1499
6381
9622
16673
14805
12784
13529
4469
747
16362
10559
17333
16798
6570
3224
1902
16769
14653
16500
17565
4699
7384
17218
16154
10112
9872
15012
15986
8195
8761
9109
11389
13805
8015
17343
15662
40
1109
12557
15875
10091
1591
1825
14935
15374
15597
8493
5635
13570
15093
3735
2563
4059
4220
18901
3748
13598
9680
6335
10746
14954
12965
19571
4857
10912
7350
17506
14639
3410
2922
5831
9852
14078
7137
13474
13087
10626
13074
1397
4672
11765
5910
3465
15573
6018
7243
13403
19371
14448
15680
6366
3538
7633
8958
5946
7996
1431
11946
13225
5800
14749
3854
18356
6459
17420
8919
6995
15803
11224
12867
6401
17217
2001
14851
288
7665
15436
5993
11594
14778
110
18368
5870
3595
3493
5735
2441
2760
10653
11078
9384
14790
7806
17174
13725
6913
1943
1150
11607
426
11706
1636
19723
1036
5422
13250
8771
2877
7753
3284
5317
4210
10880
10785
18160
3231
15074
2619
7674
4555
15338
7223
14100
1099
17566
5576
7432
2457
17093
14768
508
13531
11120
15176
5154
9165
10696
6495
1243
15854
19232
14054
11963
9387
13765
5124
3386
15137
14221
2111
3069
19705
4491
19047
17207
13856
1062
4262
19913
10619
18131
17798
16680
17673
6964
964
6634
7361
10446
9560
18122
15934
9854
3679
11729
6330
8010
19531
11069
12963
6076
14742
8632
7826
16291
9604
3726
9416
6090
15668
7412
11689
6954
1393
7319
16722
1841
18020
2280
17196
890
8879
17724
510
15713
2863
16400
16955
8626
11515
14080
4479
4986
3221
11976
16281
17828
12537
11381
1879
6057
11733
13097
6145
19545
4462
5763
11773
12081
14266
13461
4545
6473
2412
11034
12281
2420
18406
16869
771
4950
15385
981
6928
15118
20046
18979
3991
19725
15684
12435
421
12510
18182
14474
1701
10982
7891
15348
2103
8133
13107
11076
17277
6177
11632
7989
2642
7232
2393
6425
4723
5746
18332
18430
9837
17167
7597
1704
17774
10377
17145
3681
1325
3466
19367
5265
15647
18279
3963
14205
2381
14025
12648
10944
15782
10827
15209
2060
5096
14209
15804
18886
19877
3097
17258
9028
856
18656
13572
3020
8352
18263
18446
14108
1821
5577
8589
19540
6680
2939
1213
1255
10709
14854
2246
12084
16242
2459
18803
6378
6544
6472
17983
2148
8912
13304
8297
5116
2678
6650
14356
17473
16377
1134
18885
859
8136
10415
5470
7035
16277
19878
9668
19900
4190
11231
9857
3183
18686
4477
3296
8327
16952
6197
9662
12599
15767
2180
6978
10829
14627
4878
1047
16807
6387
821
10527
3407
1759
12253
17046
14965
18689
14921
15612
15112
14765
10031
4002
5231
10804
18573
8754
5751
13503
10116
9539
2645
12938
8389
7739
1974
14323
112
11383
6396
11110
4937
13640
8655
19236
13798
2373
15752
9709
5420
12771
3626
7749
19425
17269
17100
17297
15008
13060
8366
15248
2832
7283
11621
4344
815
3279
2504
1221
18560
3813
5921
10193
18168
15954
11965
3562
5079
12251
100
18120
4739
2577
13082
17372
13829
332
13093
144
10856
2928
1173
4155
5701
18777
10802
18687
14095
6917
19207
3114
17225
4229
3160
8920
9186
7494
15065
8512
9315
11458
103
7604
14455
4349
9276
14097
703
3659
12880
11649
3906
13982
962
655
7787
11351
2307
4171
5399
10606
6276
653
5526
4154
7598
3790
1525
11174
18085
12339
5027
15115
8667
2303
4921
7138
2271
5418
2916
1835
13287
5950
16130
14628
9318
11281
10987
13394
13278
12209
8313
4880
7831
8970
5877
8856
1495
13281
8227
3874
7376
4705
19636
985
13185
15058
11637
19777
17598
15493
9935
19001
14335
12667
1511
2345
5127
19447
445
4112
10616
8398
7999
3706
3643
16279
13399
13005
6789
5036
4480
3132
15492
11992
12240
6531
10860
15033
11862
759
16472
18023
1238
9403
1621
860
4182
12070
8361
3253
6048
13367
13766
1831
10359
11217
14719
2453
15439
19638
3057
15768
911
4688
10857
8636
19914
13957
6052
8585
19193
15147
3543
1029
18988
4671
16287
15086
4092
6768
641
19357
15354
7614
16348
10012
9787
2172
597
2542
17286
12213
3491
1365
11418
15540
3243
2613
13396
11573
1622
15820
10034
2409
1580
8903
4623
12380
9976
15284
7902
14261
549
14
8572
10294
17237
8100
17492
4269
2851
17271
8229
9436
5200
19077
14668
3667
17599
2634
19528
13605
830
5628
15663
16690
18935
13220
12763
14214
13737
9795
2087
3475
1080
2095
1650
17788
9294
7755
9811
8224
16610
3052
3360
4841
4
4633
11319
6972
18744
12134
19041
2492
11379
9258
13337
3295
13540
14545
13552
9498
15507
13617
17969
15132
2878
16069
6729
743
11725
14006
3673
10208
2308
8340
13758
10727
6105
14207
16468
6943
11806
3182
12681
14002
16762
3952
10646
10201
15763
16004
15755
5286
17318
5475
13047
679
18884
8215
13586
16206
16665
19703
7272
7477
16008
16893
14809
13264
15212
17181
8456
13981
2534
158
9036
16061
7008
11108
3844
14232
4446
6284
11652
8922
18247
7115
16862
9834
15587
3500
17321
17738
10104
14308
17776
9147
9808
14119
19962
3262
5349
6745
18758
2251
2033
3341
18704
17151
15142
2159
13522
6050
10086
11405
1199
19354
15403
2522
8562
15318
12803
18313
15721
7077
12883
8515
9234
14052
16211
2439
16258
15562
9174
17891
903
9128
15314
52
268
15604
12492
3002
3324
7367
10569
7556
16113
15376
17694
3539
11661
9741
5566
11907
10389
3328
9687
7662
9308
12108
13814
19873
8399
7178
8755
18819
1292
7852
10778
15030
11407
11220
9595
10852
6784
7859
4316
1433
17809
14032
10360
7297
13930
8325
14647
1321
218
18006
424
4196
17829
18287
10464
18288
10348
16050
18852
4685
10564
14500
1483
19142
7234
19278
6536
2294
7021
12017
17651
3330
4584
5632
11441
13055
13008
1026
3627
4375
8933
9293
3484
2198
8654
17392
12120
13065
1796
1856
18806
16149
7529
10436
8805
20004
19393
6609
12103
17717
11301
2559
1772
12315
19701
9577
18331
16531
17746
10229
17950
2191
4038
9336
16591
17428
734
5313
11359
9578
4913
15310
5555
9204
5599
16766
11157
11616
12590
14978
8064
18431
6286
466
9358
4734
12137
19250
9333
5786
15805
12702
15
12953
14971
9938
10543
193
13539
10824
13944
1671
16477
15915
11542
5433
16408
14561
10821
18717
5288
6424
15150
18931
14985
2329
3209
17608
19750
12405
17544
15346
4772
1543
14964
5661
3850
9278
10292
9425
15935
2336
3552
2320
12379
439
13999
16619
18624
12684
16597
17234
18986
14186
2310
16865
3645
12389
10885
9262
18071
936
1289
1641
19748
2914
17250
6813
3832
9402
3319
5489
2784
18391
2592
19511
11726
14776
1245
7792
19923
13494
1451
18908
4683
4808
11097
3702
1137
15708
8470
11734
8945
11327
7558
19317
9079
19313
6220
17216
5494
4615
238
19816
2126
5537
14690
15957
7102
8580
2594
13923
2838
12498
4203
3814
2834
17280
2407
19621
4174
15497
11202
15541
6435
13332
14400
11148
16168
15017
12188
11167
3006
14773
19087
10700
2753
3741
4245
7979
15886
10674
19564
7247
15550
16612
15742
2909
17659
17331
5680
19420
3235
5550
5591
5977
15801
3406
3313
1479
44
10843
6169
5968
5825
5940
19706
134
6370
18289
10676
12208
15049
1192
10838
13208
13027
4371
16484
17799
16219
19123
6015
1167
15044
15629
2715
2272
6643
14792
11263
15940
18739
11303
15396
9525
16380
18116
14202
12765
368
2963
17802
19538
2927
17903
18378
5613
10445
16467
7881
534
1169
5249
4244
2052
11565
15183
7267
18596
1956
3976
9744
1985
3153
4680
8345
18513
19293
15070
18715
15484
7781
18096
8071
3003
4008
15451
12503
9061
7668
2650
16640
10432
19164
1889
13373
9522
92
2954
4927
5794
8977
3534
10042
5307
902
8914
13308
17299
289
1787
1531
9862
4372
3394
11537
3594
5084
16489
19580
18977
10590
17667
8850
739
9845
12908
19361
11885
562
10657
16623
14079
2254
17999
4195
13934
18640
19837
12264
624
19596
2919
694
1893
4336
6657
12736
8420
11855
124
12032
14538
1594
15013
12364
8029
591
6350
16315
8730
15890
5546
2136
6604
4741
12136
6059
5847
9882
7140
14570
1803
15665
2638
778
231
17612
12443
5711
3425
12166
14040
14310
8298
13433
18956
8421
3701
13643
6989
13626
8529
15821
14305
7411
14905
10059
6517
18018
14796
481
8875
3512
13271
11483
2798
14364
6340
19744
16638
2543
10839
15973
9224
12714
7011
16918
14585
12859
13748
7163
5725
10698
8386
14651
7584
498
7581
13985
1840
6395
1808
9797
5267
12885
14253
13321
13106
16653
1517
15060
3178
13241
15710
18821
18798
18768
16509
12627
2499
11235
2006
315
12027
870
18354
18109
18761
7315
6134
650
286
13328
248
5426
12175
7207
16897
6411
15200
3272
198
3529
3745
13936
17364
1051
13298
5509
6762
1571
10956
7192
10061
17080
10515
16458
14035
9401
12336
1822
10601
1526
444
4553
2259
14347
14929
3682
10789
18082
122
1880
14320
16091
17089
11324
17571
7316
11865
14566
4492
2317
5995
4697
13744
14379
13283
6812
14558
1574
2562
7952
18822
15180
10408
2958
19410
15584
11881
11519
2164
1415
6690
19190
19774
16463
7089
14199
2754
3368
4721
4146
5083
8950
4107
10274
1609
19757
10136
4447
2182
2962
6706
18146
16028
8276
12237
10123
14088
5947
2571
14748
6775
16105
17140
15362
4157
7079
117
15911
17858
14547
12610
9432
266
5180
12612
10465
9320
13322
558
1838
12954
6986
17106
16330
16801
2461
16462
5358
992
19839
17739
18625
7417
7387
18158
13213
13935
18767
8785
4820
10037
17158
5237
2255
4896
16804
11950
2646
6088
17359
9824
17213
1005
12144
16014
861
5862
18672
11589
7974
7920
16288
19243
18013
9337
17644
14233
7533
63
769
1657
13404
11663
4045
17389
12545
18197
681
13546
10328
155
8974
6416
5491
7572
15652
2305
19858
16399
12329
1100
10786
17588
2131
8619
2546
3204
17836
12424
1064
16896
16433
7235
5040
19733
8016
4243
17940
12273
14685
12577
394
17042
16853
114
2907
1776
15641
6746
19568
11940
3674
11534
11332
6454
7912
9121
7237
13137
3035
3770
13001
13838
18857
10845
18199
14863
1878
2121
13656
3336
5010
8259
7654
16448
13048
2009
10079
12921
14938
3362
5044
5182
8164
987
9486
5270
14705
19285
241
19198
13887
6814
7359
10968
10219
13724
12452
8555
13092
2644
9231
18564
7034
3635
8713
14872
19315
2187
15007
16320
1208
5804
15099
9701
14873
8504
8571
5813
7454
7946
1915
3112
1592
15674
2080
7679
17180
19590
210
8893
7779
19657
5316
12258
12441
10658
16792
10222
4901
17294
15407
4690
11409
4096
19845
10323
16550
1812
13954
8973
4527
6935
13222
6658
19051
18805
6773
1087
11100
14695
680
18218
11054
12371
1863
18837
17442
14525
4494
9053
16024
18851
15247
16366
757
7601
5771
15798
11364
9724
3304
7159
18834
2866
19815
4744
16562
1962
2802
13535
3390
12529
15419
18607
19509
14113
5795
9652
17142
17394
11669
1811
16323
18260
17036
7877
9395
12980
1948
18506
2564
3333
3890
1573
9651
6181
10793
8120
1633
5693
15431
18108
9468
13746
2716
17344
17347
10066
8827
19903
3973
5457
19889
18511
6678
17426
15378
4377
19215
4887
8184
7013
17851
7751
2061
17641
646
16382
2846
19256
9726
15306
19453
8994
19377
6374
5974
11656
11723
14135
4370
10792
978
10083
11321
14511
16407
623
8243
11509
5975
5971
6450
4400
17553
15745
19481
169
19063
10089
2507
5919
3496
7562
15052
3115
11336
3339
2014
13636
9878
3335
16947
5514
15102
19158
10016
13426
4642
1346
4254
9960
3396
7334
18756
6822
14828
9922
18696
9814
16072
3037
12688
142
904
502
12396
4916
659
13714
10945
12388
11864
15701
11655
10998
94
19314
13595
14674
5663
1750
3935
11554
1291
19989
2139
10405
13133
13504
12091
16890
2142
11910
10481
15947
18278
6835
7378
11348
458
1075
390
489
18087
14677
8638
17460
5140
12830
15322
16204
14911
6280
9772
2313
7885
8324
16051
8491
15433
17295
10011
1025
10349
14580
13191
16704
19326
8523
12703
12079
9057
9943
1163
9743
13513
17703
19693
427
2911
10964
4379
13903
19980
14632
19003
9339
18223
14859
3910
18579
11201
6973
14772
18788
14515
1480
10950
15258
14667
4512
2425
11385
13334
9192
16081
8767
2973
8835
2391
19898
5089
7913
8525
1550
7627
16813
16724
1313
12796
1457
15822
17989
18743
13080
6355
10095
2947
16839
9350
10238
4382
17451
7801
17905
12639
14430
13317
5869
11567
18556
3055
10644
12739
12730
14051
1978
14725
2338
18186
11944
1027
6230
18404
13685
14024
12783
2545
16089
2437
6685
8396
1685
19244
19491
19762
19719
4976
16678
13330
4617
4357
8264
7687
7516
16693
269
19981
7096
15882
13376
17450
18314
13199
15122
5781
11539
13452
7419
1358
8918
13483
8002
7741
10665
9750
13272
1328
1463
2627
5071
15547
6060
5528
7969
10287
3265
10924
12010
16118
5821
10820
18688
7810
7965
1925
7764
10640
18083
2908
4879
16840
9675
9775
13168
14640
15920
8911
2140
10878
9214
3312
6092
19334
12019
18501
5122
4627
593
8460
10828
13854
3499
5080
5148
19311
5463
16208
16938
3937
17303
12967
180
14304
6021
4151
4550
3898
19015
7715
5611
1987
9994
56
17835
2041
2325
9926
13338
1160
8967
18053
14284
8978
9723
15491
19995
1116
264
10984
9764
17646
4309
2773
430
19444
17661
14048
10953
9356
19487
4093
465
15425
1362
5675
7701
3899
1450
12373
811
898
6997
2882
3329
19029
18876
14312
6183
16526
19135
6428
14926
5017
15535
17764
17139
2787
4526
12838
12731
17003
11325
8301
9790
13100
17259
3913
8467
1126
19502
19006
7569
14605
8915
1625
10354
4556
12606
4722
2997
14271
11763
11029
3777
8299
18089
13424
19222
3117
1323
4266
8082
159
6796
7747
15096
17404
7241
2350
2789
11258
10766
6226
19390
5471
7691
9940
14540
3577
17796
3059
16372
6073
9130
3123
1449
4026
6390
5442
11746
2355
12243
4322
5299
2641
2284
17162
1072
12922
5052
1923
8596
12672
3154
7986
14246
2593
18429
17549
17785
2278
19442
9538
12029
7780
2029
13350
5143
577
16099
16700
506
6641
8534
2489
9342
8278
10803
14383
9550
10057
2514
11209
6468
16633
6492
9442
16970
5371
14692
15602
9699
4827
18251
12319
1922
3521
17593
11254
15020
18919
12177
11959
13187
11738
7355
8249
18172
2712
18329
17020
2165
4131
1846
12994
4227
3311
11826
7073
17556
976
4546
7672
11072
744
16831
12159
6526
2972
17745
6792
18201
16729
4109
14928
2315
2493
19488
16903
16595
13579
5175
8783
928
473
9455
8813
14147
11498
16474
2643
7415
17951
15032
9462
15218
19640
10981
18424
13228
3567
7815
18234
18195
1593
1241
2211
15974
5697
18026
9471
15639
1640
5536
5473
9037
19268
5008
17850
5605
6591
4548
17614
12866
9512
16114
13800
16411
7220
6135
13342
15516
17577
12126
8957
13011
6383
16275
15479
3190
2472
16885
14679
15494
19145
17975
12440
13192
18448
12670
2599
6040
9939
2983
2422
12324
2969
8382
13496
2302
133
9225
17907
3509
18787
6864
10158
10681
5978
19471
14213
13852
2097
7682
15465
14269
18308
17856
4072
14441
9044
2450
13885
12078
8916
6446
17074
5729
20019
8323
16328
12302
19938
3685
6777
8139
8267
4389
2690
16435
11764
3034
2915
8437
8839
3683
5250
14836
18411
8004
5594
2893
8502
7871
10894
18773
13858
13584
6815
12815
5185
12893
12788
8943
7640
13004
13865
20040
4206
13731
8488
16523
1598
4718
15596
7386
14491
15909
10098
10629
16772
15231
8648
14062
8503
5669
15897
19855
2360
16355
1924
14258
4305
19359
12757
9
11400
8836
12947
18054
6444
6270
10948
11269
3989
19292
7943
15651
12683
14856
13543
6201
13602
19400
16196
15715
7455
14385
4696
19970
12411
2378
12939
11345
941
3700
4387
8676
18764
15928
13193
13196
11008
4804
16648
19147
1905
9987
8939
18022
13992
12913
7476
7190
4770
3926
8629
13331
15968
5460
7117
10262
10080
19177
8208
15532
5535
14055
8511
16108
2561
9016
5328
18105
8067
4208
16027
18465
7484
17584
7502
10873
8533
9929
1904
5485
18010
1120
7887
16979
10833
19421
2206
12964
4486
9184
17285
754
2426
11722
9564
925
4046
9697
13227
11818
19603
14388
3602
3021
1554
5652
6037
329
6846
15290
16789
6614
14869
4033
1794
18349
7869
9924
13407
18953
16301
14049
567
19795
972
14452
5192
4167
14852
10234
6709
16912
340
12533
10699
17538
17551
15691
554
12409
14760
12930
7862
881
12997
2810
15628
3053
6688
14658
7890
17982
5163
16889
11061
18540
7124
16573
14336
12623
19942
13252
11323
12385
2523
10205
8146
16473
6141
4439
19155
17229
16415
16827
10046
5238
10794
10520
2692
18613
2179
8894
13872
4942
3574
17124
17995
7467
17157
16137
16375
9332
4762
16780
11228
2197
5855
13606
10290
1284
7382
18703
14734
5338
8716
11522
7497
12384
5479
9921
46
7644
16883
11582
1818
15444
16746
13698
3331
7916
18752
12835
16705
3144
2166
15398
10568
18759
18080
9613
2013
7854
14713
12055
6705
13964
354
16533
6786
346
19140
7068
18375
9683
15281
6765
1876
9054
223
7611
18700
4798
5290
7152
16764
12570
11180
9736
1337
16364
19687
6471
2721
8052
4538
3143
967
4498
14302
5365
12852
2844
3740
18445
843
3472
14915
19624
11470
5306
12294
9038
17311
2011
16213
6055
4499
12458
12372
3866
12222
16336
11543
19124
15404
3911
446
2458
1473
15283
18081
19561
9349
16015
19201
12044
15457
14733
19661
12195
9478
12976
14636
2529
9978
10450
3900
16961
17613
11684
12751
16387
18389
15510
17604
10523
18004
7744
9504
19330
2651
12863
18814
11704
15196
13763
295
16295
11305
14906
12202
2861
14489
3017
8613
6870
83
10397
15315
5298
9774
6974
5980
2764
5906
7927
18217
13495
6307
9567
12665
16138
19587
4031
20006
10535
5177
17219
803
16777
3089
4205
8214
14296
19566
18454
12729
13947
2813
16390
8826
12890
12744
15692
656
304
9189
6409
10129
2482
16228
11516
17942
17263
10008
11114
11463
19432
16625
13108
19715
2791
7785
3672
3908
6802
846
11159
8998
15072
8548
15570
10734
7213
15114
1338
11251
5018
15456
11417
16345
11
12894
7550
18435
13775
11943
13717
6871
12540
12065
19012
17484
1414
4423
19712
19306
12444
4754
27
11115
15676
2484
189
17287
8538
19449
16021
9011
5686
4284
9546
11338
18063
6154
5416
11991
10048
2544
4852
19441
1917
7951
19301
14339
17657
7684
1894
7201
3000
10597
8620
6760
2977
17457
12468
15896
6465
7771
14535
17780
11326
19187
494
9252
14331
10869
14557
12710
10735
11467
15999
8966
2394
12272
4329
5979
3718
4047
14553
18878
7445
18920
5507
16464
9887
3478
19685
19071
620
8156
9805
14306
5917
11341
19573
8780
1130
3992
9767
11497
7171
168
1828
1648
1101
12841
8600
8023
11208
6121
4478
3556
520
1966
5748
4287
19893
10495
4745
14524
14368
1638
2923
4842
13633
1470
776
15298
401
19763
7179
15992
4576
11135
7078
6253
1705
10345
9366
9351
9034
921
13568
12465
5368
3936
17586
8080
10798
11898
2083
14770
428
12554
5598
7018
5657
15489
8088
9108
5772
6738
13451
13648
5858
6555
18043
10865
399
2224
337
3066
14155
19058
4604
9305
11190
14861
18797
17675
18554
16171
13883
11271
6232
1050
434
3927
15919
1539
13809
2671
105
17141
10672
10544
15302
18229
7474
4312
15705
9895
9511
11575
2318
10947
4519
11393
6262
14140
16582
16132
17305
16934
11474
19836
17176
10876
15719
3090
4853
13341
19249
6168
11026
17701
10788
3856
6567
8415
18115
438
18480
15747
4777
3533
6275
17941
15831
3452
9046
16392
14412
5745
6851
15390
17930
4884
19637
440
6310
20012
973
5109
10382
2286
1432
16506
6976
17737
19450
9649
5130
11787
1003
12691
17410
15153
13405
5331
14458
12057
7628
14149
7472
8286
10447
10417
5790
14460
10622
15589
10675
4663
6404
5857
9947
10010
2689
19625
14111
13374
8119
842
8277
4854
19669
12536
15471
119
16824
7268
8147
14675
17881
13109
2122
14575
11942
13860
4390
17710
9115
16363
1320
19592
35
15090
7875
6763
12045
8000
8666
18913
3959
4455
17252
11141
10027
12996
10374
18340
3447
11154
222
2431
10753
17935
8308
12149
9093
8159
17203
10501
4412
8385
5814
3099
17373
12001
18593
11371
6510
16347
13345
3508
14551
1732
6783
17898
4189
7656
8858
6266
11790
6557
16136
8030
16140
2091
559
7263
81
4743
12300
15524
17863
18269
8072
18472
1413
9637
3852
572
1178
3714
5840
3498
2512
1585
254
13889
11156
11587
13148
4524
6726
13897
7344
17563
15413
3135
6004
16234
3074
6456
17583
11288
7203
8353
17376
7101
96
15321
17578
10108
7020
1536
9610
3580
11116
13456
8949
14814
2662
1333
19838
3173
5722
14244
6739
5273
10248
15737
13650
14952
11941
10237
19427
7206
7317
7935
409
1601
10645
7005
13888
10478
14678
402
7436
423
8001
7896
6836
16599
11980
990
9914
18248
17562
136
13110
15762
15868
19606
15645
16312
5578
7575
18695
237
16577
9501
2082
14981
11476
5362
17379
9388
15405
12607
12046
15316
4866
6030
6376
5802
667
12850
11427
4742
7365
3657
16090
8402
6897
5314
2708
15502
18060
3164
11358
14579
17844
336
15761
7108
5275
9570
14294
4460
19227
1073
4979
8801
4706
5483
3276
15192
3494
11151
2885
11055
6894
18189
3197
5662
16730
15520
51
12171
12169
13176
8981
11564
12461
2611
14588
7001
16002
7837
18206
11908
12876
13697
11453
2376
3876
14182
5108
1477
5258
8178
3721
6884
12051
9771
6112
13803
7042
19842
2936
10701
3511
10528
15091
3122
19175
17759
5808
8621
7081
13436
13130
9571
19729
14417
11098
726
15392
2400
9273
1919
700
16436
8782
15285
12277
6649
1722
13237
16914
10988
13127
1217
18547
9428
9133
5886
9547
14886
10099
13939
7850
7453
11023
19641
19167
14504
2352
4194
5449
15635
4135
18051
6904
12412
13544
19642
17431
10156
1556
13827
9126
334
15569
20003
15847
8326
5344
8092
5948
17691
15111
9589
18021
9608
3884
2574
12820
461
2413
13140
590
12183
6218
19555
8822
15154
4828
7971
2628
6645
358
14106
14212
5822
6552
15305
3541
8530
14791
13769
14210
15751
3940
2201
10884
13918
10346
11007
7901
14850
468
13128
10110
9992
3058
1816
19138
633
16286
10504
18860
6360
5030
19776
2099
13948
298
10007
19521
16460
12125
18713
2918
9288
11330
2521
9586
15840
5144
4414
15229
12359
3106
11606
4328
7864
10029
14769
18242
8509
3392
16207
18619
5239
8367
12597
3707
19904
6691
2829
1842
15864
7763
8610
12216
15694
19552
15841
2556
11578
14467
10266
7579
8845
1024
5889
4691
1295
14567
19556
4531
10365
18335
8657
16584
7748
12677
564
11421
16875
15453
6185
2775
19454
18008
6704
1481
15861
16259
15263
11265
8446
17497
19089
2815
5731
15529
3049
15509
9626
15496
9144
8854
2930
16199
12561
12130
14033
14402
14070
9535
13224
16397
12147
14235
13162
6001
9655
10301
12278
13326
5064
6831
14151
13768
9266
7245
14036
2389
19692
17587
2494
15979
16527
13711
9585
5132
15576
11375
9848
9618
14409
7400
14549
15653
16993
17624
8190
8561
8853
9472
10946
13550
8391
2970
3111
6469
13607
6863
10017
185
14842
1266
5944
19986
1587
9532
2681
18602
14421
12249
8634
4094
9867
14345
18510
14433
10337
15251
11535
11255
3460
9990
12255
10518
11490
2157
8823
7970
9565
2555
12707
11828
12245
17362
6988
16661
3974
14260
2219
3780
349
2089
8582
14840
5401
16450
18736
11832
13678
705
174
17672
19382
17127
8480
574
18341
5423
19585
13520
14465
5212
14413
125
284
18520
6498
18924
19974
4444
11401
5928
1986
19498
14502
19550
6533
16709
4868
16711
6795
8237
6750
8122
15001
13211
12857
9970
11137
14411
18400
15064
1175
11273
17569
709
8757
13312
1717
17251
4933
16731
384
11651
6259
682
13659
6014
15394
3821
10015
2865
8220
5562
7843
5466
5742
13696
18947
9838
16510
17906
9502
13150
8414
15490
9110
13123
376
15244
8622
12685
11896
12087
2966
13044
15838
9869
14037
17974
12
15412
7756
5315
11313
12135
8877
18646
16065
17403
13216
47
11286
6368
6694
8027
12778
13450
7543
12843
5678
16566
12089
5364
7174
5564
19840
12418
13186
6362
3665
18676
12785
10431
10250
6064
16445
14586
15377
1815
6748
6985
4067
9844
7407
11308
10440
4212
7199
19965
565
18407
14700
12037
2920
18888
7897
49
4044
16153
7100
12895
15774
415
7828
19099
19775
3587
19811
4838
2892
6632
16453
1188
3113
10070
3382
8923
17716
6046
14889
5832
16754
15961
6818
17417
12825
2203
15795
4150
18273
6035
5098
447
2606
5679
8876
1961
18817
7422
1377
12344
15583
17323
9925
19141
855
10717
9556
18355
5520
17041
18252
19766
14944
12442
370
5346
14481
14630
15936
3960
6869
7651
5229
19018
2036
11506
492
11423
7421
14017
15771
1712
11234
4117
9973
2222
4740
5723
12732
9861
4361
14370
11520
10137
8953
6455
1998
13955
19347
10227
11875
5296
5511
13497
1577
16343
14614
19299
18551
18440
604
9536
1679
14077
15828
17395
16299
18866
2357
19194
6840
14139
6211
12430
12345
16592
15140
10949
18727
3668
482
6094
14192
10160
17006
11721
6494
5864
2579
4001
5402
18458
13694
12289
246
16070
3201
1682
14871
3870
15208
7680
19026
13478
1368
10258
16373
3364
14298
202
10659
19329
673
15989
4961
1242
8403
15729
5480
12724
10169
15993
16825
15965
9996
7863
8405
16857
2852
926
12723
9681
1523
19814
9473
1692
13372
16187
19152
6388
514
5898
17660
6103
6248
9855
6442
18718
1586
12238
17826
7027
5585
3084
12637
11160
13549
6689
9043
7057
7638
3366
13116
6975
10265
17097
13754
4147
6625
6679
3105
13965
2924
10211
80
19589
5972
1719
1809
15268
2705
2058
12552
6622
16498
8468
7525
5348
9865
10903
18835
11285
11001
12469
12155
9863
11363
11924
1877
19310
18126
14747
9954
1056
15863
16657
11990
14969
14957
10598
17190
13105
6260
12104
18361
15937
8097
4560
723
11253
7265
6133
17895
17412
16131
10868
9846
11188
18638
5726
101
12565
6012
12616
1347
12180
16779
2519
7934
3708
8698
14087
4246
12114
4695
12504
7685
10739
12926
2786
5777
9287
5323
15068
4500
1823
1583
11730
232
6968
2752
19394
6233
16988
5730
10826
15722
15343
4876
6903
2957
772
2022
7482
11016
16915
8612
18025
15832
16727
16162
5530
2683
16257
17674
13089
13762
8124
5166
15459
13830
5061
19282
15549
13068
4185
15844
1655
8244
649
2636
1305
539
9853
15648
14891
9885
12956
11756
16274
16212
10930
12151
10428
6305
5907
19257
13597
6793
4870
5587
13901
3007
5294
8828
1049
17405
13926
3755
11134
6747
14382
5961
14132
9548
8151
10385
1158
1606
15278
8068
15373
6717
2265
7528
16800
8364
17727
6778
9280
7063
9919
7424
5934
16266
1191
5386
3815
12369
8287
5381
18874
12680
3764
2937
17862
9148
12512
8075
7758
14263
3501
11526
16225
16714
1068
16713
10093
15778
14031
19039
4704
14940
5792
18890
10474
15813
712
1239
8574
16379
10662
5069
864
8952
4582
1754
6668
8316
13912
6759
7762
9156
5322
11195
14967
14162
9161
14373
1715
16461
12002
18275
6925
1777
16921
13689
4964
13169
3348
18976
2894
1345
9153
16684
17397
18014
11851
2209
11036
7745
3040
18867
356
12626
13352
19031
10094
14344
8142
19720
1548
13484
5905
17771
15878
9426
17084
10220
4198
12886
16784
1129
19120
13700
13661
1775
17574
4133
319
15866
18570
12819
5324
2781
432
17005
4757
6566
2816
10521
19932
3859
11329
671
8311
824
19520
2076
15293
14346
14811
7396
15738
17082
5843
4502
4543
15476
17173
2040
19148
10161
7332
13476
8409
10687
10567
267
16402
3314
5276
5538
19056
2385
1807
13402
13519
1077
1352
16773
11553
17630
12075
13873
14102
6137
11462
1947
17380
17697
9077
9727
2575
13952
17897
3628
16272
2890
12769
10670
11087
18911
4994
17091
11757
7928
10768
16262
2500
14428
1253
4648
8490
18256
1859
13290
2741
99
15881
7075
868
3025
19355
9514
4365
9008
19802
15877
13159
3894
2601
8753
6605
13457
14925
16106
19210
9129
14142
17168
15035
15972
16742
592
15851
15823
2658
3806
14907
3429
8047
16264
7277
2750
207
6348
11884
9876
8152
11674
18212
3497
11052
8376
15624
18345
2479
1327
5897
7026
696
11691
15087
18328
6990
2116
4751
6785
19532
19242
8315
369
10506
9660
5696
19546
9158
4282
9553
5086
18721
19664
9516
17407
6522
2527
2281
8507
6845
4601
9825
1790
4188
235
5881
8816
3405
10084
19435
8873
12486
4888
15950
10293
8960
19602
4176
8104
2648
1513
11032
19841
14410
19485
10344
10407
20038
19083
18042
17767
7716
16311
1381
16367
3904
18471
12582
5285
3762
12598
16121
2824
19769
15571
1250
1465
19362
16063
16682
1824
5448
8900
8702
5721
18601
17433
16659
19662
6203
9708
15594
8087
10335
6245
14176
10635
17281
608
17309
14835
3019
14299
2204
17977
10499
2730
11876
3445
12546
13806
4501
9706
4571
5413
10623
13049
3353
9477
2480
829
10429
12261
13155
10182
19191
15039
10413
15790
17888
18941
13895
1658
10322
18949
9641
19595
5687
12774
3513
519
19212
18044
7440
19235
12652
3608
15735
7395
7083
12700
13637
4794
1654
11872
3888
9223
15393
4440
16172
111
10926
914
7620
4219
17772
15230
5925
14420
16016
5515
5366
13571
2979
1149
3515
2530
9875
7909
19805
11816
688
4496
8140
18731
18346
690
18658
950
11133
10326
14313
1955
12490
16954
14483
17653
18666
11956
6470
13171
6572
15964
9191
8793
15741
17528
4378
12478
20027
7650
12367
14398
19711
7506
6878
5920
17679
17811
11003
7612
307
1128
5969
1806
550
14512
17753
8630
14136
948
14997
16088
19950
3422
12678
17500
8349
18553
14530
4675
12722
13499
15168
9464
5650
7370
807
5172
11469
8189
13418
12275
5041
8749
17953
19983
5830
538
18353
17719
605
5195
18665
4386
18548
8881
2471
12496
10097
14810
17833
2151
6247
18338
6033
15135
3244
6873
18301
14248
12383
13585
3281
8542
17128
9379
5773
10175
13475
16749
12028
14012
16701
12692
17256
11531
12548
6418
14337
15455
6640
19558
2933
18111
3757
17051
16356
15511
11147
9357
18203
17136
17914
16403
9245
6961
18330
18165
19804
17721
13920
1153
12800
16884
9747
17188
12986
11784
8778
17278
8797
4890
2720
5953
3775
16876
209
16637
5453
14380
17663
11938
2025
8927
765
4013
13267
4872
2526
5058
4542
5565
13771
18320
15724
14995
9310
6182
274
12708
4278
11900
16882
2855
19822
184
17076
16748
5019
16905
242
3205
3694
17432
19253
8930
7038
3358
5135
2229
9761
12759
18653
8132
14423
724
9001
7820
11376
2137
10020
7613
2710
13707
18164
68
12535
16676
14351
6009
12434
7451
18521
4035
788
5302
1262
12408
5024
11705
11222
14654
5754
16313
16139
4709
397
2364
16405
16536
13043
13917
12873
2334
6289
2332
17682
18719
1275
11615
10207
19258
3045
19920
4997
16393
11769
17441
1021
6296
18771
15533
5398
7587
10235
3576
14238
12807
11186
19002
13041
14798
7049
10243
19452
17763
14885
11993
732
8731
7094
12950
12853
13686
14652
16677
10076
8760
2693
4142
14289
18268
3824
5037
3781
12896
6408
19817
6314
5128
6327
13692
2282
17262
16052
6875
6710
17482
14376
14291
10144
17683
4436
13324
6196
6354
12509
5158
17554
3571
8590
13828
7257
16120
5478
9588
979
18224
14254
19483
8272
9227
8991
10280
6497
18132
5757
4763
5543
13113
1817
11270
2889
6801
3302
3606
755
2871
13521
2045
7222
13548
5964
10886
2339
19809
1016
7051
2719
9778
2296
14914
2495
3928
10977
11290
13415
14536
5207
9335
6877
19614
10624
8057
10102
13230
8102
10232
5824
18418
5436
11957
12872
17640
9842
4459
1869
10451
8700
11791
18706
4489
17021
7510
9168
4638
12531
20009
1557
6072
5174
18095
12187
4055
833
14064
15157
17118
6423
3401
2462
14287
4470
10060
17834
17004
9568
18833
15515
18246
7829
19570
1733
9431
16203
3337
12522
6406
19105
9367
16110
12875
1874
14369
9980
4859
13761
17512
13455
6799
15829
15565
4972
18075
2884
16324
9297
2399
10216
7542
3684
10901
766
6204
15527
3970
11241
16515
15699
14327
9815
19875
5438
13925
1952
14029
16340
13844
19477
9531
3565
12390
7074
10932
2233
4668
6107
6206
12428
14976
12265
10533
16776
3743
6466
6639
19088
975
16493
7729
15905
13817
16632
6663
3054
19726
11998
8051
9101
3292
11781
10488
19028
13122
16552
19085
6346
6151
7286
11040
12513
15350
3943
12514
12290
19233
15630
14534
19157
6273
8054
19162
11132
11709
16716
11439
10188
3794
18114
14234
4834
3367
7457
12232
17962
7012
660
16151
11820
16227
12589
13562
15359
9816
7033
19581
1702
3675
5784
15632
1611
19303
9439
79
18485
15462
3236
12033
11250
11848
1964
2161
3897
19731
6199
16908
15817
6967
6332
9611
7397
6587
8772
7251
15324
18633
16040
3288
995
14439
13195
18462
1668
16133
7085
8207
12439
3180
11682
5991
14731
2030
6807
4941
17729
3877
10730
12929
6560
12654
14729
2703
8319
15595
12899
10898
3315
6999
4339
2698
14098
7285
4520
18657
9331
9270
6766
5021
14198
18211
8024
1460
9303
1112
17735
531
7586
9806
4805
470
17559
5841
1819
13114
12941
9496
16975
5369
10993
17009
10311
8161
10040
7539
7017
4275
6832
6153
10487
8959
10275
7304
18606
1643
12109
7796
12416
4596
11793
7349
13919
2733
10775
5694
17201
11307
19812
11935
137
8254
311
10631
17053
13046
8218
15753
10795
7371
5085
1981
18786
3800
14813
1612
10581
16116
2212
10519
1488
10314
19327
8273
9600
11570
4508
19810
18802
718
9581
3375
16601
8169
11631
16386
17984
7425
3118
19073
16022
9112
10963
8804
11670
6994
5353
3004
11237
12186
17878
17064
8292
7229
17165
9836
8832
140
8954
17123
15272
3731
6503
10697
15775
19356
18482
14666
9982
4991
19908
1519
19943
7667
7707
3486
6008
8519
2285
10864
16047
19321
16578
17317
5303
4748
3765
6300
5487
7519
14422
3095
13723
9765
6114
19987
12812
14751
10317
17490
11337
2476
3660
10669
17573
19666
877
18236
18394
761
12933
16519
2174
8683
8280
5454
10312
2856
18827
17626
12884
8603
15341
874
2985
8210
10318
11432
14623
16718
12538
5510
11867
4899
2975
8022
18630
1832
8763
9603
18937
15504
15430
4127
8546
17243
1309
13384
14587
19437
6321
17334
16502
10150
8607
6430
7641
17945
875
9067
15303
3808
4089
5181
2665
3778
4075
19746
15219
9780
6556
15037
2756
13427
3687
12905
2128
15931
14703
19755
14537
8257
1576
10421
172
14659
13759
9998
2153
3578
9060
13094
13684
666
18045
6043
8193
8442
838
12579
17488
14870
10135
74
9164
8599
11045
16292
12212
1916
5272
14322
1795
1195
17621
7956
9562
945
10134
10762
18848
10917
8741
20033
3834
14589
2189
12205
15800
19478
17126
6448
3624
10935
6187
7233
3167
3094
8554
14724
17687
11144
7401
9583
4689
9090
18939
5341
10555
16583
8462
11735
8550
6337
8270
19700
8135
10071
13300
15908
9967
1360
4583
7354
12097
4232
7053
2557
3698
12657
14442
15136
7381
363
13430
18426
2999
651
1296
2115
6382
19649
19901
14429
2772
8342
19896
7052
12600
4383
19459
8118
14816
7259
551
13490
1665
11179
13235
2361
16297
16175
1762
18467
18858
17355
1487
7530
1113
11042
6900
15534
1624
8007
9232
5360
15884
12725
1042
3413
6899
15810
1742
8671
14899
19272
3523
13881
9226
11491
5517
8803
17257
18093
3678
880
16226
6127
13401
12116
8329
18327
3903
2367
1914
16617
17572
7544
11261
4988
16815
1288
17782
3079
17654
14295
1374
12832
13221
4125
11508
12451
11576
4746
18729
12198
2454
7408
10341
18710
17419
14927
15026
3841
8283
7538
9466
4330
15334
809
14137
14328
9757
17200
5257
17184
4481
7945
4922
742
16383
17519
13294
17114
8602
10745
5269
5914
5719
14900
17793
19918
11062
6125
10990
5496
19623
11279
13670
8144
3399
7857
1236
3977
7402
2380
8303
4776
18945
14138
4022
11634
2946
19867
19618
19331
13480
9492
7161
2208
2881
3268
18163
18438
18191
9891
16001
14480
930
14718
1170
7307
8800
89
2185
15696
6957
17921
19537
6661
4116
2064
17877
6010
11457
11149
9210
14509
17879
8558
4598
14680
11948
6511
15333
14642
2595
19033
9070
15814
1615
4549
15785
15421
8077
10308
15267
17122
12748
7465
10370
9215
9615
18533
7615
18069
12902
5156
643
9801
18584
3938
11523
18104
14943
2309
10682
4692
1537
729
1371
12148
4521
3742
7802
2366
19674
19786
10719
1512
9222
1448
3128
553
16895
10705
4169
12039
16851
18831
3986
5095
14059
2502
1614
12821
3559
10081
12054
1198
11297
4817
18893
16964
1260
11697
3811
6084
14181
19567
5107
8481
15382
17704
11109
17634
7182
2674
7830
14541
18058
10992
4645
14722
19229
224
1800
59
11229
8194
3613
13144
984
17068
10166
10814
15946
2699
2769
699
18428
2518
11686
4395
1618
13896
8591
6287
17803
10532
9363
17715
7630
12992
8728
11861
16958
3011
13794
15056
6731
545
5882
11112
16513
15505
11140
7239
11645
14050
11869
9666
16976
6872
109
19891
15437
17899
6862
13117
8341
3759
16928
7488
18659
6979
5450
18436
7087
7155
4126
16309
9306
3671
12083
19415
5962
5373
3676
13316
12668
6676
7404
13760
4846
18595
17386
4354
10503
18598
4334
12752
5312
1447
8895
9213
13653
14920
4930
12483
16261
3016
12868
3299
9427
17050
7394
11477
2088
18193
18215
16753
15723
2736
10617
19262
18914
16812
2612
13487
823
6512
8559
19216
2042
5834
906
10505
1152
10128
5501
20039
11175
8662
19551
9417
7534
15907
5045
1926
1724
219
11629
16594
17963
18750
12671
1219
1521
15148
12008
7098
6734
1568
16317
5706
16811
15740
19341
19910
212
14396
161
17747
15173
19409
6662
7166
767
4945
75
15349
9684
3151
7447
18600
3581
8506
14307
19952
18047
18365
1369
6538
11139
361
13323
13608
9309
8720
11088
1079
15930
18526
8196
11789
16785
10600
16939
4783
10995
780
19037
13718
2435
14820
16856
11808
1516
7302
9091
18568
18823
23
11831
1910
15145
16134
4003
8478
937
18315
11247
17378
10453
8980
10742
14939
5146
3127
5155
19174
13961
10468
14083
11496
374
12622
15467
18286
14424
915
7947
16443
13406
8380
12286
5157
2490
12259
8290
6115
4885
7116
630
18944
13421
3411
13983
10888
8587
19670
17928
9255
10796
17437
13612
15454
18862
10082
16781
3082
16775
1202
4664
16431
19785
1647
383
459
18210
1382
5848
4761
5408
17008
13359
177
17013
3787
1744
2585
18302
15133
1151
15242
10782
5011
7547
7099
13182
894
14484
13382
9221
8112
1963
11960
8394
6578
12833
9138
19049
12923
10245
8274
3258
3719
16529
8231
6770
11443
1899
12650
10556
10401
6356
585
16685
5561
12038
14793
644
4769
19117
13603
19984
15313
18810
11717
16127
4733
18037
1693
4822
1302
5414
18563
17077
1461
15781
18955
8508
14728
14514
15105
9281
12519
8560
6500
14170
2976
12014
18581
411
4563
13408
5333
16546
16759
13831
6349
5464
3283
15734
16906
391
13924
17842
18775
10508
5193
11775
12618
3648
8121
17338
786
12062
6377
9689
2304
7671
12836
18319
17205
18970
17502
3846
9483
486
15531
18588
7389
6808
8200
13530
13557
7526
2886
15711
5075
16486
16826
4204
6391
883
13336
9739
16706
10847
19408
6034
1896
299
11331
95
208
8884
12912
956
11019
3801
18507
14021
17601
14619
6148
17191
15956
14134
11762
276
14848
2991
11838
11891
18558
3987
6525
2283
7690
2129
10371
6849
3372
16349
9930
8802
12285
11696
13327
15669
393
16112
8586
1627
3520
14775
16059
123
6741
18824
4161
13974
6065
5667
8732
17375
11050
19870
18134
12101
16060
16003
8869
5981
13565
4104
1441
9694
12816
16322
10127
7844
1535
4702
10272
17705
13708
14453
10189
17545
17306
9903
3156
11822
8110
13017
1675
931
2531
2167
11889
17350
8419
4297
6718
9026
3945
3116
15078
8354
9177
16783
10603
7845
18303
18654
12910
18708
10579
5203
11136
10704
6524
9915
15109
13618
10976
15138
9233
9953
2879
19881
13910
14350
3868
9443
5264
9670
19696
11125
4405
5656
15193
19565
7659
9968
12291
6546
9676
1588
19337
2
15254
5165
19106
19533
3929
10194
11501
9377
3119
11680
3518
9977
11546
16389
9593
12697
16505
14096
9946
13867
3582
8811
17224
8710
5715
18964
2944
6681
15788
4276
19591
14208
14200
18056
15885
12076
5896
4457
6016
19780
12844
8834
10711
8692
1944
16717
9166
4140
9958
14477
6003
18532
13745
156
16017
10872
19294
17095
19794
8901
18952
16558
11731
6111
17189
2670
8520
1032
14023
13505
16871
16346
12296
11768
18997
11259
15156
10300
11077
2629
4445
19185
62
3039
11431
18954
662
15117
11566
37
4350
17398
3703
6124
13593
13210
9555
8498
19211
12419
13236
16321
12226
11852
15568
9528
9175
18591
16180
6939
8204
1656
1136
19505
10333
19677
2429
2059
7670
8475
4290
3461
8261
7602
4021
14761
11291
2297
19448
20032
8734
1478
7595
17589
10573
12605
8070
12016
19544
7114
15793
2330
1528
15987
3750
15895
9798
9927
9105
13819
7126
9956
5775
8569
2388
12342
7144
16068
13146
9373
13473
10656
18166
19493
2383
6371
19386
6213
631
165
19654
16910
32
17770
998
12246
5102
1439
12719
16353
18574
6921
19290
3043
2132
12806
2535
9228
4264
15522
15028
4732
7507
17104
16959
16365
10655
14071
8693
18957
707
13206
6039
6323
15867
13363
1530
10410
16010
7050
1165
8251
17255
15900
14461
19094
13214
9039
18562
2372
3031
17658
14325
19512
6514
16194
16548
10233
1730
4143
10268
5508
1929
18801
18396
5699
7757
2587
2020
15202
2276
18366
9981
5232
15223
5476
15794
1455
14948
7252
645
12030
12534
10047
1076
18661
13841
16406
10063
7879
19929
11830
18362
2609
17400
15034
11510
14156
16568
13115
14416
10680
17098
18905
11437
2125
8426
7750
1589
351
18209
1391
6158
16223
12340
12879
5053
15463
16646
13375
9518
1294
8108
5472
5574
4025
4399
18981
148
10978
3545
14999
6429
11761
14612
9904
5356
839
3554
3078
2078
8162
9325
15347
12011
18228
10822
14984
8368
18755
17952
13638
13525
1428
17105
15050
6677
11346
1278
10664
19622
15053
10433
8857
14042
9212
1508
8735
6959
5681
2951
4381
18942
10690
17453
10578
19994
19516
18973
17526
7136
12071
8913
19108
19283
4050
6398
9292
1545
13111
3246
3640
13024
7426
15215
8985
11507
12122
12539
1270
15797
13303
6631
2451
13997
9135
2349
6652
8044
17712
16337
6163
11753
8888
6212
18383
14092
15387
14656
1074
14895
6432
18343
14278
9746
7345
4700
4085
10641
16963
3656
6852
2252
11983
9247
2178
4609
1272
6099
2038
4907
216
11724
6751
302
18655
10752
18987
14168
796
5523
18989
13012
13627
18523
3848
15370
13434
8018
10642
10022
6194
4653
17570
19168
14784
3280
4224
14218
17155
9271
15646
9249
2438
1156
16058
3030
13147
8163
15282
13515
13205
12717
11081
10381
1590
10530
17489
17062
3536
14372
2515
17513
11272
5624
5952
6333
17964
16055
7993
8432
5013
1932
18930
5935
6568
471
4009
9344
11716
2104
11759
7559
11060
628
7705
3275
18808
15996
17550
15372
12735
16243
17467
10103
14020
18826
6095
9244
17665
3988
118
10512
2171
1507
16253
3788
18434
16280
7676
16216
17870
2293
18204
10026
3096
16858
12090
10498
3219
2669
11739
19019
14517
8230
11595
1420
12152
2410
2960
17973
496
4362
3239
9881
4042
14444
6069
5170
3332
10632
1045
18934
13590
4106
6165
12740
583
7784
2193
2998
10221
39
11002
9917
345
418
1505
4983
9656
15572
10596
15077
6559
10812
7884
11438
1892
9541
4348
7324
18546
2660
16394
448
5222
10583
15344
8348
7540
16451
14592
10013
1599
18001
16452
9833
11079
19133
1739
13767
18865
7343
2295
6901
9409
15952
18103
3307
12026
10756
12855
10819
2875
15643
17109
18255
753
7043
15276
1579
14242
7532
3480
9817
19401
8061
10546
18486
17795
14716
18555
13369
2432
17227
15220
14704
13247
13233
19467
6166
3359
16887
12432
10489
19203
16333
18531
8860
11048
10444
18544
14133
12943
10678
8656
18577
11248
10537
250
19419
4962
8842
19150
10588
5529
13541
4869
2511
10257
16316
19788
1133
7814
13866
3504
16205
8796
10435
7427
11041
11422
6237
3285
15855
8946
10213
16654
16185
910
741
5425
13410
2578
17242
8356
19025
18117
18830
1485
9822
3941
18250
4180
16229
10611
7056
3779
17028
18174
15415
4725
7555
7777
8968
6723
2872
1771
9127
2745
12349
18642
5378
15591
17576
3044
18317
18402
2216
14528
15842
15299
11518
11219
6589
11468
9475
18950
11713
16847
3152
5614
775
17731
17924
1249
19879
13801
10106
11246
13786
4728
11117
8262
13702
5783
752
12234
3934
9154
1639
8789
11929
16455
18692
10117
7303
17186
15163
14366
6198
14646
4755
10226
5903
10130
6829
4484
7692
6051
4017
2370
192
4860
6461
8428
19718
18254
19977
17592
12750
5060
199
19238
19646
8892
2055
10862
13194
12831
4647
18707
17699
9849
4938
18784
15603
988
3953
11315
16481
10336
4969
11877
9634
19465
3798
5082
14011
17079
14387
3477
1114
14908
11502
2501
3248
13069
12480
11745
6067
20021
13472
8539
18198
19949
7711
10928
6324
18385
19013
3843
4533
6644
4610
12184
19288
8049
17103
15883
1351
11311
7623
16626
12673
19224
17609
4881
19024
2582
17352
14741
19053
7513
5803
2573
9365
4839
15777
7588
11644
11489
10154
5309
1564
14864
12398
3026
2623
15949
19092
11743
3528
16142
2808
12318
19484
3247
10905
938
1687
621
557
960
2517
5407
8972
16743
5733
15605
19996
2430
18244
18726
11446
11165
5960
3831
9199
14799
4029
15443
15700
9007
15482
14988
14980
4766
13463
12715
11122
10457
13878
4948
8588
5902
12705
5655
4388
19298
11342
20017
9999
1931
17043
1595
4771
18000
4756
14670
2590
4218
15097
17459
20025
10934
1714
3166
16192
3487
15929
6295
1697
13886
4160
5996
1804
3060
16238
9782
7995
10416
5755
5780
9193
12288
14171
14783
19416
10105
5849
4304
12675
1814
16911
16744
8425
16434
14109
4778
14583
9831
10913
14922
10545
11103
9707
3542
785
12321
5295
11267
9362
2746
13774
11626
19514
3728
15040
3408
497
19032
14073
10163
18192
8940
13596
14687
15406
13371
2436
11067
18173
13884
5893
19947
5292
2258
16810
5752
18390
9329
11461
717
14114
2926
2558
8411
2027
636
13029
3121
16613
154
1168
2200
18832
525
7933
3437
19144
10749
13591
16616
10585
16794
17193
6821
8296
14184
1304
2245
1765
5900
3137
19617
6405
3495
14841
8059
18781
17633
13931
654
17023
2328
2414
78
7105
9025
11447
11961
13318
14189
2354
4323
102
4071
6044
1538
4351
19160
1738
18257
8045
13675
20029
610
17388
2477
18631
13823
19119
14736
7306
8153
2667
15512
8188
17012
6551
18864
4449
3625
10654
3238
15460
8048
18504
1918
2319
5252
7984
6850
6810
2811
7218
9802
3473
18592
10516
11378
19500
6910
12158
16739
15555
18397
18948
9195
16115
19188
7987
12624
17750
4662
5506
11919
12728
1411
6707
18730
19169
4843
7855
2214
4421
11750
9274
1111
18048
14175
8514
10330
15246
4052
6651
14934
16339
2505
5131
1928
15449
17925
13877
493
10647
4103
18694
9343
15051
301
10263
19608
17464
14157
6838
3120
8107
14717
15618
6240
18969
15151
8712
1454
4292
19990
13977
18850
11837
16698
1957
15834
15414
14825
12311
3882
2242
182
1354
7629
14708
11915
15205
18836
9230
7329
3169
17322
5430
617
93
17539
13937
9370
6590
16475
11264
360
17346
6493
240
16652
17370
11685
13270
7090
6363
17035
5692
7149
2639
10387
2123
2113
11105
1018
3139
17807
13076
1394
4097
10305
12745
1572
16023
16707
16235
10231
3145
18769
1054
16326
5321
1280
5432
18623
16178
12826
8715
19369
12298
16524
16054
7170
3609
16260
18099
10547
2263
2982
16222
961
7045
2186
1424
8279
16164
12780
6933
7236
16145
11238
17960
13000
9092
12695
18664
14972
11711
10605
7135
12949
8165
7280
10125
14403
9901
19372
15106
2156
15707
2608
1223
18921
12985
5280
13979
19492
14131
6077
17416
8937
672
13799
3867
11977
19576
15296
19153
1637
13991
1162
19412
3753
17819
4796
13075
10183
9179
11714
1834
7766
12203
3344
11320
612
1095
20013
16581
5003
9809
3163
16998
11454
16590
13439
7156
12178
4536
4179
1857
7568
3883
15480
15199
5020
9150
7463
16508
12575
13419
15446
9623
19231
11770
2938
7973
3855
19906
14941
11204
18889
7809
4750
15472
4465
12617
5201
13988
271
8175
4920
17487
6344
5997
9424
6977
19338
9934
11945
12814
9132
18351
13453
16329
12647
11492
1734
8098
18239
5932
10761
970
5451
17204
14910
3760
16761
10039
9159
3462
7352
18984
15031
6029
10846
3036
11390
18716
4373
12235
6013
6932
819
15960
7248
5778
3616
10563
3474
5640
15567
1052
6791
4295
18367
9769
371
3526
10893
9923
15104
3327
2075
18031
4782
2481
1768
19466
15523
10703
12176
16438
4581
3932
3165
713
8647
16936
7224
4012
1402
5340
9045
6119
4039
5459
10783
19113
1810
15224
16671
2833
6671
8187
14252
5673
15542
8095
13398
3226
6867
18783
16087
6982
7390
9084
1184
7798
2298
18357
7373
6608
8036
8055
9272
19472
7007
19070
16984
19325
19209
15234
6384
4824
16125
8439
12974
16101
13126
3791
14960
16409
2287
7003
12225
9785
12309
14795
708
19376
12881
8862
15981
19530
19075
10514
15101
2691
15144
7198
14166
333
6950
14782
12056
16636
11557
13907
3944
18779
2468
9983
12133
11660
6449
6697
4837
10722
16978
1758
11671
10943
14617
12174
1089
6630
16611
13172
10425
16417
15339
6582
1370
1678
10419
16181
8312
11240
5597
16073
8608
12040
5533
14699
11754
14544
9898
14245
9526
3001
2868
7181
7743
1228
11268
10874
11866
7006
5493
10566
6499
19647
5050
1735
5409
14902
11394
12460
14180
12196
15022
10965
18245
8830
9931
4137
4202
18765
8891
10663
6190
2475
17179
5452
10291
20008
7071
4015
10114
15733
7791
8685
1727
1041
11047
13411
10586
6038
6611
12651
17902
13869
14883
1934
4049
12749
19588
756
6824
16650
4415
7938
18157
4780
11505
17385
12433
19716
15182
279
14247
17714
2873
8180
11280
8557
14744
18699
1322
18450
18230
4068
3796
339
12791
1602
11166
4660
176
282
14497
13555
12628
5708
8453
11210
9773
8157
6876
1608
4812
9032
6698
15207
15690
8902
8032
2931
178
3575
18512
16240
2768
6962
4024
19480
7202
6264
18525
55
322
14272
5951
7903
3098
8256
6223
2194
1276
16517
16816
12167
12310
7070
14121
4980
5117
6293
2463
3282
12466
16732
10931
14812
2110
12584
5938
15367
15667
6776
4871
6316
10959
1256
287
8252
19594
18528
7242
12172
10765
18828
9614
2127
14065
17534
4253
3150
4511
9304
8148
503
8221
15062
2607
1469
305
3713
3046
16428
18796
3955
6422
5032
127
15256
13913
13157
1613
14240
7375
11906
8393
835
8678
6920
1264
16085
4940
18871
16276
947
6489
6085
4141
9056
5859
7950
1565
4630
7435
7537
17327
7261
9198
5308
8434
5477
19267
13289
5582
17199
19428
2386
18291
10800
18235
12426
14961
6868
18742
362
5179
17768
5282
17815
16600
3851
2687
18515
3024
537
17391
11138
12634
4943
16361
16385
9267
9064
4422
2843
9185
8305
294
15739
7428
1210
4600
11853
16719
8762
14568
8137
10900
6930
3720
616
15682
19876
17172
11870
4996
17439
12661
2520
14875
11127
11954
1179
10967
15178
13229
10743
7216
9321
7511
17911
1866
18280
4978
9347
16643
11212
2277
15210
9481
12124
17638
3033
18838
15717
14602
17413
1297
5556
2173
451
12485
4299
18161
4281
3600
6063
1
15539
3075
3388
9752
18990
19543
10352
2959
18410
17429
16048
19128
4461
17967
12121
1855
7834
3380
14459
17238
10892
9242
4858
7981
14309
15704
9561
3056
16814
8371
10058
8116
14066
11648
9354
13432
16602
5760
7461
11918
15411
6583
12776
18815
15287
17784
17867
13491
10471
18145
17527
18347
16866
5016
15123
6117
6753
14953
6580
9422
4136
6761
9081
19219
19796
1547
12201
16968
4731
8990
16038
2301
5604
13262
13072
17340
10460
9645
3995
10661
4760
7567
18272
4966
8192
11203
17132
2921
6386
12481
13681
7681
13672
4300
9654
14257
12909
1890
18645
1471
11568
18350
13314
17406
1115
3103
3921
13764
18772
6042
12824
7046
19172
8721
13855
7274
12960
14991
19861
4735
11529
17423
17800
12119
1380
8941
7958
6024
17475
13135
97
9818
16960
18457
1575
7337
11063
9937
9183
245
8563
12636
6329
2684
12961
11813
18384
5666
11561
9201
5957
121
14219
7036
6140
6170
10033
1085
7838
7840
9835
19921
18437
15672
15103
7906
10041
12323
3210
4306
7069
7677
4476
5654
5965
14829
15345
17998
12454
7911
9413
11015
6817
12507
8346
15749
18861
5006
10021
10770
16075
5404
8719
16511
14582
18052
3812
19529
10424
10289
12574
12190
5874
13050
11662
7339
4066
5141
4568
18143
13679
798
7127
19574
8929
10612
3863
6914
10848
9786
11107
5139
17611
1407
15773
4629
19927
10548
15092
1456
2467
18183
15544
8099
20024
18537
13657
18049
10882
19604
15887
6325
18003
9419
4811
3070
2560
12322
9962
15942
840
2967
17260
4458
12374
9145
7807
10152
4910
17662
19007
665
892
9433
14128
15179
9068
10693
17033
6256
4602
4863
2260
12437
16734
7936
12317
18522
13302
4591
8094
4990
13013
7120
14118
19287
4347
7708
16308
7322
8564
2397
6616
18154
857
14707
8477
19333
14167
13751
5789
17730
16256
10608
18841
12413
8495
10916
13292
14053
9300
4924
14529
571
8544
4391
912
10236
2895
6097
19887
17920
13003
14255
338
4129
12971
17192
8611
18678
12666
3215
12223
18923
14391
4464
15776
7765
11732
9549
7918
19042
7648
7429
1688
6828
14043
17477
17861
3149
4156
18300
13940
18240
16834
12004
3756
11703
14076
12653
9414
10692
15703
6313
14250
11155
12146
8540
10643
3507
4905
13580
13030
5352
13741
8814
16306
19281
8134
7977
13615
8573
7818
12957
3076
18326
17075
1830
541
1211
1779
15894
10181
17529
13058
12508
1009
14485
19830
443
13351
6624
3922
9490
16867
8369
13893
3601
1090
2713
17430
11767
335
16233
6725
389
5206
10726
13251
10639
5394
17846
11038
16478
19507
18027
8322
15186
1911
8056
441
10133
19931
16064
16628
15187
18705
2026
1108
9155
1204
18419
1093
9534
12092
7499
7104
8239
13056
1782
13488
11914
1620
5447
4158
12822
5488
12887
19064
4586
532
16830
12988
3961
2348
7128
85
4418
13729
4654
3830
7414
17319
11158
7391
6096
9458
3947
312
2353
13053
1596
7893
17636
321
8701
2794
8934
6722
18617
867
15400
12871
9197
19048
1862
1774
17581
16962
4726
919
13851
17532
11694
3691
8347
18996
20022
6238
16241
10534
1836
18589
8883
8746
11131
14086
16494
2215
19260
12972
16161
204
14262
2049
2551
5796
17129
7093
11295
4374
18530
3196
4248
11536
18999
18571
17625
290
584
9905
9635
13091
11624
15474
19183
10285
11887
15152
13712
14807
16818
5224
11488
8531
19316
13870
19956
4749
8784
14660
4110
13972
10412
17617
12809
19102
8745
11276
9597
1409
17558
5332
9146
4148
6426
10954
4396
7031
4593
17762
3023
5188
4960
1194
10256
1708
15289
14604
13876
14598
18498
7653
12698
14466
2107
19926
14498
16449
18259
19626
7383
14321
14068
4301
19430
19469
10637
12781
14456
5035
6843
18907
5145
14275
14112
10790
1552
5942
10509
7132
12711
9209
14341
735
7636
365
1121
17510
18442
3350
15880
11481
946
17522
13629
5057
6467
7410
1567
69
3861
7874
12562
4678
17329
7932
18603
12005
9985
19406
5297
1251
6596
18180
9949
12210
1225
7740
10153
11996
3809
18809
9711
1764
6433
12990
3203
10541
19751
18376
10214
10174
5689
16518
12333
13812
13604
17885
17707
17337
14706
18903
2188
19860
14224
4310
10490
13815
5225
20026
12755
4562
20035
4585
11182
18178
19103
17631
17369
2935
13358
14950
10510
13846
1798
1474
18690
2702
5967
918
10751
10051
16189
1122
17233
5623
2473
10171
8665
17872
7214
16793
10120
11712
13288
19765
19517
8537
5534
6188
464
10767
17839
16880
17448
15397
2727
17313
17655
15521
7498
14435
2433
17623
19554
14519
10713
15245
16236
13141
5134
12489
14710
3999
14688
5325
3550
3915
2016
13738
9385
13553
16516
12877
8645
16557
1061
3858
15083
11622
13448
4404
7925
11245
4518
11882
9859
20001
10584
3220
6597
4917
8486
8185
3839
7605
11827
17944
19414
15644
10302
16667
17147
12592
13967
3448
14973
13850
5274
16904
1731
14437
11424
4058
18679
17542
7471
18323
259
11728
491
14432
16822
13379
17341
15361
6574
12387
13770
17244
9392
2964
17992
12934
8987
4286
17769
12892
10398
12356
19619
19770
10754
9636
2342
10019
15585
18194
10723
6594
11230
6958
11939
1883
13781
6513
1232
3298
3202
9945
19767
7309
9642
5220
748
1404
10273
19171
7717
14104
15554
16674
2680
8499
5779
2955
12404
899
308
1626
1683
19342
7948
8005
14827
848
1190
11471
10507
5002
19445
18112
12328
14994
8864
4474
28
1417
7095
7939
3435
1725
715
15626
12493
15266
17718
19269
7346
9695
7723
5923
3222
11221
16974
15331
8492
16456
4625
11845
12644
6926
3680
9596
3524
9188
17523
3242
13995
1581
7873
10716
8293
4069
18417
13703
6207
4939
14472
9957
15295
10364
19351
12916
5819
9693
5860
5549
14492
15311
12915
9485
5009
4919
2424
4429
4277
3013
17816
7994
555
5375
1518
8040
13164
4164
8339
327
3916
436
19279
9390
12362
10111
2405
8435
16422
9022
8681
5639
16538
429
4970
1680
2274
2063
17212
13960
13722
7962
8872
19115
12068
9338
3420
7054
2418
20030
11667
5221
9639
19937
341
19350
505
16540
2154
4434
10989
4265
3588
12227
3349
3326
8234
11049
6844
3100
5261
15081
5194
3803
648
1563
527
1515
14610
19270
7300
2324
15616
13508
4797
5004
5014
16078
13892
18185
4929
14766
12115
982
16251
1453
10683
9066
11143
13634
13832
8370
12878
15933
18213
2346
19736
20041
4064
4263
17505
15261
17841
15164
716
5129
16891
11031
9812
7291
17946
2363
13231
2124
19296
17860
4891
18778
17135
12758
8440
661
5811
8740
11387
9763
16828
10853
1385
8172
5764
6612
10109
9971
7468
7514
13816
6463
4115
206
6477
15108
1872
15561
1566
11585
7466
251
19358
15681
10466
11053
12248
11532
16410
15750
2427
1801
1882
14124
16398
11911
15054
422
2190
8186
17154
17859
2443
14844
14290
17296
10920
12777
8575
1259
7609
9246
16332
2696
12620
8253
4836
3271
15458
5263
7621
13261
1993
18468
7520
8266
13676
10320
10791
17427
3317
7501
8485
15326
18519
10085
4213
19383
570
73
8381
3303
17044
4394
7153
7469
7821
6402
16946
1180
15913
2897
13059
17783
16763
17680
10604
1012
18074
17620
4506
7783
18380
18985
8764
14755
2668
16598
1605
11484
7523
19773
1273
15784
5642
7835
14303
18175
12110
10325
4982
3797
18395
10915
4765
16413
18762
18576
4279
14739
3129
19668
12279
13209
6623
8123
10927
9190
10760
12470
4587
2765
15434
5684
18693
7663
9345
12242
19682
17014
18668
9002
15766
14063
15982
10531
16384
7882
17071
19742
6047
3862
7298
12645
5345
3424
8058
6720
6093
17465
7024
7379
9520
3310
16444
5421
6309
8206
10146
11354
17182
1274
7125
7998
13674
11512
11548
2533
8890
11693
19922
12541
2051
2213
792
5744
847
5054
14487
6730
5342
4687
12098
19422
9282
5634
4895
1314
4340
11558
12805
5396
4119
7767
18451
1988
17411
7311
5887
5484
19635
16221
12903
14521
2239
12061
475
12952
14726
6193
413
13257
9311
8976
603
3018
8878
7103
3968
12569
2037
2961
18975
8093
316
10609
3669
8859
5665
6758
6075
7067
8167
7563
14522
17107
11162
7416
16440
6565
4523
12268
18036
7899
13361
832
16368
18701
3063
16544
3087
1159
7014
9301
1982
9839
1146
7443
8441
3629
387
12034
8372
15391
710
12801
1703
12003
280
6413
15922
5817
2226
11413
8686
7342
10486
18306
6756
19999
12823
2046
19747
19104
13014
15131
9860
17685
18754
5941
13704
15816
18422
