2045
6403
11556
11629
3093
9393
16808
8585
11324
1829
14520
16591
12767
12422
2443
17500
10520
18686
3217
535
12868
9293
4773
3351
19873
14671
13037
15572
5577
7618
3024
2937
3320
1656
2288
10915
15024
11900
10313
10687
15426
1418
15686
13148
16403
4388
15113
1134
2624
2032
3867
6758
16064
16947
10771
11492
9963
14622
10248
3243
16925
2344
10349
1399
16798
4498
1330
13774
12867
6521
8826
12584
3914
14268
8804
2755
14124
7600
19948
1427
18408
19408
15428
6797
4727
10571
7451
10411
16886
19546
15793
1144
2949
3778
10711
3980
11676
19049
15968
13663
4907
12807
8337
591
12832
14073
15411
2471
5372
8950
19176
7025
15639
15928
7049
6761
13438
10237
17551
12372
344
12077
10357
12527
13025
14643
12449
17597
3939
18247
13491
9174
7466
7497
0
1849
8744
13193
8223
10430
13099
18325
18969
18090
7587
10907
15209
5080
8488
16905
6257
2165
13006
9091
15889
9754
13331
743
2353
219
10732
4214
247
18379
17513
15134
13726
18728
3932
14320
17428
14406
19189
18166
19506
892
5157
7019
14661
3574
15614
14876
12993
152
1722
18913
17707
16301
15007
15101
16860
7636
17767
6481
7209
15003
5363
15846
2304
13962
16693
18784
16102
8383
17091
12564
14775
15156
1083
7431
12833
473
17130
5298
15807
12298
9358
11517
14933
4659
17448
3071
9906
5627
10432
2939
5852
6654
3769
2557
19642
5715
15822
15582
4936
15667
17639
3385
1690
13320
16720
5107
11347
19469
2689
9275
13696
13412
6206
7530
11277
18851
10386
3957
16120
5281
385
10725
13967
442
14404
4566
14269
17892
9674
9682
13423
13405
3286
17170
14035
3635
13827
14228
16465
3301
395
1593
11957
6250
5801
4350
10633
8404
7329
4155
19636
10870
18346
2730
18079
5119
14999
10768
3322
9777
2930
7286
2047
5041
13561
11658
7115
2527
755
11974
742
14523
6420
5146
15563
6239
14281
18783
13975
8748
5011
8429
6056
19524
798
1012
15531
10696
5924
18932
13484
2542
19306
16906
14079
10665
12963
10044
6175
2785
5834
15147
1139
19815
10111
10256
19130
15642
19356
8024
2974
7296
9190
7089
12915
16505
14757
16031
1171
13347
3006
13061
900
7949
6565
13588
13046
19481
56
18159
7456
9084
6291
10490
9634
1854
10484
15947
10958
12039
12744
12184
13114
8239
4949
6722
4211
7558
3737
17651
10503
9129
77
15074
185
6265
10508
12555
14834
7785
12511
19986
12076
14744
4796
9216
3532
19034
37
15141
6530
631
3653
6328
375
17441
3683
14090
4222
3734
3502
9739
2959
4992
4489
3147
18024
7174
3711
10545
10029
5809
19046
1264
6495
16622
17642
11521
13815
9057
11888
9381
1490
5066
6497
17089
7419
13186
17377
18378
2420
3035
15021
14091
19807
9395
2330
11138
7964
15958
19884
12328
9650
860
728
4623
4184
16211
9839
9774
11820
769
14010
6771
11020
17766
10102
16203
17492
11320
5925
4592
19758
19543
3729
4855
18195
19299
11371
5666
15167
10280
18359
15641
6589
11045
5547
4158
271
7446
7668
11737
5594
17676
18135
2883
547
6293
2663
7580
9262
9155
8471
57
12713
6694
11761
8357
1468
13814
671
3501
7836
12940
863
12182
7950
4394
8772
5445
17417
19947
11250
7764
2266
6644
4314
3344
7877
4416
6930
9779
477
114
6720
10243
19953
4652
3463
9562
3493
4035
6246
18355
11146
1143
13009
3845
19641
17480
13669
7485
18520
13528
9014
5932
13004
926
10449
10156
18519
585
8498
2394
4513
17108
9518
5757
12137
5955
12214
11284
18304
12065
18391
14762
12415
2301
6944
1702
9438
15203
3411
16896
14614
4165
13014
13748
7807
11006
7239
2044
11249
2193
15644
14347
16545
7422
2756
15333
1622
15811
4539
2469
12942
4178
9520
10030
13795
2829
645
13360
8478
1576
16576
12332
13182
15619
2783
6646
17148
12369
9192
15974
9244
18998
4104
526
2820
18839
19307
15026
19192
14875
13240
14874
12296
14179
327
2704
7619
14630
9722
5159
8531
9238
19155
4597
17361
486
7977
9867
15622
8070
19415
2683
11618
8458
11321
15410
19928
721
16453
19849
17921
11507
11452
18828
14451
7318
12376
1362
10601
2396
12813
1218
3321
15632
6211
5105
13648
15503
8658
16365
12165
10190
11545
2376
9769
17378
15800
9419
4447
14227
3145
18048
1694
4342
1503
1553
17230
15041
8232
812
4230
17475
1099
18396
10750
17883
3207
13627
1434
11508
3338
6763
17479
13703
146
17098
5145
19525
3689
15673
1672
1078
7247
16312
16564
4632
649
19533
9895
12416
15225
10577
15809
2710
10309
3288
19070
9081
15387
9940
115
255
16815
3681
17988
16490
15719
17097
15264
14657
19341
14235
6255
350
14595
3128
1978
10846
10812
13607
7628
2694
14175
3380
12861
19582
165
18463
17253
4352
7324
16746
3143
7201
7421
796
4396
553
10642
4297
12473
16742
4775
10839
7347
2921
18927
16945
11241
17104
7374
3293
17536
19101
7603
9204
14571
4792
4533
14355
10189
9236
9844
8120
13030
17488
745
17695
6104
864
1961
332
9297
6148
19528
14566
13432
15522
605
18625
15908
14831
18845
8966
13377
14594
17635
3328
3438
19761
18481
20036
14772
6961
18237
6841
13995
18523
879
7804
17972
1169
12022
19412
6773
7690
4707
16223
15935
8413
14381
13081
7254
18213
413
7594
19923
14673
17048
3415
4813
8292
18360
425
19174
16163
6450
12325
12853
7545
11869
18635
10500
8367
12097
14263
18210
19398
18876
2714
8331
495
7149
3973
7310
50
9935
10333
16865
9432
7922
240
4568
12202
14095
13959
8889
16690
1780
8129
9173
5344
18870
16153
5045
16105
519
2539
18613
5662
17609
11063
5524
17111
19211
19736
19365
5815
862
13038
4655
909
7471
939
10012
16822
10295
5379
11358
18619
12611
16632
17959
15291
17911
17219
13072
4945
11630
12011
14730
6756
16112
820
14341
17926
18368
15103
16488
15900
10431
9003
628
13494
3397
18744
6625
7704
1461
16955
11818
18141
7371
3575
7139
19900
6857
19140
72
2760
19018
17438
16727
6912
7361
36
18352
17715
8651
14713
13828
18062
11586
11762
18918
4912
554
10552
5780
18586
12083
9178
12350
913
17244
15430
4739
11886
9051
17670
10905
6755
6342
16536
8014
8753
3813
14759
14082
793
1847
6810
3070
9191
7731
19967
19494
11259
6040
13722
3394
16200
16630
5002
1274
16728
1383
14214
11809
339
832
17252
6764
12418
12534
5583
5637
9451
13170
7624
9960
7384
16482
19354
2424
11608
5541
11291
18130
2397
9125
14479
16729
2521
4704
17603
10336
11219
10141
13124
17855
5366
4288
10068
3809
17333
12362
12430
16212
16123
15239
5794
6808
4829
10045
624
17125
17186
3649
18332
11440
16339
12876
8642
12524
15734
15258
12158
5646
17183
18257
7385
7626
5398
4596
15421
14585
15777
10712
436
13134
4823
694
123
10749
2751
8258
4336
17404
612
6591
19673
14527
5016
9925
12155
3357
13243
1500
10957
15485
5331
5859
12602
19726
3685
8234
2537
5989
9446
4556
4242
19096
19207
19304
12585
9202
18276
17481
1137
3571
11060
6269
1141
18491
14628
7825
10821
3335
11548
7200
16267
16535
14519
19821
19698
5709
7131
14629
15998
2445
2355
581
6818
10332
5948
8809
19784
1269
14240
5156
6714
654
1828
18040
8126
19890
17159
3015
13130
9169
15211
510
6640
13060
5532
18376
19767
15943
8335
11406
11478
10292
9705
391
13173
3912
3200
2889
12569
15827
2961
18386
158
17073
14809
16920
10312
14249
10653
14862
4186
7798
18492
19813
13058
423
10042
6422
19491
16486
19059
6186
1532
2532
17075
16348
5586
5808
15058
18795
15879
3177
16557
9371
12601
13287
12872
544
9854
1738
12930
11038
1290
1635
17625
14621
9772
7064
11893
19676
7631
7432
9731
6627
7120
1519
12612
14395
19485
16517
15423
19062
11688
13381
13657
18718
15547
6577
6759
7585
5587
2509
7018
5651
4588
16406
19997
8604
162
16347
1471
12777
12808
3946
2256
68
1135
831
13194
1750
3192
17539
19423
19283
10136
16501
15994
17346
12693
19362
4893
16036
5125
4398
2924
18959
10461
5738
12340
17459
4100
12890
10975
2630
1535
11775
14078
415
15874
15060
18207
16880
9077
2876
8062
16136
11544
14170
4685
5408
13319
1304
13594
13314
13166
7611
10921
15250
13708
14649
6962
16088
19737
2603
9694
6311
12217
15294
10285
9070
10742
17965
2723
18037
14370
9043
8770
18553
6505
9866
8004
17359
7496
17226
4046
6994
8981
5890
13149
8704
17794
7264
173
18935
13801
8456
16399
7533
15443
1536
16682
15139
9583
11721
15020
7886
17886
7315
18640
9195
360
15454
13904
3346
12553
12013
14511
3135
8916
451
1075
14860
13096
8254
9411
7230
15869
8301
14204
19044
5394
181
569
272
17751
4264
316
3740
200
13373
14386
9601
16939
12825
7094
15201
6459
1121
13886
14656
2910
14447
144
716
4163
18712
16167
15897
15562
2709
1874
13290
11610
2475
335
5822
6294
12652
19981
2590
14409
11456
11225
14637
11622
509
341
8022
15263
19328
8157
12939
7434
19021
4922
5239
4244
3708
19043
14615
9755
11343
19963
9590
10923
10011
2015
10513
8114
10638
17615
14115
7670
1425
10065
10033
8511
12481
8315
3755
3149
18930
8992
13829
5818
7357
11972
1476
19825
17865
18805
20017
6174
18976
15456
14002
17684
9302
8386
18153
13466
3109
11263
4841
14623
2241
15635
6489
9074
131
3777
8344
4531
19872
17510
3010
437
1541
13355
6319
5588
15486
462
63
9318
9825
15453
13011
20024
18320
17233
171
17267
6397
7071
2718
11328
16866
19333
1602
19601
12532
10101
3234
8734
12294
19912
10999
14893
13571
6074
12058
2913
9535
11451
14438
13304
8088
4177
4767
15470
18171
15581
4090
18490
12689
17454
11946
13221
17696
4752
15911
4599
19308
12607
18650
17107
14162
13894
15728
981
18339
2897
1199
4968
1382
3608
15528
15039
19438
14070
13917
7874
4357
16037
9899
3905
10001
7232
14047
15537
5414
786
113
6343
10204
13924
13579
1367
11350
9570
854
17347
1045
2967
962
19339
9597
10368
10796
15766
13824
3430
17004
4402
16663
1118
4259
17440
6006
6081
5264
13624
994
7597
8592
16762
6325
18651
11584
16673
290
4426
11161
12750
12590
2868
14303
18687
15984
14847
11898
16085
5040
7524
15366
15678
11903
5017
4224
483
3589
2836
13374
17781
12309
19946
14257
3
1308
12025
16870
9915
6743
422
6023
19674
5608
10966
9536
13433
5177
18129
2430
558
9440
16059
13833
12103
8133
10531
4312
11529
877
14869
5257
13943
5043
712
499
3406
15860
4301
8573
13979
15420
4425
4140
4167
8517
6483
4325
5453
12256
8378
5881
14947
1245
7460
19567
1196
13430
14975
10871
13913
3943
17380
14343
16052
3521
12050
19544
18256
19173
1162
2879
12132
6798
3775
15585
13343
12672
20003
14582
14335
19104
9761
14589
3256
5359
8915
11970
10645
16426
6180
1545
844
6002
11497
19478
4866
7519
15309
10426
9259
7407
7787
17616
6951
364
1283
10250
922
16891
17872
12461
14981
14602
720
9879
10330
9184
135
11458
3180
13799
11878
3061
14462
8202
13916
15168
3655
12290
18108
13560
792
18306
11557
4347
14428
1470
11157
17314
10783
1804
18840
16276
6645
6155
10084
16879
10116
2321
3962
11858
15955
18797
17612
18486
8300
638
13280
6510
6745
10381
2727
18963
19809
11055
19243
15761
15721
3578
15672
19442
2170
14097
12483
19248
18388
4683
9377
9551
1181
12740
8633
6695
10866
1560
4269
1486
18293
13450
15577
14382
14193
11418
12333
11995
19388
17789
6733
15413
12576
4170
18831
9619
17645
14803
10014
17757
7360
2540
7613
12841
15513
19053
652
3261
17871
13941
11239
15384
10853
11631
2311
19596
2636
10541
18615
18671
17263
4552
14445
18890
18775
13316
16018
12823
12329
14559
12292
13477
13910
1450
10689
837
19822
18400
11041
13564
19931
13095
5929
18570
14989
17265
10909
1832
11928
516
18260
16819
1542
10007
2025
3878
17373
15605
16172
8124
4492
956
3237
16871
8897
1596
13549
6697
2915
13516
19019
3384
7857
12961
18411
2048
5672
16733
2827
7707
19540
4075
19959
12326
363
5466
13345
14889
9342
1265
5377
11288
18315
9923
19201
13875
19630
7706
8469
13444
2248
9797
19742
15146
4619
954
11232
4903
14045
15638
7085
9394
10844
3647
3104
5876
19066
1436
9109
12253
3484
1230
4399
4844
1752
12691
8893
10894
6292
5092
19431
4590
9710
19570
10726
9269
10688
10501
1731
794
11525
7929
19983
5964
11278
2749
15836
5897
10482
15412
17863
6451
11861
7937
2781
7794
11183
2294
17384
9161
15094
13049
4954
14505
16691
19372
16124
19664
1867
15877
18318
8556
4267
15674
8356
10360
10767
18474
12801
1124
11567
19693
15036
5451
9618
11323
11490
9080
19496
14502
12052
9357
5154
4277
4477
11177
6603
17950
2014
3569
16585
8876
1268
13646
6493
13305
4688
18202
18451
7643
18732
11072
7242
14679
4733
18144
13990
3226
19401
13971
5987
18961
11254
13120
18752
95
8874
9188
8767
18808
5111
1574
1858
20006
1991
2139
3585
18169
242
8250
16858
6490
19285
12522
15314
13129
14913
14482
1644
2188
19697
14224
6194
12844
14053
9140
14402
8711
10060
2310
15040
2065
291
9542
8074
7122
9258
6233
7119
4863
9015
15637
16675
2253
579
8578
9025
4185
4430
7159
10474
3340
3976
3645
3923
797
7773
14016
12432
17307
5741
5310
17644
18313
8093
7645
17407
1076
14448
8813
13641
10819
18225
15375
3453
14857
10485
4077
10061
14887
9304
2574
2966
3782
6876
8276
6611
5875
19619
13577
4331
7515
15306
548
19233
10223
9111
19934
7956
9457
15670
16910
8653
18587
17156
18028
18337
16387
3528
14372
8911
15331
16155
1724
16570
18246
15600
15926
15044
15016
16966
8352
15224
11764
17629
17234
588
14485
19171
6055
10560
401
3783
12543
8475
2742
2941
7146
1103
16470
14785
1821
2378
16991
4011
15380
16427
4091
16051
14535
3663
3856
11637
15433
14333
17849
17192
6042
7897
3760
14541
17638
2692
11274
17566
156
15475
1624
3392
8978
9404
5098
14151
13164
16711
18214
17584
6830
15933
7531
12497
9038
9035
16627
11152
17859
14825
10892
5621
9197
6779
11797
10528
15359
4923
1473
1388
18903
11029
12402
14871
15015
4439
11453
13427
19126
6546
5926
15835
17888
9370
6259
151
4368
15177
8769
3000
3906
4499
9490
11714
4397
11154
4205
13847
2680
6647
19549
14557
18226
3323
6799
6693
690
5287
8639
19048
463
15500
11071
11141
11913
4764
16749
6754
4601
14891
19118
4014
5649
4146
5824
8453
18498
263
9450
18502
16937
17474
6616
2358
17960
12976
11034
11040
10721
8657
18919
13872
2668
15365
18773
12100
6165
8805
2345
1584
3595
2772
1646
17038
12470
19965
2725
5122
19522
4300
8844
9016
18082
11101
7336
2408
11176
19470
18880
2763
19879
1785
1562
15583
5959
16531
13554
1808
15613
15861
13265
16724
9071
18070
7325
10906
14492
7220
10680
5010
18317
7366
4699
8208
19613
8936
1850
2575
10270
3885
2861
18742
15480
5057
9245
8492
16319
17094
15841
15351
5198
5039
9585
10004
1880
16421
5042
19764
5806
17369
16926
15025
17060
621
6036
17546
16017
3722
9671
12314
5802
16356
19710
17180
4290
12753
7216
17341
3262
3527
1361
13798
10607
2938
1526
11087
13063
10265
6475
18071
4720
754
8976
11683
2151
15847
6964
3363
16176
6368
8106
18209
894
19255
17611
14116
6938
1289
10024
13907
836
18534
14644
3445
9020
1814
6718
10996
1748
5673
15824
2138
9704
17351
7943
14725
12723
8849
18268
5585
14537
2822
8729
12307
1902
2174
7556
19625
505
18629
9128
16851
17842
2278
9058
4780
16671
8320
8063
3402
17468
3695
8507
16068
7740
10511
18915
17590
16610
3223
14222
1892
13926
12656
6321
2571
16743
1322
8137
12580
15457
10704
3074
6378
6698
5622
4134
18456
15679
2642
6791
1340
8098
6478
12167
15185
4703
4971
14238
14304
998
11918
11822
5566
9185
1288
16169
9130
16145
2534
3987
6887
2834
19891
10232
1239
1061
18112
953
10809
10604
9423
7042
15132
1204
16950
13076
5514
8069
17464
7394
964
9023
775
16245
3193
16916
11964
14581
10151
3522
19616
13699
14503
17496
9620
14476
4624
3713
1213
18087
10069
3435
17115
18429
10671
4051
5529
11221
9037
19121
6704
10231
13757
13255
7008
18404
15832
110
5857
13550
8236
14419
18274
16987
9103
12726
1260
9114
16280
9756
19456
11600
10987
8547
10213
11833
16044
14319
1932
881
729
6347
3241
6315
17506
14655
16753
3089
5624
7448
10570
7893
10685
15496
8360
15545
1591
16823
9831
11066
14587
17350
3150
7694
15543
4505
2758
19029
16797
10613
16043
10627
2297
7673
12560
5005
17368
12929
4079
11779
6934
8506
2549
17100
3659
17423
17891
10168
2281
10856
18966
8774
15820
17331
6241
8390
11398
16539
11765
17718
719
4666
12541
16296
1913
15200
17302
13447
9871
18192
12826
10691
164
4219
14533
12014
18440
3282
18125
11758
9748
1786
6129
13390
1912
12051
8414
4837
4815
4194
14084
17807
5698
15472
19847
7751
2215
9622
14667
17885
5578
13088
10862
15634
13680
216
5474
1979
10096
6
19899
7084
17349
7647
5933
2945
10573
7596
15292
14307
13504
867
18168
2744
13636
15353
11112
17568
2909
4206
8542
19607
7300
5910
8433
3492
12727
9321
8534
17698
6198
17181
564
17358
19075
20043
9580
4565
126
9539
18583
8252
7720
1129
3831
11246
8742
2448
2963
6853
9647
11476
9559
5280
18746
15737
7686
4064
11475
11914
18302
11506
11273
1509
5326
2407
1094
14
6424
16618
5328
452
11243
911
1349
13768
18772
9800
361
11616
14778
4937
2828
4067
9691
4071
4987
14488
4807
11251
3134
10738
7437
8709
9454
8701
7231
19323
9253
7148
8123
48
10181
12627
3144
6216
17529
3882
18722
17678
7746
8937
3388
12398
1726
12190
16510
9859
12563
2780
4181
8175
9745
4567
5232
10733
18297
2841
1431
11167
703
8434
10986
14234
16191
11685
715
6620
16331
18501
10985
8679
2810
6679
5214
17387
5889
1626
10880
15052
14895
4412
15463
2940
2377
6126
6790
11342
904
15178
9277
1598
5415
7023
5512
17357
17489
1053
11236
1074
1165
12799
15355
1429
1422
4096
9883
7463
13950
10081
2367
16834
18152
17019
17538
2833
5536
2958
14012
633
19060
18767
13529
19032
10380
9758
11700
2855
2191
18838
1421
4257
19241
6244
11859
2656
4107
5091
12439
8295
17704
15701
10318
17650
4574
9455
4363
1316
11057
7234
16766
12276
11297
14791
7952
2135
7175
15199
12773
18018
11416
8938
11643
2314
16398
14272
11047
1956
14460
7298
19125
3526
19193
19976
254
3795
4705
12665
968
1981
447
5522
14309
4528
8987
8403
5511
4183
702
5133
1835
15794
14813
14777
10026
9947
5416
2593
1871
16432
15854
18910
12318
17674
13697
16350
170
13315
17037
16252
2303
17105
97
19215
1523
8110
7031
8241
7551
3580
19281
7252
18039
16679
5329
4021
4436
6885
1369
2175
7217
8078
13097
13806
19411
12233
5357
11061
20023
1881
19788
15711
3763
19234
2194
16455
2960
4262
19486
1557
19301
17318
18375
941
11558
14398
210
8614
12295
5412
7136
4858
314
17296
12273
13332
3170
2596
8914
7555
15977
3477
10176
248
14792
7820
566
10427
18132
8566
16756
17620
5166
4215
1994
5840
13938
15510
7060
683
15462
16566
5800
4995
15067
12425
11160
8827
12981
1482
19568
2800
5866
17236
2649
10335
2480
15129
1891
4285
14160
12878
1675
12210
11955
17212
11954
1967
11749
12811
18349
7716
8122
2548
17460
7349
16634
3092
8989
779
19615
1697
7150
2390
16411
13534
14552
9265
5396
15741
8697
13865
1701
14674
19504
5440
6076
15590
7411
3022
9031
18594
12230
11712
8766
8784
7849
9153
15080
17710
3204
19183
488
10128
19586
12012
9693
16473
19551
861
16340
12475
7844
1601
16407
13252
1384
18314
8980
325
16705
18806
10070
9948
8054
15368
213
7475
16883
1280
15965
12509
6111
4182
4109
2611
1899
19837
874
16187
4626
13115
15953
7331
7276
11367
13785
13724
13185
642
17537
13632
2459
9180
4453
16776
9237
2500
19603
10993
15511
12626
7560
969
15310
14500
19480
2171
5638
17422
14959
11771
12620
3274
7641
17332
10027
19344
8319
19881
18999
15650
17970
1172
11382
6267
9709
9701
19893
1033
4824
14148
300
12455
6295
15868
11262
7525
18261
3004
8109
11159
4270
11244
9303
15151
45
13352
8329
15361
19563
2421
6690
8751
3774
8871
7599
16898
10
17864
16460
887
12085
4009
8083
1390
15715
18560
3120
9390
732
17712
11139
5597
7197
19865
1191
10198
3275
1174
12708
2979
9692
17187
3779
6568
85
17937
2425
8975
5693
5120
10974
13812
1046
13506
13830
17508
4653
19268
9708
14802
2106
8640
365
7843
18447
4831
3609
9837
16021
5820
14687
11178
10261
5087
11203
17600
1842
7395
1872
7491
15951
4328
2005
2754
12978
1866
10278
16078
7435
8627
12069
14013
18277
3730
11465
11701
2405
1000
18103
9798
1487
18511
7251
19451
8929
19454
15441
10211
2455
8373
4252
916
15481
12228
16362
13668
13492
2655
8240
16475
12795
6146
5001
5135
10462
102
10160
12917
5129
4351
11269
11534
2996
6405
5390
600
6766
189
9383
2101
16115
16395
17813
3399
3752
11012
134
17903
8564
18753
6556
12710
18791
2743
7062
10390
17110
15482
16328
3726
11619
7245
16006
1062
6130
9928
3540
5076
12847
11583
15435
2214
15760
6822
5896
10597
18589
4804
2691
15759
18758
8543
16281
17862
6041
11675
5352
15763
17386
2752
7665
18307
4694
4735
9740
1363
14034
14363
620
12634
5737
19555
15398
8654
9996
11330
9325
17792
10558
16265
17258
498
8723
3928
9208
14188
2803
15494
4810
9110
6626
12822
14805
2652
17322
4434
8819
14366
16392
9720
12330
8271
2867
13453
2464
3591
12220
5211
697
12317
10184
10437
5837
12519
17894
17737
8921
11373
16758
18892
8140
16786
396
12905
18478
8823
4148
7698
5498
16336
10710
1599
15073
10317
5114
8355
18038
8958
1895
3977
5420
18690
13937
13068
11977
13204
8107
5085
1681
10930
2119
11669
17145
16001
19990
1524
14236
14611
13361
574
9558
15532
14794
15206
16519
485
18955
5234
6731
19602
13931
9921
17070
7127
15826
7900
13336
16402
12360
9363
8016
8255
7449
7993
16270
19634
17954
8227
10893
5112
16148
2891
18617
5590
8015
16436
8736
12031
537
19418
18200
3704
19319
4779
1898
1348
15805
2654
2071
4723
7375
10062
18844
6929
12697
4190
11644
6571
17840
16716
6723
6732
1587
12850
14877
7098
4916
7931
6418
16805
12469
7219
1582
14521
8927
18098
16306
5095
2805
12719
16417
3661
1933
3660
8940
1654
2379
9329
2474
6572
6167
15137
12204
4197
6666
11121
250
18701
1318
2001
1477
2098
16959
12231
12094
19443
7409
8394
708
11926
937
14133
1668
6156
17522
14292
17829
1868
7871
17512
15175
16171
4245
5974
17992
2060
12928
18550
3099
16882
11375
16170
7741
8023
1975
19566
3824
18525
14918
10025
18953
1435
2068
7629
13127
9589
19753
3506
1312
7814
16674
19337
664
4199
12690
843
13073
8450
6715
3098
5500
17808
1223
19585
17001
4431
203
7095
16884
12614
13262
13532
19595
16274
5691
15197
12313
10298
3381
9848
7883
18147
7350
13385
8452
19945
4115
11883
17443
3738
9812
92
2156
18934
14950
19206
17837
8986
15038
9544
8885
12778
13568
16589
15648
11325
17641
11848
11966
5604
777
16828
13765
179
15446
8836
12615
6013
1811
19065
8583
18593
3822
11270
10048
9498
2375
19152
17200
17008
16772
15589
15603
2659
3434
1662
16778
5003
13711
3437
4745
17690
19644
5560
12768
8601
2950
15941
7144
9461
752
13158
17917
14513
6299
9957
7221
14345
4494
7293
4946
11910
14935
13591
6883
14377
9971
733
16550
17682
11738
16149
16445
17556
16499
8021
11301
18684
1762
16055
10260
3581
9441
12209
17288
17927
16963
445
12109
1350
1323
4577
12594
12605
1156
3154
17814
3376
5979
1113
11053
7715
2493
18990
6967
8610
11216
16824
12124
1789
7455
630
2674
5898
18170
17017
7249
11568
11527
4373
18413
15282
11814
3817
15775
9420
5437
18717
17919
13728
19200
10621
7101
10840
16567
15289
18182
18489
9697
10582
9771
12457
6708
18948
7452
9892
16670
18985
8421
2613
11853
4413
1381
7137
11747
295
9804
17352
292
8462
14297
19500
11345
5443
2245
14150
7265
15940
1405
14142
17315
14351
4944
2623
8778
14997
10023
17213
18559
9757
12923
14202
13327
19621
3911
259
2401
2589
1246
7164
2468
7043
7377
5639
11155
4058
9834
16230
8667
15904
14843
14033
15149
19350
4748
9729
4156
3850
13224
4654
9214
846
9239
15976
142
3612
11641
18003
13103
11454
4122
5951
16961
346
11024
11125
1397
15316
8206
3041
16103
19453
15703
13751
14953
11122
2434
6178
12251
11168
10659
5029
2103
16234
16736
19826
7102
7984
17778
16272
7774
16241
17818
3076
472
7567
11652
221
17494
8017
12117
18929
13866
14063
10656
8713
521
15534
14531
14131
2053
9959
18022
4497
6955
15444
8689
13698
3553
15626
399
3483
1882
2832
3632
16876
12438
15556
15929
9635
19107
12632
1796
17281
13517
17254
6529
19552
7454
5100
5791
4811
15162
15061
7297
5634
13580
9979
5887
7070
16647
8045
6757
13023
940
14109
13152
6260
86
3611
405
13613
5447
10789
14729
6440
19759
8591
14832
16813
12448
6676
4776
9967
17218
6340
16659
19196
17646
17800
15050
17400
13339
4039
7688
1243
9107
5224
11472
7367
8718
5606
16484
19425
2770
9700
17131
14861
19426
4734
13086
19006
16429
11933
414
17003
17021
15816
3131
11531
19727
7341
898
6975
7294
2122
3670
11826
12781
18422
10556
18409
18911
2801
1773
10917
6083
1612
16092
18947
4545
1291
1623
12758
606
9646
8480
6122
17217
15617
7639
8247
11484
9219
1028
4634
10867
10534
11753
17846
3847
16305
17719
13481
13237
1126
10286
19103
10479
19123
17977
3706
19695
6972
3919
7029
2130
17292
6992
15738
16311
14755
2499
2237
7827
17431
9356
6067
3366
12643
19296
13810
7722
12565
12517
4403
6354
9742
13764
17189
14471
3342
1733
12765
8033
16538
6811
13638
8192
10751
18418
8127
8411
2
9795
10080
9738
9462
6785
15055
4970
7346
3413
17574
6297
14624
18077
6084
7671
4375
14985
9364
3485
739
1211
18848
17209
9176
2456
9063
16764
17889
11118
9143
7140
17224
15399
6089
16745
11593
21
10419
748
14900
1040
7516
10754
9587
6032
10698
7747
3967
11172
9514
7795
9131
8629
18041
2553
19143
6576
13565
10510
9361
1176
1090
5865
18741
13551
8066
10649
496
19280
11678
6678
9911
6500
13802
14610
19789
11408
5891
19744
4475
7806
13892
15828
8576
14331
11770
16857
10603
12991
9388
4751
7163
17411
7121
8215
3658
19836
977
16636
9875
18789
13968
4157
19011
9643
12995
1628
16215
13003
6177
2265
19683
14873
2923
2851
14736
2282
7696
13667
4238
13984
13019
8359
4449
16962
1178
17222
5178
890
3355
17367
15913
3968
19202
4473
9965
19663
5102
10540
14323
2086
2271
8345
10620
14254
10895
12959
13403
3674
5995
14678
17547
9079
11466
8965
7170
14480
17285
15449
13585
6897
434
14682
7006
5274
12764
69
10476
8261
19734
9567
17165
20035
16859
15704
6079
12215
14694
15319
15138
11238
4737
18416
2520
12989
1573
5736
5725
4291
19245
9550
15419
13165
12858
10785
3601
8387
6384
1458
3345
4275
14001
19420
7368
17117
12588
1878
9439
16416
17024
12254
1016
9604
3723
10876
12086
10881
9958
19995
7979
8528
3295
5334
17022
7509
2210
2818
13901
15921
1055
9022
13039
10359
12128
5841
4052
2164
10275
14532
18242
5480
3066
16262
3279
13300
16837
2383
19633
11471
10454
14898
17866
12616
18425
7788
12625
8747
7338
8466
14014
15360
9981
11774
7936
19169
4603
19702
3509
4098
17184
1428
696
6369
18830
4032
16372
13921
14067
9603
7927
4223
4030
14330
16030
12170
6031
10083
16205
18244
471
4504
2447
10401
5900
1642
1658
199
18500
6253
19114
16605
19937
16463
15136
17330
2933
2597
16201
18620
13359
11217
10316
18820
19072
9482
19236
7826
20019
12378
9670
15681
107
8609
19869
16341
16146
208
4126
18564
2562
2305
1004
19805
6561
7559
12506
19670
8159
17734
16231
6296
18145
8595
19858
2136
14501
1741
9467
18382
2887
8228
12953
5423
6135
6312
51
8878
18674
7372
15718
7034
5740
11079
2504
1302
2609
5238
10727
10769
14344
15896
16579
8119
6547
18099
1107
5507
2920
3531
1852
6936
19181
8643
19970
15424
12226
532
17381
13623
4193
4142
18647
10205
13614
2183
1301
885
11378
4633
14963
17806
10598
16602
16649
14000
10049
15087
13452
3545
869
1839
3373
6437
19785
17430
16045
11196
11201
3454
18585
19875
14979
16810
3590
19073
9151
12465
10441
18000
9733
14692
1845
9718
16588
2438
11283
7507
18414
9759
14538
17077
12536
5690
17274
18591
1944
93
4406
13020
18766
5629
13930
2054
2886
14930
439
18536
17773
8369
7226
6862
14949
16861
2259
6258
3229
2936
6266
12365
17671
6817
6095
4584
1114
18749
6395
3013
11025
5789
18683
407
6727
13057
3354
1326
15898
12153
8858
18116
11334
4333
9999
6777
12933
6601
18057
16692
1607
444
6026
17562
11437
16590
13005
3625
18658
15851
16384
6082
8551
4306
5283
9433
6316
19132
3116
15890
6729
2333
14909
1684
4251
252
12514
10131
6658
18188
7126
2798
17273
11724
14967
9780
13557
12513
18203
12404
6784
8101
18975
7753
9784
761
3165
7280
18679
17543
9475
13912
12797
7755
15394
8089
4309
1977
7831
19386
3052
6635
12608
10723
9183
9246
2340
18030
12446
5063
6280
7281
16338
4630
13110
15210
4460
14244
12019
736
6430
11353
10135
19740
18921
16435
2955
1228
7572
5182
19643
13620
1157
11799
14418
19502
11078
9000
1485
6102
758
9605
905
14896
14907
4553
11070
6945
18363
1951
9685
18273
16067
7772
9972
17239
10323
19980
17663
10010
5141
13267
17432
18855
15077
6414
660
14852
14569
12529
4266
5908
6163
2634
952
18150
709
7522
18115
804
16239
8870
1047
594
13163
15664
18577
8724
504
17890
17127
9611
2289
18666
6775
2131
19466
16820
5797
16651
3021
15378
9680
3325
6220
12642
1282
5260
5946
1445
5026
14352
14972
14368
1575
14421
18292
3879
18301
10257
14346
10157
19591
7495
4639
12413
2872
19404
19012
12957
11571
7092
11266
13190
14489
326
11655
13925
1529
7995
19687
18661
17255
16740
14598
571
4641
10962
799
15440
18380
19870
16209
8665
12544
575
2261
10308
4714
6147
11973
6851
1948
2111
18178
8810
10589
8470
14685
8830
16423
8154
1380
14477
5613
18488
17783
9955
2728
9448
9501
14784
18021
13469
17074
14601
8308
10616
8439
7469
11235
4028
11979
11711
16862
10392
16294
19756
16300
4636
11978
14921
15417
19675
12756
18272
1021
669
7183
2625
2592
18538
13000
11414
15964
4696
12501
5996
15780
17114
2218
1357
10367
1655
12386
986
9638
10519
17910
3265
15246
10641
1379
17005
3460
5201
19473
17016
14700
11759
13918
10774
2695
15758
14029
17363
17277
5767
15083
10585
8930
14071
9121
12658
19855
13092
18603
14966
5795
16806
5688
4865
15255
354
3257
4573
973
5213
8918
10882
4882
13994
4391
16081
308
10489
13611
13191
10569
1608
12403
16476
5906
16335
17069
4092
251
2249
13264
19580
10859
3359
1295
3306
18251
7312
11599
5137
12130
17409
46
8917
10246
180
7842
8824
7920
3893
16680
14650
14774
11896
14301
19952
19008
11389
18833
4279
18901
16873
17610
17968
16537
4145
18020
13318
19706
2363
1467
1779
14782
6796
636
17482
4149
12669
9836
17758
11153
6525
10899
12241
11467
18187
15096
11748
19115
8363
6218
11788
4037
11863
19760
4671
3669
16829
15329
13147
3749
3466
18426
7317
13797
11193
19830
15154
1512
14922
20022
17760
8571
7333
7778
11924
10713
5158
2795
19556
2450
4899
12512
744
16137
14337
2942
4464
3898
7225
166
3745
9907
15591
9168
4611
19163
3100
16577
6926
6801
6112
83
14429
9040
14956
9471
15422
3318
14247
6001
9850
4404
18599
3334
19882
19082
17662
12965
13249
9307
11804
6624
6192
18494
430
7987
12141
3801
13480
9792
5636
19609
3426
14475
7703
3843
4642
18572
1950
8860
6533
10609
14789
16462
15971
3302
15584
59
1666
1
3448
11481
14105
14801
3235
8663
2572
19517
13598
19109
6225
13822
2641
5050
11547
1310
2354
9267
459
1030
389
16393
15561
7412
5598
13783
12034
17975
6245
2601
3842
12818
18366
15946
14786
539
8771
13117
1351
2115
1982
10523
11560
6736
19926
10105
10600
12268
11741
2892
376
18906
10340
13396
4598
8570
3124
19922
15459
16333
1678
7542
3097
2317
13356
17456
13537
12134
17908
19705
2759
1765
6549
1414
18899
17161
17832
1065
12918
16116
2904
19352
14842
4171
3268
1406
12789
14699
14668
13474
2911
9362
1481
8995
10281
12909
5272
9170
258
12488
5581
4354
8142
19692
11808
16532
3185
15557
14600
9714
11304
7644
17944
8532
14322
14690
4560
871
6346
610
494
8829
3125
4786
9782
15216
7762
7414
3255
3996
16804
6121
6701
15174
2117
3186
18222
5489
19712
17372
9721
10220
5254
14612
11549
1754
960
10407
698
17047
4924
13111
5227
6659
10488
14206
971
19463
16299
14250
8821
2361
13515
15920
317
18743
11673
15004
369
7616
7734
2247
10133
9041
17340
2998
3638
13482
16332
17308
14524
12659
3639
8145
14961
11935
14841
2681
11666
20001
6552
13609
15810
19342
12679
8173
17816
19624
13871
568
11620
11215
14364
4419
6999
13885
16544
11444
1164
2365
13404
12498
11790
3974
19484
6984
14726
8554
10595
4583
1161
16527
15872
16464
1276
2272
6562
101
17394
14436
4558
9918
1452
4932
12596
225
13514
999
4374
5173
7182
2602
2646
9336
8714
8053
6339
14573
11834
4917
3904
17627
19250
17974
14083
8502
15742
7504
12597
15284
1727
7861
337
3375
10314
11381
1718
14526
5623
13428
16434
12849
10404
9453
12080
1942
18357
2507
6184
8948
11110
17103
16540
4380
282
14742
523
11516
8374
12453
11665
9032
443
7378
1426
6128
10366
11864
12809
13745
8715
18004
5730
8773
14680
15326
9976
15803
7975
15796
10028
8906
5939
13900
9405
14415
17310
10517
13184
16142
18340
4524
15466
15688
13581
12548
13440
2121
13029
4678
12875
16816
11835
16134
16633
18834
14232
5250
6870
4838
10268
8594
3676
4826
13013
4353
8760
12373
10089
11659
2323
19553
9473
6215
4160
13162
16752
16197
2732
7591
183
6471
8879
15533
678
2080
2181
11100
4008
10291
4527
2850
20031
602
19883
12687
6824
1345
6892
15164
6985
10492
6952
13755
4726
9021
11365
10525
16854
18727
5804
3055
5732
14391
17028
18526
13844
19419
6920
7590
14576
17834
7210
16546
13695
12829
14553
3356
10161
12717
7656
12606
18019
13993
3216
5988
8859
10808
3719
15490
13089
5446
2300
7398
7866
4311
17782
7480
12265
13350
2433
714
8144
851
9142
2292
16424
9415
18032
8726
8051
12958
5318
4196
10212
1720
8168
882
9221
19119
9158
7335
15624
2302
15405
7353
6143
8030
8607
16603
5128
11191
293
3292
9929
19472
18547
3618
1354
13084
11730
15548
9235
19177
12335
15735
2567
5448
5564
10356
8273
15325
13612
8763
8266
3386
18726
10452
2242
19081
7962
14112
6307
15662
2356
16454
7444
4969
18506
3854
5745
8512
10253
4741
14152
10254
10826
8947
3665
1320
632
7663
2994
11997
223
17084
6237
7907
13826
9157
2905
2128
18270
19520
19966
13761
11510
18607
8368
9137
15916
13659
18656
5880
19138
12609
2972
6349
1131
12938
1469
9493
18334
10352
19198
7561
13479
16524
2024
11108
7275
6132
13619
14417
7801
13525
10174
4417
16990
13552
19749
16754
7403
18698
6465
12966
1195
19022
6807
5289
4204
11689
10391
17106
29
11967
15781
8991
10879
11115
19942
12824
10002
11756
7905
4338
17133
4790
12121
3377
6660
13250
996
323
18212
5721
14670
9123
19800
5457
6702
17895
12337
15749
6788
19989
9274
17893
4321
1253
17680
4657
16960
16534
19724
8358
1705
4110
2411
16927
5790
9982
16126
6371
13887
11638
15544
15278
16763
9410
3431
19657
9478
8153
8530
15069
15833
8267
9082
17724
11902
3468
9988
3284
18393
6686
650
9565
5513
9637
17845
12845
1514
14203
10418
13358
13040
14894
11645
7819
15279
1516
15447
19722
9816
6935
563
7165
10115
17940
9815
17418
18228
18403
9683
4364
19598
4487
14577
14422
6710
11532
19927
11252
2687
14061
5025
11609
19660
5435
17338
11050
3786
18997
17099
5684
10678
13575
7133
10351
3709
6760
718
15706
12349
14262
14823
12036
2157
5864
15608
15907
9061
11482
4746
20002
5966
17284
10413
2484
18308
17173
6578
10073
18933
2856
17561
1548
7678
19778
5771
11316
1097
5835
2127
12127
1691
6655
6918
11260
4117
14748
7135
18109
4362
10460
6417
5251
6372
13322
1419
12728
449
3290
2678
18787
3533
13682
8783
16113
6750
17531
44
8091
12445
15834
6333
3457
10587
2017
19648
1170
7682
2980
19803
17334
11285
13024
2035
8307
5931
18825
1595
3455
4757
2066
12685
16841
7810
2021
9614
9278
90
8993
14411
7997
2113
8759
4853
2598
4645
4200
27
18869
2264
12486
7784
2293
2495
522
9007
6281
7457
10074
5381
17740
16842
15416
19237
17575
6383
9044
3945
14620
5308
9743
4988
15053
11293
13422
2403
5222
4950
11695
4905
17694
5024
8721
18697
18328
9818
3264
5126
260
6097
491
10299
19731
8569
3495
906
15436
5374
1774
6974
9790
2216
2404
13042
12305
16643
9747
14710
7733
4022
3887
7761
3761
13202
4880
17838
18636
1631
1087
14986
7205
10473
8567
14371
8400
5660
3054
15275
5954
6899
17429
8841
12359
14284
14360
15792
902
6099
2217
7048
17573
4994
3419
5215
13094
3232
12472
18299
5189
3692
13733
8605
18232
5861
11015
5961
8676
12503
10420
10955
12164
8136
7652
3624
5848
11150
14318
6741
6069
16397
2849
13348
2650
19623
5062
11949
5454
16071
8486
14543
10008
16437
14923
9512
13905
7562
5811
14872
12921
5061
17693
7151
64
18432
17579
18675
5322
10554
3337
997
19071
9887
5199
8968
16329
13109
5962
7158
12859
12272
6623
1876
2982
16765
19225
7622
19655
20032
13238
14616
9268
17768
12805
17753
7134
7896
1896
4387
1069
5643
197
15880
7879
3064
14256
5462
9649
17015
11953
1686
4094
11845
18263
7441
9896
10497
3833
6173
6123
1807
13662
1683
18788
4330
7959
334
9476
7484
5305
329
6746
6896
4034
4188
2903
10240
17526
10178
5735
13601
13881
2667
559
17599
117
13379
15555
19364
14327
13083
18215
11800
4208
7365
2585
18031
10457
4062
7870
1122
4516
17743
19868
785
11667
7539
11988
9289
9857
1025
4005
4284
13595
10928
5150
13629
8287
204
19941
8309
9428
19208
16358
14324
2779
13923
601
627
10307
1215
9273
9010
855
8839
17643
1901
9263
10654
8899
765
18458
18515
1537
355
16408
5761
17922
18193
10815
16226
19093
1305
2934
1904
12474
9728
10800
2900
5949
10040
18011
5279
16098
10651
6153
13884
18177
6020
4452
12880
136
9852
15051
838
18582
2648
14578
1594
13337
1633
3254
7138
17993
1102
13079
14191
19378
12079
3630
7277
2753
3918
9727
17118
12934
8617
7728
3358
15757
3721
8905
17195
7147
17261
8299
8436
12101
6738
13895
3910
3597
3930
16907
6142
1507
15507
19861
14568
4382
1286
1210
3214
13985
2708
11069
15744
11076
17088
3770
11564
10878
1321
9064
8850
19791
7363
18238
14605
111
9636
19770
12171
11438
16232
15190
1688
19921
12817
12370
10036
2605
7130
1492
1768
18220
9987
1714
18402
1138
18765
5914
17141
9655
5960
914
5249
18059
15530
18288
6466
12901
1449
15323
280
5595
12735
13813
6674
8941
4686
16360
4876
18399
3871
18327
15980
10817
12027
13712
1334
10632
14031
5094
13735
4993
17604
18685
1496
11697
11635
7193
10144
16687
12151
2442
420
18681
1484
19124
9414
4820
17272
398
2336
4361
5248
3697
3115
13873
5161
1325
11292
3194
17548
2168
11372
4798
1894
2526
1250
9773
9210
8700
13793
8509
7754
4366
11204
4226
13759
9561
15499
2726
8195
16156
154
8393
2039
7745
12176
4017
12099
457
1569
2831
19194
19514
5879
6868
15017
17450
4681
6869
2620
7657
10818
2270
8187
4663
11056
11535
6070
15401
15086
1973
13890
2196
8409
19599
15346
10550
10551
3651
6923
11124
17497
11194
2133
16349
18751
16734
7534
5916
5300
9576
7470
9311
6713
16154
7547
13214
11772
14329
10354
9346
4908
17289
4495
19852
17052
3248
17999
13505
3604
11046
5007
14941
10345
10180
13846
10776
6747
19968
15079
3475
5851
18843
5615
7568
17869
17478
18556
17484
2619
19889
9024
10730
12537
19221
5754
576
8497
5807
17759
19128
13592
15950
273
17540
8959
5476
3924
4450
8515
17613
14024
11981
9285
421
10339
9373
7595
18785
6164
6318
16697
14293
12737
7003
15714
1229
16609
8249
14217
11710
15042
2190
4084
9407
8080
6394
4305
2329
24
13546
18863
18161
13932
17063
6728
2449
17033
6044
18958
7215
14845
4086
9500
15962
16586
13285
11830
14308
9617
11632
2385
7381
14199
7846
1158
15654
19482
6612
14613
12738
8867
1209
490
518
16457
3717
15182
19538
6532
3766
11573
4463
19575
18356
16889
7851
3371
8577
10885
6880
9017
5153
19812
4548
5490
2918
19300
8196
19363
14564
7930
15722
16721
478
188
13543
6979
12107
5569
18950
1605
10599
19446
7662
13713
3225
2154
19346
5432
14088
13078
7167
8048
14750
6844
17054
6545
17287
2269
7489
14865
1659
18770
8925
18322
1551
19244
5667
8150
16186
14197
10123
11660
3515
1914
12327
11037
7752
646
10016
10718
6432
7991
5088
5718
13593
17079
5084
4153
19614
7313
9599
16412
484
7914
10200
12468
17081
2954
15288
6019
17725
2452
11892
11874
13203
2225
13908
16639
16846
1758
3915
3203
12572
5501
5180
10209
596
16466
1974
8467
18721
10591
10303
11515
8764
4289
15550
4675
105
1105
2685
9886
2224
12851
12752
4673
6672
19302
175
1057
13842
9227
850
9437
1671
11036
16640
10446
9869
18279
18392
12912
16278
2645
18353
16210
7632
6444
5572
10383
8904
7816
14194
10903
8522
214
4964
3047
1187
7030
18107
9989
13135
8868
9505
2877
4385
2873
10350
14958
12570
5733
342
1955
54
18073
9409
4255
297
10203
2985
13859
5963
7633
14099
16420
14701
10515
3039
6512
9139
4390
13288
16005
7388
9226
4229
2660
18541
6131
12140
17984
16304
5942
9434
6598
13732
7802
13455
1760
16284
15903
15458
13420
12177
840
14926
12815
16556
6782
16931
2854
19961
5510
8586
409
11805
9663
5282
10536
1931
5603
4672
14768
15320
14129
14147
4381
13286
2538
10707
503
17139
16847
1710
7096
5559
13639
6214
560
9952
18083
16282
13740
4332
19647
9856
14636
17519
19191
19263
10869
3626
19297
10588
15068
11117
9011
6596
3693
5309
333
6874
15764
17995
14739
18189
4355
3811
13119
7194
11847
8794
11987
11777
1613
5611
8284
18329
4842
6768
8389
10715
6030
14145
11602
11687
19147
15140
13848
16396
10709
6696
10506
9069
4519
7199
10728
1232
9256
1311
3370
7273
3308
18442
1104
2463
4166
11443
6160
3033
11399
2502
10353
2560
6845
13540
19816
16698
19464
10252
19347
12409
17784
2976
5292
18176
687
18471
3353
3513
2490
2472
14735
14945
13139
5870
7465
9569
9234
13753
1511
14718
10098
15022
3276
19038
2372
14237
7947
7508
18194
15981
16508
533
1167
5734
6960
11165
11843
1042
19168
7033
16480
6137
19554
6410
19228
9254
17278
7288
14066
10535
6413
11009
6205
10126
19897
6639
12385
3839
6854
11754
16448
8882
12218
17030
5297
11425
19578
5263
13655
1884
127
11143
14233
8562
1943
11607
14465
17797
19157
16266
6140
4344
19827
2097
3935
15233
2230
16443
6480
8524
10015
11439
13033
10274
3327
17596
3048
10403
8036
19824
12166
106
17467
6551
16582
1848
17810
5705
14278
4877
3897
186
3136
13215
2973
9218
15931
15057
12540
6071
3926
19015
7108
11368
15975
8317
9690
7321
515
12095
12542
19040
10684
12310
1002
12889
14853
15130
5284
5399
9067
11921
1947
19561
5940
16558
12391
16133
13940
18708
11546
520
8468
12264
4316
7490
7362
11960
11725
7830
4593
8013
11392
15952
2192
6238
2715
11889
13391
7250
11089
7233
17064
231
7852
753
19286
476
2285
10369
448
1329
13553
19739
7672
595
14041
19735
7342
1013
10948
2189
14340
2914
6555
10973
11940
6385
18005
16061
3188
5642
8749
9002
62
13991
19460
19848
15332
16188
16028
6651
19427
9676
8217
9266
10458
5212
4159
4268
15219
17286
6582
18779
5765
12621
12657
17260
13784
4656
15961
7259
3196
14914
7266
16769
6379
17971
16015
11255
14599
7621
13382
4644
2018
8272
1716
9904
4864
18965
6544
15247
3017
6416
2458
18290
6446
19102
13511
16893
15295
6334
16731
3133
11412
17144
18278
6515
1285
4689
12979
435
12098
465
10567
7571
10779
3518
18095
18645
15837
19856
6519
5766
9087
3491
6767
10773
10735
4782
8095
830
9005
10618
461
7086
3001
13665
18606
12412
10743
16233
12041
3992
13996
8945
7983
4502
15876
7780
16548
5724
10968
727
17410
13500
7359
11646
18428
6322
19808
15740
13056
6441
3680
9484
4481
5139
14040
2788
14279
3544
3860
15010
141
6014
9387
7113
19935
8282
12630
19447
5562
7468
2410
15237
11299
17720
8170
14375
16361
7527
15281
2260
2953
18410
672
17559
16257
7868
9160
13107
1292
11445
13392
8503
4797
4615
10787
5901
11733
4647
17601
19381
8184
12700
4602
5144
16318
8922
3629
9684
3259
16352
8348
7757
2550
8385
7032
7344
6706
2984
18012
11132
7501
7889
3556
8817
3267
17470
19162
11842
5829
18157
417
16177
13151
6685
17498
13070
3696
4931
2579
16642
19681
525
19288
16726
713
18817
2360
8125
18856
19190
8328
5798
2427
19918
1799
10663
10472
14064
19763
6213
16888
11487
15552
4228
18977
8199
10255
15560
10288
15987
7939
7669
2324
8257
8861
265
1152
18884
1588
7549
15497
634
9456
15235
11633
1937
5392
264
4083
7890
9630
2342
4152
6235
15963
13791
18750
7055
2331
751
1706
19650
2583
5669
3736
18401
13002
10082
7391
16029
3908
304
750
5661
5968
2239
17062
2234
3925
16224
16672
12366
6093
1448
15370
1611
527
6888
3564
10494
14892
13047
13523
14005
6494
8496
11502
14245
18878
4233
10046
6910
12274
6276
159
13326
12885
15315
11551
7737
12344
17739
6744
7021
7287
4928
19699
8555
13051
18804
8278
8685
18798
238
13656
4274
12193
17925
5090
6919
8178
15276
17969
474
9724
8007
7430
11587
2859
5558
7828
4960
12192
1453
418
19782
13487
13573
18088
16894
8474
17602
18495
15568
17375
5012
4508
19665
17427
1679
4220
5571
9444
10300
7418
14239
11435
13919
1219
15817
11319
5200
15865
3112
7173
11450
18873
6973
1712
278
17154
8082
4890
10329
8058
18197
13212
13800
8304
19374
15746
17738
795
14544
19252
4724
9187
4871
10293
11931
5975
2036
11767
17776
14746
15934
12364
6470
4555
4337
15186
2558
19690
403
5441
1759
2631
14276
12891
13400
19920
11579
2487
279
12249
2693
18638
17193
15502
6884
915
1233
3767
17435
18810
16957
8798
2894
2283
5545
17080
9033
15093
11670
17116
1324
9711
8501
16378
18667
11679
3592
12092
10772
222
5482
1976
7912
5580
12068
3703
1433
12060
17119
14271
12971
17328
18275
13059
7396
6970
18151
7916
17303
14838
14973
3423
3317
11346
14253
11614
19141
14328
9313
7748
15969
17102
18988
14046
9126
174
15554
17317
18174
10421
4068
9847
8050
8908
15996
18319
19831
2884
9376
9528
19113
6360
2423
15266
12681
9034
10784
18621
15713
196
4613
3189
15873
15840
7059
12211
2860
11969
13507
14060
10786
2076
13016
15228
4421
10109
580
11941
8832
5882
177
15241
18123
13771
8008
2705
8370
5782
17731
10674
8719
9115
17654
4920
7510
517
18819
17045
8516
16885
10584
10039
194
659
5683
17875
15285
13317
17132
5555
19146
4097
15564
8816
17306
11553
16337
19725
5371
19799
2335
1769
3271
11671
11460
1358
15611
7918
392
2734
19652
1186
15506
16157
3167
3365
1833
2995
8869
14984
7413
268
15601
10959
13782
18576
19819
9059
18902
18369
8318
9600
10104
15857
6537
16249
9179
2617
28
9554
6243
10764
2107
10594
19232
17228
10612
2989
13181
9752
13436
6730
9012
8418
11495
19117
7980
4004
17713
19246
9144
3857
17280
6388
19806
924
9355
1777
14357
9338
1822
5338
9149
936
3132
12059
2485
13980
1816
9194
5830
19930
12023
18723
12837
2640
18120
14790
7111
4809
3078
1183
10075
8822
11925
11627
11059
17462
5020
15518
3756
18093
6289
12070
5170
12355
10991
11958
1328
11011
17472
17068
16307
11109
10487
10527
3546
16644
7535
6477
17345
7103
303
2896
18823
7354
961
7607
6847
2809
9211
5413
10938
9607
19653
9998
1244
14583
16334
5455
18137
13035
9898
550
18303
12106
8545
3715
959
2409
19220
16391
10325
12125
7257
8803
19581
8529
4579
14727
15739
3616
9990
14038
13172
15043
8087
7763
3161
16922
11789
2815
8353
15668
14721
19548
15082
2702
8626
17477
2150
5316
18249
637
17360
15733
6662
5631
12159
9817
13270
19448
6643
4986
15468
66
13896
4468
3994
3868
2089
18611
11965
13080
13876
17221
13631
11474
1625
5533
1385
18323
12557
5319
3049
3440
4913
12646
10526
3747
3002
19878
15072
9644
4754
20030
15342
7888
11234
14798
10580
15231
16601
9824
5701
2819
16789
8688
7107
18660
10635
15116
3042
19804
5869
3787
5315
2977
3557
19273
2658
7263
15696
14388
202
13010
2830
7482
17790
19618
9459
12673
13180
11778
13597
14965
3613
16008
13495
3118
1231
11073
10306
17982
10686
10887
1730
3158
8314
17140
615
4043
18364
3733
3610
16902
2825
18427
5853
9524
14198
13297
11589
2838
3231
18759
2203
16620
16569
5958
1155
19513
17188
3781
6202
8791
17749
6219
10898
12144
5640
2767
1717
4895
8735
7876
8333
16414
4451
1034
2813
16760
11360
5181
8262
15731
4379
16565
11395
19063
6169
11879
19384
9775
19672
13087
5168
2049
2491
4128
7803
1488
5123
11909
1338
11180
6846
891
4873
14827
11794
2626
1331
8622
1262
5538
13977
7856
16784
11457
6966
1554
577
1692
3446
6248
9093
4559
5641
2246
6406
6809
5078
17458
14113
4515
19266
12670
10748
7817
19901
5670
4618
9770
12980
7320
6903
19612
13143
17241
2706
13744
12216
3428
800
16152
9181
6389
6401
542
103
11282
11174
1296
18060
6317
3367
14259
5204
4667
14663
9206
18522
10746
5825
18469
19721
3269
7566
4891
12017
15659
3864
8112
14085
18786
14738
18142
19909
2072
2079
7730
5556
9367
8587
15220
16681
3836
16665
9201
9527
9552
256
9515
18164
6716
2051
1438
6398
11691
3221
9596
14201
7152
2736
9903
1208
19409
4304
3572
17270
6438
726
10348
11415
3404
18614
14080
10664
17473
17978
5401
13367
5208
19385
11680
10637
19573
888
19862
3464
19810
2441
5471
15694
2757
9241
15274
7520
12556
4835
18861
13935
8692
17486
9890
740
4569
7088
2088
10648
17742
11906
2169
5886
13363
6657
2840
7514
16150
5486
10384
11578
3251
12075
16292
15286
17298
2599
11394
7191
9148
16719
19733
6110
1142
6630
9591
18630
2199
14632
5009
13085
11035
19483
7097
8075
2453
7282
5242
13773
11871
18510
12160
9938
1031
18435
8694
9994
13075
9992
13946
7308
17961
9330
3757
13882
15189
12015
10279
12001
4732
6256
17044
13462
3550
19768
3835
17703
16903
17953
12507
6514
13225
942
11791
7692
12458
14659
5038
17085
17414
5965
9732
13340
15575
7248
17991
2811
5980
4239
3113
12389
689
6560
9632
10171
9917
6865
18439
2857
14512
757
3451
19711
15813
10762
8057
17857
4081
17706
1136
10018
4253
14547
1555
3304
10093
11615
11199
16526
8410
11131
17329
4141
4966
12967
18799
15217
13626
12312
13970
17202
4856
3403
7073
31
4886
12667
8115
5792
6106
7283
14218
17649
18055
16708
19745
8303
10451
10145
15181
3121
14127
16683
16217
15687
5762
5607
11806
13934
18747
1060
6584
16405
16617
3832
668
262
1571
19894
7379
14394
5034
1168
4456
16744
9332
2997
7701
767
3211
7575
19774
3206
12405
4806
5427
19139
6049
15932
14483
11509
2435
18029
5210
5406
14510
2233
15009
13415
16737
18076
13869
6987
5246
11500
17746
3999
11227
5438
2007
12935
7020
12120
3568
284
1148
7348
10997
4424
19014
9065
10094
11561
7808
14916
12205
9421
3127
12352
4563
6114
4102
2722
19943
13836
8656
13522
1823
15344
10829
16165
14719
8838
18777
12520
11265
7881
10277
7292
6802
4979
16310
14579
12255
9978
8881
15425
5850
1887
20038
8330
17056
6956
5270
2515
1824
5477
5167
3242
1447
13429
11228
16988
8446
19330
1391
14260
9513
9942
8263
6431
18111
18730
16386
4772
18815
3954
19795
84
4958
19187
12460
15229
8732
13445
8134
14443
14126
14586
13169
2797
18609
493
3543
16845
17453
6617
10855
1177
18980
9294
12583
10555
18295
19376
3168
16554
6085
4546
11480
16324
13407
16446
3444
5306
11417
16162
1525
5465
5056
9372
5685
1456
17396
18706
14400
16389
16024
18624
989
7578
692
3606
2874
2653
9531
7112
723
14683
2221
781
16471
13048
19689
18033
3956
10375
11807
16710
2477
19276
10877
10448
15034
10952
7506
19559
10003
5221
11786
9826
18605
9345
17877
14165
3349
2719
19659
13090
18897
4201
6366
8818
12969
11032
6709
19289
9801
15033
12361
9436
5151
15092
12148
9823
12243
11703
5127
13660
9977
10195
3541
5245
14470
13685
6916
4967
11099
15790
9056
6158
14444
2610
12260
9949
2308
10444
11760
11093
15843
1179
8229
10079
18056
10521
6641
3156
9877
5143
15396
18421
7066
20010
14712
17528
8708
2745
958
347
5682
4609
9281
8801
760
9612
10643
14154
18433
10625
9712
1240
4365
4136
10644
11706
6118
11404
19939
9799
12925
4730
18205
5206
19838
12582
14169
815
6411
2056
6447
15369
12988
17527
5047
19903
13027
10828
11734
5385
19269
244
16615
18542
1632
4980
1708
7598
10539
17962
14752
8669
19291
18175
5803
14336
1444
5677
3563
5115
12631
4682
6609
10729
17555
17882
13727
12661
16419
13465
16487
11374
18361
3181
15830
6456
129
11862
1111
18847
3808
306
11773
1929
19017
5554
12032
6583
17059
13645
7532
19864
19557
11739
11729
19646
14574
13424
6309
15084
18944
20018
5104
18081
2211
10019
14457
15222
2505
10326
10414
3586
18989
2670
5923
2467
1070
12320
18984
133
658
17023
2739
5497
4029
6776
1723
16616
14246
3474
8896
5431
14096
5748
19969
1267
15978
19265
19792
11866
9909
1146
5021
19874
5033
10341
18809
2063
16196
456
15048
7240
12914
11621
11829
330
7655
18397
18757
2149
15862
9657
12906
2773
16477
14530
2050
19467
17788
7204
756
2298
8006
18338
1407
13291
2561
9426
1081
8180
10222
3030
18612
16343
20007
3944
10947
5273
19713
17592
3807
14265
19919
5348
13274
14413
8843
15508
18532
665
1995
13700
18734
19916
9349
4236
2429
15783
11880
10807
18888
13678
11936
4376
19627
18633
681
17248
20042
15337
10910
11102
13855
19078
19964
11080
8219
7433
11256
19906
8424
9286
2853
8158
18694
5402
5892
12043
13501
6427
11313
15389
377
19747
5130
9233
12308
13369
4280
2461
3947
19957
6991
2528
7166
7758
16422
6781
10438
17040
1465
4389
13767
4942
12073
9009
17819
15799
367
6613
11210
4600
19617
10103
582
970
6891
4935
10919
6908
10140
5147
5862
6856
4476
11496
5912
6513
16563
6025
19679
3671
16063
14608
14365
17220
4054
2808
18365
8887
1556
7278
2848
16132
3313
12258
15693
17392
18893
5400
19166
8235
12316
13434
7443
1905
6586
14882
15259
15377
9368
644
6380
4784
17847
651
8000
7340
8758
10716
13533
18802
12951
7481
12986
4294
18981
9953
853
12852
19843
16914
6227
5515
11441
11222
8203
4129
3675
10347
7272
6963
3117
6983
11384
390
15391
13159
11849
3838
9842
6827
5656
15240
14878
18045
16111
7760
15324
4422
10179
3621
3888
16236
4957
5540
7077
15915
15330
5777
8558
7974
8012
6924
11258
6989
2928
15090
5814
5142
15541
12593
2026
5599
16220
18841
1544
3086
11148
2669
11919
9793
1226
11698
1234
13531
10072
3881
380
17990
3297
992
662
16032
18405
8032
9860
12839
10207
2414
4423
14086
19802
9472
10874
6103
18803
9736
2778
1052
13820
11657
18462
19002
6971
20041
13909
2460
1879
4428
19240
1125
5702
19973
10258
7942
4717
8969
5839
13281
12843
5686
15551
14316
19818
8425
7637
10854
11130
13052
12586
9474
17530
19853
9553
11426
19746
14321
6453
14134
19172
8775
19204
150
8473
11294
15684
11123
17931
1011
13335
19867
10667
10464
907
11522
2951
15059
7415
6464
4493
12479
17692
670
6254
16297
9666
14270
17967
884
13309
11401
9261
8341
11782
1184
9100
3280
13493
14209
18971
19335
4433
19338
14560
1375
16184
8465
246
1869
17733
16684
5488
16346
18455
1877
3796
15388
6004
11104
17495
10396
16268
15620
2387
3927
2608
5508
14517
6108
12734
16657
14155
13766
6105
8563
17335
38
3296
9209
19110
16468
15251
7270
3600
10760
13389
4521
3840
16106
15287
9838
4535
3985
8499
14987
18940
2038
5036
12395
17171
7675
10596
1853
9956
4819
397
7074
15204
3087
13196
15001
9400
653
10331
4816
15364
19122
9997
5169
13852
17316
15313
9920
7963
5225
9251
8572
6485
18575
7026
15675
4326
11247
11064
58
17326
18438
8847
9499
7903
19422
8010
18900
2309
11722
18221
6959
12712
19159
13065
18807
12835
10795
16097
6526
15133
9713
9913
16409
2679
374
5915
16827
17637
8964
18128
2202
6365
4256
10017
9950
12760
12496
12420
19090
5557
3442
13263
12248
12406
12189
6628
4069
18271
11868
7016
12577
4802
11120
10717
16568
336
11021
5938
14498
4926
8648
3797
2804
17057
14704
6863
17986
6278
12589
14042
192
14647
3319
15765
3950
10078
12952
10883
17379
4906
5494
4470
14946
8565
1294
5411
4133
6208
9669
18801
5004
10820
3938
428
10358
19279
17593
14326
9402
768
6033
12798
12286
3771
11513
2104
18371
7311
7352
15669
14469
18283
1840
13999
7538
4839
17152
13737
16315
19871
3077
6152
11694
7729
18466
1238
7955
14964
12114
9571
6786
10814
15606
100
2153
11355
9292
13368
17628
19009
14442
868
15491
20026
5072
18821
6329
6629
15299
16985
2665
3510
15317
13715
5049
11915
3594
16354
10435
4348
16369
17861
5140
16430
5542
8890
13951
12904
9026
8354
15395
16070
19682
3218
5744
3488
1242
4384
1764
19892
11929
7623
3059
13701
7284
7999
12110
11182
5904
18043
3314
15356
9806
19353
8999
3710
11010
3735
10719
5873
16293
19971
17259
6282
6268
7892
514
11825
6911
14870
17521
19210
5520
15853
13459
9966
886
8067
12984
4658
16493
7554
11768
11649
7996
2987
372
5855
1695
17516
15956
6721
13499
3803
6573
8162
5531
17879
1457
9425
18707
816
14104
2057
1287
18072
8613
15280
7202
14669
16458
9408
12840
7206
9417
13567
17032
16080
10602
10813
18017
11003
5956
561
13192
3347
17321
901
5028
15542
10756
565
4589
13168
7207
3551
15343
5202
12694
10953
6774
8085
12381
19508
5539
2639
10936
10660
8256
16189
17276
18602
137
1332
11757
16481
17337
11026
15122
16530
18156
17909
1907
13234
18693
17933
5103
18058
3516
14546
11477
1495
2533
10052
1198
6063
4749
18626
12150
12339
2793
5475
16058
19755
1459
14120
17774
8072
6712
14487
3432
11211
16291
6894
15729
6557
7424
16999
4458
17356
17769
2990
13547
149
8984
13489
1049
6998
11654
17567
9167
11731
18243
9230
1115
12463
15465
9145
13229
1344
12810
3471
7767
14522
19678
18419
9802
17240
1986
1669
6310
12222
18700
19583
4640
12664
13273
19771
12245
3619
5419
5787
6668
15078
19069
16074
12200
15842
16442
17122
13898
8221
8248
13475
15705
5404
14990
15610
10006
184
1335
9326
3164
10701
1953
11332
2871
985
4812
835
13140
17503
14369
1309
16598
5378
5174
16147
15158
1543
17433
13441
13116
12696
16091
11852
16713
16273
10518
2273
7355
13144
16678
7358
19098
18036
2862
17129
8710
6421
14998
19349
17932
12600
2161
695
925
9073
14753
8055
18454
4010
13965
11601
8752
17631
13693
168
12533
8730
9296
14509
6993
9483
3062
2952
17545
7658
14760
12587
16181
14676
19465
18162
20012
18946
15
13251
17763
4660
3478
13471
12854
7498
17549
6527
15767
4557
13483
10676
16139
358
10509
11590
14780
17617
9375
8957
13380
19925
1008
13752
6595
383
8183
12224
14826
145
11242
10655
19859
4523
17149
14171
312
7370
13378
895
4938
6821
17112
4651
16357
12266
18100
13384
12347
17636
20005
7289
14282
6652
7285
2381
13295
1247
11027
11990
10614
4763
18347
16011
15393
14481
16202
14011
12178
10152
11352
8347
13383
19833
12315
12848
13786
11939
17916
18857
7552
13437
17365
10694
15191
11582
643
1150
