15946
13768
18595
14869
787
4548
17159
17314
888
7867
4374
12578
11428
11939
16885
5597
5541
3490
13344
8396
7410
3732
11156
13532
9691
17767
9322
12852
765
2789
17525
18946
15298
14661
6851
12583
1970
10432
6272
12427
9859
11556
15569
1988
6284
14677
17658
18651
14664
15883
12311
19680
14031
19706
5399
16174
171
17775
15257
17845
16001
9518
9543
2208
17927
11012
15223
18689
6723
2527
4862
18923
16038
8627
10703
5722
13877
6270
17355
10163
721
8528
8322
19094
17038
16831
10638
12985
15792
13912
17421
10735
1318
2891
16063
15756
8263
14252
8921
11328
6514
15837
14039
14534
4991
19882
17131
3688
9854
15887
16851
17141
8389
18832
6994
6914
4571
8521
6016
19359
1
1023
6572
10569
16852
8295
9134
15079
1978
17695
6846
3595
4913
16438
14553
14638
10669
11418
8086
6326
3605
9777
16351
5775
4064
11865
10805
13662
41
4101
3416
868
5352
13250
15144
3357
15321
3683
10674
2375
1722
9966
11117
9312
8773
9383
15885
12566
8749
11927
7353
12794
19241
1357
1977
13258
13151
1350
12715
9721
10355
14917
4603
886
15982
12895
17554
2941
15682
17337
5404
4635
865
8719
5675
5151
14199
14355
1226
19351
3841
15433
7211
9098
448
17498
4903
13927
17541
13905
1126
15965
322
18870
8674
19253
8665
10520
6796
9080
3961
7910
8840
12684
4907
3533
5244
3397
9982
1379
13216
19074
12275
11411
19678
18516
15173
15291
4709
12556
12313
14679
1146
17576
17912
15851
5169
7511
18593
18175
1575
13919
18095
11189
18786
6062
14691
18375
5484
1202
9223
2167
5481
6370
13320
9085
19946
12284
18795
4279
19010
7412
15517
4519
14344
14297
17311
11315
6651
9562
16370
9637
10127
16739
11575
3962
8517
8268
3772
12196
17880
7946
17344
17661
5265
12536
4774
7243
18572
1659
8083
6318
7908
5797
18914
691
6664
7578
15871
15089
13752
12004
14608
4003
5972
16183
6192
16612
16963
8818
18645
10168
13835
4947
11375
16565
5937
8656
12598
1828
3730
1175
18858
4479
19174
18294
7833
47
14447
13085
1483
3520
7355
12176
2838
13240
19883
321
15610
348
15696
7847
17701
7736
10614
14385
16917
12860
14049
2727
13715
9994
11353
8826
8285
13334
6835
19251
12387
8549
6478
6585
13432
19489
7986
7799
2009
515
16881
7193
7542
7899
8079
10713
16036
12339
6582
19015
2097
10497
5813
7135
11015
18382
15795
18082
4533
16085
12518
3640
9869
9087
13699
6003
605
10444
4091
13028
12800
16689
3725
18215
9428
14838
553
19117
11728
11153
17619
1108
18627
3927
8929
6676
15968
18533
19504
13660
19415
18101
6712
15657
303
6988
17288
1421
14509
16942
2833
2786
16943
12550
19154
8256
6634
9384
14290
6819
7494
2455
1889
14850
742
18009
7810
8577
7140
1296
1255
13450
8851
18648
4053
6364
5240
18110
1974
16668
2334
12975
7065
11177
2400
17244
1515
8768
275
15647
13442
12805
15933
3005
16408
7028
15490
11870
4621
17791
253
1191
14337
18660
9049
25
3527
12765
91
13520
10173
18829
6193
11646
8899
5364
8529
14291
7004
2114
13903
3032
2926
743
16955
9602
17290
18322
8432
2219
7367
2422
8303
3335
14714
16667
6447
37
3516
17567
5672
3444
17366
7939
5477
9959
12105
8162
12903
2779
6014
13506
8476
17055
4866
12114
14676
6105
7846
1962
6902
7996
7097
14182
19545
2556
13503
10202
3945
19190
15483
19034
1636
14370
16511
8547
7373
13009
11493
12365
15060
16119
8587
636
8795
19933
11731
1036
11643
11267
13037
12730
7443
16635
264
14238
11152
8863
3431
14516
11400
2474
3671
5698
13769
1302
13032
2973
11439
17559
1955
9261
19300
17543
4901
7649
12343
10868
6908
14881
16734
13970
161
5157
10472
4343
6283
3375
17915
18514
3129
1818
18051
2777
9232
16810
4360
10454
6086
16964
713
8010
8042
16470
2661
10338
4372
12950
12844
17174
11940
13615
16335
8635
14755
13306
17424
10598
1652
7134
7554
15589
3839
11894
3168
5977
4924
12308
1779
12799
8506
13622
2626
4968
19693
19407
18613
18108
640
12560
8666
15227
12624
19206
8011
3177
7113
8006
16683
1546
6446
17563
18792
7714
7565
9262
700
702
4397
11616
4011
10234
2242
7318
14077
17416
11104
13486
4410
5959
7441
13005
16800
2772
4841
6054
17433
3052
13774
15907
8603
7337
5218
10031
11181
5607
1875
17705
7669
587
9870
6600
3491
17199
16374
12414
14672
7226
18251
12632
14394
1106
5003
8453
5057
2750
1556
14459
390
2716
12957
455
9979
19077
17625
15370
12274
1716
10129
10924
18455
14897
10595
4328
19436
7252
2961
5343
4986
12656
1946
18500
8183
17828
14256
11614
6541
14235
4721
15948
3946
12717
1624
12737
14999
5156
2117
2258
17140
19343
10320
15352
5284
13955
9093
17263
2451
13401
1813
15119
14678
12775
583
11824
11324
6786
4243
13716
11955
3801
13499
15971
3380
6686
6756
14301
12149
12070
8615
8
8842
3899
3752
13012
5522
4605
10957
13750
16006
2427
15138
7614
10635
19
5098
11149
4768
3952
12139
8065
17702
4085
19011
10894
3413
16930
14213
11910
15389
10611
1848
1438
14794
13908
3245
10691
14722
1135
12185
14314
11160
2683
3207
1244
19028
11739
18907
3105
13756
6047
4662
14071
3964
7397
2831
14592
19671
14163
13492
10089
6040
1964
18563
16180
18357
3145
8405
1222
15773
19097
6437
17046
17398
46
1214
14172
12095
16282
9360
16662
7574
2344
13617
18337
2877
9151
2462
6993
4191
4875
569
9451
19803
14064
5134
6244
8669
19850
8713
17580
14520
18939
10973
3213
12949
10677
1729
16409
7844
10429
5097
2057
3198
7046
18882
5811
14111
9405
12472
5930
18384
17495
15538
5670
10565
6137
2307
4454
19874
13294
2913
9184
1717
4814
14461
988
11807
6726
4266
8500
14843
2813
16210
4295
14221
5681
7607
16199
3234
16753
2266
13784
7422
19115
9633
19667
2135
2714
13677
2819
11847
16373
15744
18083
18441
14260
10874
4936
12605
3322
3776
3422
17052
8044
1787
5911
4579
6249
332
6864
7829
10855
5824
9791
15316
7872
16606
7500
3301
2562
3381
121
435
1491
19710
8980
14318
10231
16321
1699
15424
8788
6652
6484
16823
281
6896
3762
16301
11251
18519
18722
10114
2450
12206
12237
1429
14310
17057
2751
13960
5590
8362
4783
9419
9555
5901
11584
7998
5313
12872
19275
18784
10969
3783
10041
15862
8801
3774
9206
17682
11900
4032
19689
12179
4097
18780
9029
426
18926
9649
2785
19425
14833
17859
5974
5952
5120
16187
2468
11248
15024
8213
2579
18911
18763
13301
4193
2976
10177
12302
11233
11165
17686
8997
5899
9987
8724
8104
19755
174
14781
15999
7905
5951
5040
4217
15757
12909
14036
7492
11514
18885
1882
10801
12290
7358
4569
7117
15772
17863
1838
4126
13619
786
4317
9821
18727
15734
3788
15886
14249
11295
4274
15928
5641
10948
5615
15769
9563
8167
17437
3148
17507
17473
15388
18698
6278
9546
16297
10166
1712
9334
9108
7084
1886
9583
8316
6237
2170
11097
2008
7473
10602
339
3804
10304
1817
15432
17834
10083
16492
1408
12458
16581
13594
18942
19935
16947
11561
5055
6183
19349
11711
5763
10121
8598
10608
18411
6683
13265
17577
19932
6802
18597
4523
18235
8833
5787
845
16002
12338
7738
15996
12401
17713
6345
14518
2012
7013
15032
4681
6776
230
10152
6540
12471
5859
16771
12918
17414
9086
15070
9169
11183
9579
11536
2268
12209
14733
7815
460
16178
13370
15810
16679
19560
3799
16052
12246
16286
1569
12041
14574
16024
7638
8017
2453
16870
15
445
11139
17998
5893
18622
6109
6690
16761
16115
5989
3745
2487
7726
17655
3778
9239
11531
17620
9554
14026
17819
15924
3386
10622
11500
6607
14539
8916
13653
15405
15846
14642
5020
20
2190
3163
2543
8718
4315
11331
1386
65
16641
2202
848
16179
11401
7207
10881
12627
3965
6775
18679
5715
9374
3991
8260
13038
15431
15114
19474
408
782
4205
15690
1410
2640
6724
19473
10675
9703
15685
12952
14746
18379
7731
8702
9896
18115
19875
5562
2693
12928
19277
19234
19929
8234
13142
16126
8514
5471
10313
4163
2928
15807
5792
8720
3082
19416
8906
3691
6258
17836
6831
18387
1192
9283
14006
7276
3936
2999
18820
7499
6627
3260
10911
12934
9830
3713
15706
4678
19382
13399
17916
1989
19888
13261
19847
7623
12500
7587
1538
1707
17919
6535
13843
1952
11410
7520
2143
2461
6045
19903
15499
11443
11649
17784
1003
4490
9617
16557
17216
19429
3014
1029
6584
18390
9756
2069
14251
4509
7539
4613
19699
6843
17402
3597
1363
11978
12361
12167
12281
5836
19549
11981
14584
18895
12986
3091
13965
7299
5703
18157
14603
14560
17069
14585
9840
10069
5110
8445
12248
13630
13587
4705
4630
3759
11449
4144
7240
10534
4422
14340
6317
13599
7166
16707
3837
13048
3562
5572
2108
11882
6187
14227
19971
3059
5293
1464
16330
11032
19075
10895
14887
3845
3087
15749
18369
13215
1431
19289
15155
190
5210
17769
8272
4056
1623
14099
16049
7294
6725
4112
4851
3583
12523
4314
16099
17540
12133
5851
7061
18103
57
11966
8523
6452
10712
12509
14209
7911
11914
8934
18701
9363
19057
4267
7878
10768
3218
16626
15555
7788
7956
12658
10395
2816
6064
13354
18174
19499
5909
8245
11776
604
3677
18462
13856
2956
7398
5373
11718
14305
17040
10058
7938
17223
6586
14389
4789
7620
12438
18732
2575
17318
10634
694
13871
18496
16213
2630
16915
9766
13794
15575
6674
9604
21
2508
14127
18078
16255
17075
8347
9143
15451
5179
12087
16481
13182
534
11883
770
8097
16600
1660
8014
14100
10113
11937
5065
10493
7264
17374
2126
11252
2054
6409
19515
3662
7988
2473
1142
10060
3637
7667
8328
14768
10307
10797
1462
3472
11727
664
3827
9921
12357
6682
7995
12165
12160
14568
18392
9124
2905
7687
15235
2229
11102
7680
1881
2733
18663
1734
3342
17430
17376
6736
6255
9032
4290
2554
7505
14328
13550
4592
13631
2015
18019
4337
4616
14408
17747
14381
8348
14582
1574
3135
7961
6189
5694
8066
13283
8144
11566
12006
15686
8725
14139
5101
5076
13567
16274
843
17967
4031
7382
15970
9067
8917
883
1730
1394
8657
10875
14412
4469
14096
16925
12243
17394
11168
369
11660
1477
13382
19319
2329
5359
15834
3420
12453
17171
9931
7792
9631
5903
5004
10690
13446
10399
154
5405
15852
2524
19142
5777
18041
11911
3470
7481
785
11625
17968
18471
13454
5819
8535
1670
5386
1100
8409
18996
15505
4601
9456
11835
15578
3077
7637
4791
13684
4434
9642
17489
10211
15179
3625
13738
12609
1922
18178
16842
1585
3104
11816
16355
6339
1140
2645
2247
12597
6951
15506
4298
4626
4804
10261
9573
14788
1770
10718
13669
3576
14861
5802
6874
17074
19627
1576
6873
8192
18064
13124
8903
14979
2938
11335
9074
5860
14160
16647
18246
2906
1399
14246
19637
7313
6347
219
12079
5460
4211
5403
1138
9977
11414
7992
12867
9296
17839
7913
16118
17804
17308
3694
2396
17846
17303
11904
15827
13989
6808
8447
13123
16136
15853
19779
6098
6991
18567
4331
10629
11461
10585
5276
3040
612
1284
4825
3813
17340
9710
4108
18267
10282
5900
19977
12330
18408
5237
4891
2939
13477
15986
2405
4550
8525
11832
711
19503
16110
359
10288
1607
16709
357
9365
16460
7270
18155
17853
18006
9975
3791
193
11008
17423
10500
7624
8819
6170
11232
13252
17504
1753
2995
17666
1098
15027
16560
13987
3925
6714
5780
18834
18558
6195
2946
16175
16834
12476
7136
13674
17459
6210
4695
9369
18913
7879
12026
10125
6020
13441
11490
1317
18603
6471
18628
16071
12250
11554
238
14709
8241
17768
12650
2211
3935
2519
1396
16342
2672
17300
5032
9714
3230
977
15494
8710
10263
1006
2295
2333
13327
16309
13455
14187
15514
19773
6719
6071
15272
17765
10719
8179
7765
11366
1365
15780
18580
2544
16014
12642
882
778
7636
8002
11961
8583
16513
15462
19502
13118
5863
9361
16998
3844
8428
8835
17452
16417
18915
1083
14497
14984
19809
16402
2459
14078
4086
17408
17222
3542
17221
15612
2323
19312
10322
1651
14242
16663
19739
19789
14378
8984
19702
10456
14671
19716
8122
2227
3200
3280
3217
7096
2234
13137
14575
17008
12698
10763
6033
10628
10679
6073
7627
6750
6699
19659
3792
13470
10883
14084
16322
15322
10545
3389
19361
4170
1267
6405
12195
16774
5093
15859
14390
8679
3265
203
15054
4773
7395
5384
7297
2338
8344
7502
12696
10008
3903
18611
7705
7424
15041
11223
14507
2042
17178
19535
17377
13026
2024
18087
17479
5121
4513
18947
2742
6472
16685
7834
7568
8096
9102
16957
4289
18579
678
11068
17160
17508
15648
3238
1215
11179
19533
6307
11965
19623
2418
11707
15605
2902
6202
17153
18681
14043
17583
798
13921
3464
27
7994
4939
5423
6310
11602
19787
19790
1830
20002
7678
2207
18072
3084
8331
839
14939
4760
3248
3425
8510
15145
5740
7822
5206
7509
15377
5031
5707
16436
12611
12395
4759
4667
985
524
5137
3651
18916
19700
14804
18043
5223
7082
17771
4286
14401
17097
15334
5207
17335
8845
8589
19063
2342
12830
9911
14937
19447
9904
1614
3249
7001
7761
4220
5447
11086
13906
7768
13914
6476
18010
17854
1099
6268
8340
2712
4593
4865
15765
5753
12120
2996
3736
14634
9796
12840
835
8841
15669
16895
3196
9943
5127
228
18901
18152
7684
1110
6663
5187
8228
16664
19280
17724
2673
2670
7293
537
11591
15528
8143
133
14715
18444
10071
7701
6554
18029
9444
18362
380
18485
5580
18378
8252
1573
9600
9612
5366
2241
7142
13867
8151
19774
6548
7467
4878
17527
621
12068
2103
5351
1883
344
3819
19913
10135
2002
13072
1121
6118
8714
18843
17975
4762
6739
15015
5080
12885
11408
4811
6342
19864
14899
6630
15035
4187
18983
17932
14922
19114
17395
13740
17121
10403
16578
24
18154
14956
15530
15870
12599
16496
7190
4069
8157
5255
13340
14654
13585
7668
10160
9219
15342
16603
7224
1654
3800
3532
17084
9031
8757
18142
1499
3931
9372
2154
16396
10134
11639
3159
6704
9750
7167
3525
501
11760
5835
8630
5409
5992
14082
5059
16437
4884
3550
265
18584
3615
17468
17191
14943
9834
13296
5035
11759
15582
19701
7327
16310
9605
687
11120
8119
5335
10082
12524
10646
11215
8785
15310
9091
11435
17460
16120
9241
19725
8215
1449
8005
9624
2526
13169
5396
10835
11606
12790
10953
14372
4135
18325
5090
17205
3741
16268
16856
222
16144
10593
15361
7663
18733
12128
4859
468
18673
11121
3701
4945
5570
5499
10022
13050
19796
653
2412
15444
12694
11563
4316
16939
3975
4124
19266
1667
13832
12770
18577
3219
16291
5772
14423
5165
16837
7814
16440
11828
11803
17785
12786
7865
19899
17341
19555
3500
2457
13689
5761
12271
16965
2890
6615
7233
5552
356
3281
5112
16391
3385
13708
11607
2657
15463
15207
12549
409
5933
18739
17386
10009
14402
3012
10197
1476
4573
3521
18321
19580
17940
19433
18196
17909
16564
19600
15623
15266
7776
12835
9985
1152
2768
11821
18617
1012
13134
17125
15753
17453
3771
6424
11468
18073
11339
3045
2533
5493
4103
9941
7572
8747
10229
11250
290
6713
1343
13472
8786
10893
7742
8075
11001
15117
1194
12693
13112
3068
13721
11495
871
18017
18303
10035
17531
6076
14319
4414
7471
18093
12820
17570
6029
5917
16366
14482
14244
12551
4420
7361
11452
812
8730
8664
19922
7474
13800
3586
12724
15218
5072
3655
5796
14561
11474
14435
8817
2096
2447
12400
14998
14928
19636
139
9746
16597
1127
1037
7950
5757
14903
15523
15732
697
2193
4795
15307
1066
19228
14060
4655
16167
14864
12870
5154
7806
9332
16121
1337
15036
3885
14640
1091
16776
17334
13974
10693
4222
14085
3432
19170
14799
16387
1469
931
15670
7540
10380
12354
3429
10516
2962
3469
13581
3600
4953
7431
18676
18191
18818
15518
12487
17738
2929
17647
3630
13153
442
9288
11521
17575
12467
9147
8823
7326
8392
8068
9754
1272
17349
9659
18637
19050
15492
12939
10187
8935
10670
17962
15874
10986
1983
14523
16696
6121
14544
6852
1612
15078
7020
19310
9293
7991
18675
9716
19822
18354
6454
727
1420
7707
16453
18665
8235
4819
1590
14257
6239
15522
2249
19742
12943
5054
825
18300
12935
10460
1991
16281
4036
17348
11735
14721
17891
10389
7755
5608
166
8299
18797
17610
3309
18690
4268
12399
13536
9801
13376
14649
13742
18304
9230
19484
1941
11921
6457
16278
13648
17827
18638
11537
5941
6395
4915
767
8246
2481
6531
15192
2065
4110
9050
63
10315
3398
7066
16093
8611
13108
4794
396
19662
19625
14206
14302
18605
10792
13589
234
3489
8343
8265
12461
16295
11609
9378
1156
10536
12855
8592
13053
18513
11852
19418
6691
19184
4800
14524
2183
15863
15003
6275
6817
4757
13821
5927
18483
11889
3824
11107
8672
3199
14531
2159
2233
4893
8864
178
2516
2308
5583
6833
5136
5482
1303
2383
2254
3011
11726
5834
3056
13496
3181
1260
17796
2915
2083
12886
1778
2369
4377
9438
10900
17266
5791
18981
2615
7784
10869
4025
1351
11061
10787
7977
16669
3818
14189
15967
3447
418
19165
15069
6172
11180
1053
19232
2983
16405
7524
5973
11416
2677
16048
7541
3329
13164
16827
1444
11523
17523
8426
1060
2776
866
17188
17179
9806
16555
17265
15415
4589
14767
14107
4970
11875
7251
15447
3815
1356
277
841
18244
1919
19098
10783
13985
12202
172
7664
7470
14215
6433
12671
9916
1306
15231
12808
17319
17211
14022
17789
8473
12625
15700
405
6001
14490
12791
7870
16469
6989
13311
9814
402
12063
16772
125
5527
18744
11463
869
5947
17406
5985
10262
18631
14663
9040
14830
8958
4106
10902
12455
4259
4247
18700
5897
4704
18077
14915
8141
8508
3517
2679
13931
11318
12645
5344
14734
14330
17985
8422
8479
15937
15787
941
19567
1281
19871
16699
19409
15818
9048
18967
13949
15154
5708
3121
922
16060
8280
18374
19832
3842
5268
10270
1906
8248
17809
5695
4203
15774
14329
4423
3269
17814
7365
3883
9485
13828
13361
6130
18865
8283
6271
12496
6387
18551
15752
12425
10101
7898
15495
19136
12140
10366
4627
4956
19575
12226
1633
7866
18776
13616
13969
7960
16097
4995
8188
4444
16812
7605
5774
5467
15717
7781
12562
9572
1231
7965
18874
11502
15398
10928
18737
18687
5713
14362
12663
9018
14962
11135
13087
12429
5126
11959
5459
136
14407
9755
4821
6325
12073
19741
17512
12420
14483
800
18278
16868
9725
9757
16873
14550
14819
6426
9101
15899
17442
11145
12143
19027
6240
11983
13349
2216
18532
17231
6650
4846
16022
2335
5021
3027
3974
2067
5081
9024
19378
19810
10180
19869
18530
15161
7696
3907
13113
3440
5931
10498
16227
5039
8591
7072
3161
1824
6858
4202
6894
3336
3720
10697
18557
18643
11952
8617
9998
5591
2128
15056
18285
12979
14087
3833
12953
5292
10619
10590
9057
7739
11667
2567
12690
4556
6983
18620
13175
9006
81
10275
16950
7017
17681
6984
13004
6232
7656
11950
19124
10818
16703
13717
17271
18509
17063
4114
10237
18670
15482
6507
10396
5217
16637
16702
8939
6689
9020
6881
19682
15949
15791
4652
1299
6079
11775
15881
16767
4650
11430
1380
10373
13476
6715
12421
10839
8539
5567
2281
9052
8557
9771
3767
3133
9356
5827
7491
19412
9667
18299
8399
11784
16296
2300
13855
2747
11943
4184
9901
4424
3963
802
143
13083
19494
18319
11715
8400
10992
946
11798
14430
18170
13071
5685
10054
2627
11376
15808
577
19122
3519
12647
2613
18413
6164
10182
6185
12075
6092
14030
7161
11392
4557
2746
16543
14710
1384
14409
17062
17325
3272
12504
1718
15652
10549
19020
5437
14137
4309
19501
17782
16232
15525
19316
11128
13837
3872
4617
17542
13443
17066
16547
19347
16165
17172
15754
4532
16822
1759
13632
12785
13138
7640
17093
14241
1520
17048
8134
8703
4322
3072
5331
17762
19406
2725
5226
4520
4702
4168
8053
19538
16096
15187
6402
15917
18646
2762
2191
6532
4972
1489
15392
12931
14174
13901
1409
11721
730
12936
15189
3995
5515
12057
16463
1506
163
18712
9805
18302
7109
16258
18461
15215
19100
16212
1594
351
17135
549
11733
10861
11969
9922
6588
17438
11476
11226
712
11938
16171
9253
3312
818
423
4451
14519
13447
1238
2837
9800
15466
13179
12200
12548
17906
12920
12901
3486
4967
7378
6516
8962
11084
10518
2851
4173
656
368
17612
15519
15955
2285
7216
11804
5214
6791
13480
12915
1166
18984
18288
1448
13139
13140
16347
8868
14907
7931
10473
19794
168
17676
2731
17445
19008
2142
8994
12831
15021
8732
4405
12878
2539
14674
14399
14987
5548
11580
6666
10350
13621
12008
13998
15586
4159
3864
5319
10910
6145
18524
10905
5380
9980
4473
10617
2337
2774
3895
8110
16748
15319
7790
1827
19576
4218
5529
3704
3325
18205
381
9827
18561
13604
2668
5196
3359
971
7855
19082
17169
4382
18229
15174
18696
16993
16658
19581
1617
14901
19618
6502
14576
14029
2600
7489
10535
17888
11906
5195
2322
1115
13673
2194
3628
17709
7679
7959
1177
14336
10459
7386
1401
3944
3160
1986
11064
4486
15912
16246
1161
2098
11817
19686
9025
762
15551
14703
9891
6550
14846
1959
2115
5798
13932
11516
12360
733
2282
19440
5408
2536
9611
6830
11465
15193
14905
19781
19267
17200
9200
9734
9540
8738
12240
8149
11273
16799
10330
12787
14726
12610
4745
3232
6611
9738
3914
11132
16675
15503
11349
16203
10995
7556
10063
1923
3555
13608
9382
16204
13812
1290
12809
8049
3393
7770
2599
19621
18044
10627
13363
11477
7531
15279
12705
12712
8634
17347
9503
6859
4010
5161
5299
10448
14502
18746
2880
11897
19730
1586
15691
18315
2948
6465
3649
14829
15493
3279
4371
18291
9380
5564
17147
14913
16263
13776
1398
7551
5638
17488
8413
3291
5625
11436
12623
2236
8225
15290
5883
1599
8731
4971
10483
13366
17978
12156
4885
16797
3829
6657
4395
499
4381
12384
16754
6156
7155
11364
14053
18751
772
18252
19694
18059
4129
4188
18351
11800
8680
13858
11654
3412
12973
2945
19855
13483
18290
3210
9989
10613
8020
13542
15895
2023
6266
11067
16853
9700
2596
6559
406
7201
4027
4052
8345
11317
6942
12486
9855
990
17148
16508
8090
5730
4529
14934
19884
9973
13570
11590
6821
2185
5879
18511
11380
738
7694
8772
7377
19603
14590
8932
17085
19947
7828
11140
18607
8590
289
9900
9341
15086
16898
15666
5861
6623
17511
4802
4600
13792
18486
11797
8688
18453
6760
17447
17354
17675
17533
5840
9837
8756
7401
6043
9580
19439
16971
15131
13639
17937
17277
13822
4622
15014
8979
14040
586
12736
13336
8482
903
9623
13634
18467
13603
17965
16106
4559
10543
15537
11833
3668
14298
10241
19085
7286
4313
8723
12876
12829
18317
13813
3766
4726
9807
4786
10076
2892
11448
19605
18265
10940
18388
14072
17900
17257
784
194
12938
15343
7775
19456
7245
4435
6549
12893
6876
18653
8694
14121
14418
92
13029
18233
5010
10298
1554
19042
16117
2783
634
1485
17907
14484
19294
6455
8175
6734
15150
8551
9556
15897
10984
7212
13808
5875
299
5794
15547
11748
5491
974
18987
11732
15005
2574
6769
16648
17584
1904
3863
5839
13893
19107
16938
14841
14572
18454
9167
18789
14951
7843
3031
16599
12123
10752
1369
3644
35
13079
422
3890
17100
5956
6934
504
15638
16956
4698
16836
7860
5233
19326
19033
6222
856
13940
15050
11518
11166
11836
844
3454
17635
9071
16815
9616
10836
12538
6295
19003
5732
12834
9399
8446
19898
8865
19867
19593
5634
19490
5480
17455
3591
3092
17734
2244
19220
4407
4393
17607
11734
19446
8451
13068
4839
6019
145
8533
12450
17076
189
12843
5996
5357
1725
5320
16977
9586
3976
1777
10959
15584
395
18445
10574
13452
13368
6744
13788
33
2440
6530
10132
2506
338
12245
16293
6160
12708
11260
10140
12083
4872
9004
11056
13909
19740
11764
7247
6643
8581
13181
2631
11138
3711
12833
4758
2821
7038
16937
2665
7562
9856
15225
14041
789
16040
13383
8717
17269
18088
16523
7507
12997
1090
12507
425
7642
18014
15872
12277
2609
6707
4042
2395
11284
16177
11594
16429
15531
16193
12819
17253
9488
2442
622
13014
8954
8423
18281
18159
15354
1209
180
7580
17652
29
7352
8064
2738
6807
19594
9833
9953
13895
4976
1073
17483
17059
6050
19140
18781
10848
12636
17129
11510
1345
19523
6932
7477
8671
14747
3323
2316
13719
19766
3116
14653
7658
13212
397
3402
12683
14220
12320
2306
2125
18008
535
12618
15618
19632
16949
1542
3482
15915
4543
18821
9014
17049
10999
18668
2066
16992
12584
19379
8902
2279
1835
9626
15671
6460
4270
373
16025
16794
18139
15461
2709
10056
13651
111
17328
10273
16528
507
14954
19204
3721
3971
15641
2827
12037
19333
9395
10137
8869
10284
9316
15063
8455
17254
3460
12613
9046
8933
14991
11030
17971
15914
15448
3919
18293
7881
2845
8624
4094
8753
9257
1626
18399
12481
9541
375
9149
710
7569
644
1055
17943
2076
19925
6797
17391
9191
13847
15061
19628
1673
8912
7137
2795
19143
10184
19620
17728
4930
15980
18167
12299
4354
4448
14304
1079
10729
833
15998
17441
16444
18867
6257
4296
11220
852
9109
18642
10415
16266
9471
1031
1425
13464
15962
19982
8193
1050
10186
19448
4874
12404
12469
2761
2917
1332
16502
5817
213
12818
17557
8913
3465
12315
19200
18713
6702
2426
2479
19944
2618
19688
680
15460
10746
2935
19845
11340
4712
10791
7759
6888
831
8759
4615
5588
6458
3457
7897
11370
12626
5512
4873
12051
13185
12541
7006
212
6393
18284
16829
9433
6456
10217
9107
6781
1744
8102
18921
13816
13894
13551
12148
6967
9824
1808
5488
6854
9023
4854
19868
781
262
13017
9375
4993
9185
1393
9660
3589
449
10463
1070
173
10790
7659
5379
15328
7275
14737
13995
4232
7000
2003
18085
8599
9802
9610
12111
10151
19948
16039
12905
9820
924
11236
4256
11767
8398
16056
12379
4537
10612
15140
19607
10756
8859
3523
13110
18997
2471
6575
18147
17643
3536
2847
8790
2541
9897
14059
6012
18136
4004
12358
12616
8243
13888
2411
18257
10530
4888
14195
18541
2133
18218
19352
2883
17252
12310
3916
517
17773
15799
14467
19061
8333
8813
4596
8776
5360
6252
1451
12522
13607
4522
3300
6625
19983
18881
18137
13089
8391
7115
11384
979
15347
2355
10979
15617
15410
14245
1785
15613
2849
3699
14016
6169
13445
4685
13147
7557
7057
8764
8132
13879
3013
11070
18177
701
2638
3458
8752
13419
12289
13203
11993
9478
19084
688
17706
7820
17741
6280
8380
15127
11701
1727
2642
15065
10291
2667
8140
2226
594
14540
3352
18138
9887
19928
5820
14442
14853
18641
4228
4510
4766
17803
2406
107
13475
13687
18068
12540
9639
19185
11199
14386
12052
3911
10567
3796
283
6250
5193
6491
15500
19510
17824
16202
7686
6134
7888
7648
19410
4406
16567
3915
1685
7934
3480
6891
14673
13868
14807
17247
8305
5247
3433
4175
16299
14212
13979
18123
19963
6139
7743
12099
19936
13797
15921
12175
6655
10977
16388
11597
8794
8805
14364
18320
1433
9422
6513
3132
9607
1015
11092
14702
2370
11567
5295
5874
4575
15614
19256
2578
19569
12615
16980
8351
11922
2882
16484
7479
2394
3296
16717
4982
14665
9915
16759
17420
15601
3596
4046
543
17045
3009
5446
1600
17295
10103
1544
16625
16101
1503
11573
14488
17793
14889
18922
11230
13758
3563
4507
9865
226
5746
16676
17618
8325
2896
17165
15554
11962
16764
17908
11586
19712
5935
17185
17815
19527
17844
11169
12278
4917
10825
26
8597
2358
15232
13680
14197
9730
19162
8622
4378
12086
7808
10247
9111
18089
992
15115
5249
17042
1839
13103
6327
8417
15171
3492
11503
14960
632
1653
13880
2663
3678
1553
18948
10877
10671
18450
17397
5479
9479
8185
5785
9684
6225
1354
11024
18389
18449
10566
16582
5034
5501
9853
10932
16364
4682
18124
19157
12585
16041
16878
18575
19419
12731
1578
14445
2504
14450
18966
14854
1372
3339
19630
1664
18823
17894
6285
12514
4676
6220
10001
392
8739
1924
9301
9634
9692
3165
879
2286
7434
1761
5635
7639
16680
16750
1932
6753
6654
85
8707
2571
7601
4081
2452
8003
9749
2086
17917
16090
13796
7896
7174
19062
19344
11686
15206
4902
2025
9446
7955
18491
8540
10106
14936
5921
15978
2188
15464
8856
15677
9400
15284
4320
6106
12888
9436
254
16081
9988
11077
18488
11498
11243
12996
4764
4952
14848
12312
5181
9464
3443
5537
1125
982
10094
7702
9627
2739
9181
109
19242
8125
16716
17213
19860
3315
6716
15208
19404
39
12109
14986
3050
10620
8138
942
9127
15453
19979
6730
6149
2871
16505
820
12449
9062
15454
5456
3015
17536
10361
2517
19398
4246
9483
10175
19006
13577
16289
10938
4412
14054
6997
6305
19356
5333
9635
9568
8229
16745
9227
17258
14093
11623
8828
17579
7203
12849
3206
1872
827
4398
17847
11806
6323
520
6414
1834
12131
16645
7287
19827
9745
10272
14816
13863
17363
3327
4881
3632
3840
10159
2110
5133
15654
11528
11296
19753
10011
17248
12269
857
4898
10640
15489
6026
1792
1856
18253
3022
10708
9078
7497
16936
8054
2771
3506
11849
7335
19708
15185
7909
3857
4847
16944
14481
18957
19182
11641
3076
7628
17158
8388
13882
5568
696
6693
9582
5606
4890
10582
7523
12822
7195
5984
16738
4198
1668
8135
16029
17707
17893
741
17925
1122
643
13560
9789
6361
12798
11931
11979
17851
6860
11137
6963
9199
19839
15442
10786
36
512
16176
12729
8196
19733
1269
15269
10306
16162
6480
15743
13471
5714
324
15384
4503
7232
7942
8177
2408
8670
18695
7915
1584
17987
4017
5465
13872
19588
10323
2364
15419
2220
3037
748
10976
5367
2601
16639
14405
8626
5041
3852
980
9687
875
12166
11464
8136
14044
1434
6288
4598
11043
7056
4481
10116
11948
3125
8028
12306
15692
9622
5994
13234
10495
6818
9944
16111
6034
6423
7170
15931
12555
12700
5208
19546
13555
10968
2157
18489
3569
19111
16189
7185
17112
1200
7100
10807
14564
5688
15367
3612
12923
7780
11434
14471
7804
6358
16057
860
2155
316
16909
10828
16223
16650
8233
18752
6261
7400
19562
3810
11311
18539
288
16194
3654
12350
9247
3083
7570
15214
19749
7320
18150
8532
15650
18806
9282
4739
2027
13574
6248
2898
15422
4687
13706
19060
7930
12088
4142
4844
15320
7841
15615
8815
7222
13777
17910
16883
12244
15820
14052
19428
18097
8580
9950
19724
5998
5422
18135
11417
4590
13667
4012
10043
633
10372
4975
4172
2736
10547
16728
17648
11848
3205
17955
847
17145
10589
10686
15264
12727
2036
10650
2274
3101
5015
15627
593
18383
19526
13685
16516
9068
10897
14765
18188
7324
3734
16911
19539
19815
5277
9486
14165
17156
18046
1536
11163
11080
8278
8402
6173
5700
4058
7744
11823
11762
2811
6506
1094
4429
12525
12992
5889
2472
18757
8755
4284
1112
10960
15667
7392
1866
19814
15053
269
900
13150
1522
4706
11676
7062
12537
17142
10169
3467
15938
12930
3747
13380
17181
9386
16424
12398
12728
16575
14967
17058
9110
15643
18128
8039
5014
8429
2228
7552
10721
3631
16908
16033
8197
10146
8403
13785
2607
3401
11791
9359
4344
15209
15008
18316
6128
17051
13864
2299
3180
2629
1564
659
10133
19004
7871
2875
15576
1958
8202
11708
15064
12804
7893
7304
6885
17086
14000
19288
8830
3211
19438
1026
4738
14508
617
13661
19696
9515
11687
1348
8329
10118
2070
13055
6190
14033
5503
10502
11399
8321
19592
863
385
19642
17956
4329
4162
17189
15198
17333
9213
19905
18774
8897
1473
18499
8438
14117
15210
10560
3634
4453
10575
3807
3740
6166
8436
14226
12521
11433
3294
17922
19940
13824
17605
15143
19953
14339
7179
13158
19626
7128
18809
6678
17104
12709
10436
3886
11747
8893
10223
9116
8925
1271
14769
5326
6315
9545
17571
2653
11620
13211
3943
5078
19757
2178
14529
682
14200
4463
2270
12998
509
5781
11091
15197
14453
14335
6806
14011
8382
16529
2446
90
16137
9463
12102
18062
6954
18367
12044
13257
12593
7817
8161
566
17359
5334
2273
14786
14126
2502
1496
18259
11487
16811
14604
18582
1852
3479
1447
947
18623
14056
5575
10676
4816
8247
4229
307
297
1295
17124
19401
17392
16900
14035
17678
17744
10181
3344
10733
7527
1227
14460
8419
5773
8952
3227
12810
10834
18688
12617
8541
19610
17482
887
3483
17
7141
12892
14432
792
9956
1702
4538
5912
8874
7767
19236
15709
9924
2951
11615
16264
779
13638
9940
18476
15018
7553
11280
3445
9928
16343
19482
11671
6231
9028
8253
17032
14131
6557
3511
11244
1101
170
18771
75
12695
10526
3316
17108
13900
5002
7116
479
7794
3418
9636
6681
9507
4984
266
16818
8341
6708
5286
9817
15007
9632
6479
15672
7260
183
5906
6005
463
13149
10496
14935
3627
11512
4922
1940
7030
17585
18883
1441
8746
9475
1973
12823
19287
16924
5790
10508
19612
15356
12011
6567
4792
14287
17087
15707
19517
9673
10990
16112
9338
4526
12249
18860
10249
2287
4558
7168
3364
969
355
19537
13675
16727
13540
3960
14597
14693
13810
13584
6569
15639
5800
17629
9591
23
10468
358
9392
1330
1173
1805
18332
19904
19364
9938
9009
19919
5118
2040
15979
304
15748
11351
15102
7935
13201
5190
16250
15947
19311
17415
10659
3142
14264
3016
9197
16244
19252
3932
12894
5372
5397
8434
12678
9182
11312
16741
12229
18815
9092
13318
6002
13600
4439
9675
1769
12945
18254
14993
12012
13243
10336
1782
14311
12267
4291
8094
17977
19163
1804
42
17276
15634
18338
731
3675
11352
7055
6801
780
17980
10203
11898
15567
2081
15909
2204
12519
19214
8408
11628
5443
13155
7975
13213
12783
11079
6742
548
4392
15074
17098
3324
19653
15713
237
6992
2792
13145
19955
4725
13524
16208
7333
8469
3510
5401
9013
6022
9552
14749
17731
4688
5390
15276
15037
5216
17623
2218
10782
11534
2011
7132
1105
6617
5651
6592
12752
18652
2828
9741
15121
4623
14851
5547
8466
6978
11972
18016
11018
1698
15882
19019
12532
17889
4677
18526
10853
4719
10796
1197
251
17003
3023
2297
13818
14296
3365
3233
3215
885
719
110
16899
12699
7967
9797
11258
17166
19189
17312
17964
19301
7904
4260
1298
19649
4829
1518
17490
13579
7948
19383
4022
9326
14023
3115
10982
1228
8487
4456
2889
19609
3696
4426
6855
9371
218
607
17664
13636
9919
13521
7420
12964
8270
16710
11219
1604
1963
4306
11813
18808
12191
16149
2351
17841
12780
19572
3806
14120
3763
2303
11429
15103
2366
4061
14877
10817
5511
18243
7518
1273
9325
5324
16198
18876
1443
8924
17786
3851
7220
18552
17162
6399
11689
13988
5677
13070
7921
3941
19525
410
9500
263
5531
11529
255
10093
16619
17887
17403
16102
15741
17685
10837
16538
10108
3573
6987
5990
6129
19842
9278
2179
13902
16499
15001
7698
1258
7889
18728
9893
18403
5071
17044
1145
13206
10084
4926
8361
11182
8740
13936
7044
4111
571
10935
16642
1414
14879
235
3169
14162
18314
771
16890
345
18672
8483
7129
15105
10194
492
15637
18504
11640
11201
19079
2
10293
11221
5269
7003
16107
1327
10509
17047
401
2260
7657
9581
8872
3805
16989
6180
11462
9972
7633
14748
7970
8460
1795
14379
9693
7611
2649
9100
15701
13194
14651
8126
4039
4826
14814
10655
8567
6887
7779
18061
7622
2594
15106
19751
14018
19573
16433
16961
8782
14675
16275
17481
12210
4690
12490
10174
19039
9752
9205
7643
16730
19672
14912
1528
13516
12768
15868
16279
9913
10842
5592
15848
11161
4370
19339
1270
19544
12397
17849
10088
19866
18847
7907
17170
17766
17590
962
12749
1949
17358
1041
13531
1563
16443
16428
231
14601
15730
1375
6421
16471
14759
10967
9030
11389
15252
16857
5155
3875
14371
6122
3673
14570
7282
18249
9688
13971
13115
5260
4160
10178
19036
7550
15549
16352
14614
15616
19363
2095
1218
10199
19377
2529
19105
9039
7490
6518
11525
10248
18324
18945
2460
11540
2494
16655
7371
19629
9863
10930
7221
15237
14343
17292
16617
1829
1201
562
14860
14579
15247
13022
17155
9960
17043
10867
16580
17609
17306
8186
8370
18393
4619
16454
4493
9967
197
937
4181
538
4620
19423
18816
14468
1117
2084
15561
12367
10207
13494
14109
18618
17777
15308
18598
7079
13289
18788
11851
9709
18521
8683
9329
2073
18573
12433
14925
2013
13345
8793
3306
16863
2793
4822
4169
14580
19591
3463
7720
6389
3114
1347
16067
17478
10176
4566
17229
3544
14003
4156
384
5922
12567
6417
1920
18034
17726
10165
12638
12748
3686
7516
7452
11475
11780
15830
14415
17209
15942
7525
11125
2169
6035
7118
16533
185
17157
17399
8658
7379
8653
12679
12725
3835
11217
10736
19747
19278
2835
1736
6893
17544
340
4076
8849
5325
3478
14924
14281
1965
12121
10036
19291
19895
14801
9707
13456
7069
6085
7330
19386
4894
19590
2314
494
15175
19639
10385
8838
11231
18373
11618
18718
7088
14494
6593
1891
1180
17614
9782
16677
3221
2476
8015
15590
17687
8967
9268
12757
9828
19314
10975
14489
9508
4500
5474
11579
15202
15445
3178
9645
12142
6186
3588
6238
13102
7075
5702
9497
9157
15423
8570
15465
2414
12199
2551
572
5661
13610
7416
8878
12155
10643
5085
296
2842
12836
7205
469
17569
18194
19452
8155
11218
14645
82
16860
15395
4357
9251
12751
6847
202
8146
16087
16134
9007
2922
2790
6685
1867
13679
5130
9300
600
1471
8930
12489
8649
1102
1893
15200
8560
10033
18071
18990
17072
14398
3310
8507
1995
100
7290
11633
10269
3153
19993
14491
7461
14948
4955
7175
17242
19056
10810
2381
10731
5876
13002
10850
10343
5754
11471
16092
3996
10803
8737
5330
4088
13553
904
10933
7774
6501
1776
106
15481
9396
913
12069
138
19161
1072
13270
18979
10901
17811
9391
8254
8404
8522
1282
6194
19258
9480
11456
7411
10364
6646
192
12106
10961
4818
13975
18447
3904
1933
837
10317
7480
3727
12539
6488
14528
9017
11986
11935
5852
16636
18894
9732
3777
13943
2332
14844
15520
1803
592
8572
13507
17509
18346
3047
3603
7665
3103
16711
2168
14577
9161
16877
1814
5669
17411
6754
4102
2984
10761
16777
2256
2289
18419
15782
17787
8663
12573
10111
15693
19568
7875
5495
454
1558
12119
9472
187
15428
16586
16854
19646
13563
13067
14871
18424
8892
3636
1801
4514
16958
2830
19835
5528
4511
11003
16568
15777
2019
8661
1027
3488
11545
13205
17817
14618
12789
12288
15457
13347
19104
9974
17388
4230
6863
13722
1018
1179
6302
15156
17313
8367
2703
8889
15300
12702
9585
4736
7015
17405
14392
5744
4176
16910
5328
12392
1254
4643
15536
12383
10899
10124
9644
354
6371
6335
13757
1605
6083
8077
6429
17717
10550
2454
18028
4449
19611
809
7346
7305
6696
16644
19722
4925
12531
1086
5902
2435
15134
6568
13953
10586
9670
16821
19329
13682
10368
12648
7964
734
7246
18057
10450
6848
13899
7334
8941
18144
655
10579
12586
15469
1387
15822
15087
9314
13505
7407
15243
952
3396
19976
816
8716
13783
5855
7099
17494
8632
2363
6080
11543
2448
19828
1256
4280
14282
12432
3853
10903
6438
16306
17226
1956
7717
18030
7154
13522
2288
16629
1871
14047
2321
17903
77
4415
11357
8951
9320
19604
8685
19296
12595
3871
9
6007
17933
13691
3648
9442
17237
14360
9228
15312
18433
6044
12093
1531
155
5398
4072
9679
5347
9402
12168
19817
7081
366
19038
12594
18146
9350
10652
3764
14959
17758
18434
5565
7442
6919
17506
3018
12366
221
8765
13403
6367
16452
18460
13556
1560
19139
3075
4568
13678
9364
613
18662
16775
3738
6581
7823
7453
1628
14198
18402
12506
13436
1341
11346
13836
13641
12685
12944
9207
6737
9818
6889
13092
15226
16114
2018
14595
1487
1505
2910
1181
11564
16628
19495
2514
7248
14802
17582
6980
15351
6620
3672
13152
4669
13510
12375
13172
601
377
8255
5314
8416
13838
8882
19818
11651
18650
102
9712
10854
17553
9625
4941
13437
4441
13106
7508
7917
6981
18583
13384
15722
8814
16164
1640
14738
451
14810
5667
3650
19175
7618
9698
4035
1264
19598
6551
17015
9971
10484
242
12115
14866
7752
400
15162
4212
10538
16222
5378
4492
1547
17217
5614
19926
14463
11196
6051
15484
5882
6133
1580
19145
3392
11712
18114
18368
8802
2368
1913
4394
9519
6400
2339
11629
1663
12746
13262
902
546
9242
2854
14015
19073
10780
15125
940
14012
14469
5037
8459
12262
17924
2180
87
8623
15357
8787
16975
10252
19059
17283
10417
13530
10470
2118
17816
4809
13064
4675
12402
17491
14616
2092
11682
18693
12077
14863
12639
15944
8112
19514
9677
5765
3407
8909
17749
2106
13668
18326
19906
13356
7127
12005
13305
13811
14503
10141
16308
19016
3981
11089
4645
19030
4958
806
8191
18761
642
4856
15950
1428
7549
16701
16344
7376
9641
9952
6177
6729
2123
2701
4117
5596
15896
18063
9409
4373
5650
7428
6063
12910
1644
4384
5736
1862
5436
7151
487
10110
14004
14932
18116
5016
9860
9551
8084
17792
2484
10445
12921
998
4734
9055
12484
16375
14724
18805
12505
1905
18596
6768
11245
10625
1419
8023
7101
9413
10013
16021
8306
14473
7037
12688
2372
2530
14596
17904
14828
19388
5019
15473
8249
11129
2593
4002
16594
7149
7719
9727
11207
19240
16489
4567
9510
16035
18458
12036
2415
4525
7403
10079
11172
12989
5140
17119
19973
16595
11431
16237
19138
18599
3918
9536
11099
17551
19198
8647
11626
8088
17291
3756
13549
3843
10418
18070
7836
19999
3404
11467
5918
8139
2800
1750
5105
19945
10228
8700
11282
13420
19346
16070
450
160
16410
15718
7764
1236
4570
6692
16265
13562
18372
19021
14283
1338
8673
15510
13748
788
10190
3716
6738
2565
4310
13529
6319
19426
6814
14832
11345
19910
10684
11907
7721
16109
14180
2353
2047
4438
3010
16559
14191
10841
3437
6348
11802
8277
2549
6670
14647
8289
8850
10292
1400
8194
11814
18222
5843
9499
6363
12378
4475
4262
1688
15814
7114
2222
19951
1279
19812
11277
11827
13764
10158
8491
5230
5108
14229
2691
2952
13099
13159
2495
19213
7558
11065
4988
11485
6979
16875
14422
3194
6539
19205
10576
11570
13918
4466
13247
3090
1335
10055
6483
15360
3566
1323
16725
7347
2463
5934
7486
16515
14303
4696
6906
2660
17606
2505
1619
18839
6061
14144
16379
7951
8945
6362
1739
18694
18704
7617
210
12227
17703
8022
10037
12021
17384
2538
16156
1565
6262
3259
12161
11224
1589
11488
3024
13652
15916
4275
5510
3869
8454
5962
13723
429
18166
18272
16478
13944
16616
16298
3128
9084
14299
4350
8078
5841
10279
11186
10244
6217
18851
9533
19547
12948
15067
13208
14931
14660
430
4089
14896
6495
6434
8148
1362
2753
6982
18661
14216
9695
11522
5435
7295
9477
6498
436
10755
1703
1602
15504
12726
3330
2196
17519
7564
17238
11548
8074
4724
10401
9524
6346
1519
15591
5375
14549
14983
3969
11697
9742
14089
13125
10615
7504
4673
13772
7202
11942
7715
19606
6594
12563
1545
9211
8836
2933
5066
6150
16846
714
7343
15233
13624
12889
17023
3983
8291
9112
14793
7052
17984
11122
14780
7573
13697
16779
7445
9773
16828
11291
10694
1071
836
7560
17715
10766
10784
3008
7787
10920
19476
5410
15245
13047
13802
12459
12169
14791
5129
17788
1168
521
10501
10352
11949
1552
2231
4951
14321
1951
18335
6629
15913
14942
11752
11619
14400
8681
378
17425
3664
17117
8511
16259
15374
10609
709
18906
9723
591
10926
8318
18165
12602
17338
18759
13869
5655
15703
12747
18656
464
16498
4582
19458
5560
7189
3670
12782
3826
14150
9630
7230
19564
8335
3639
10258
19536
13595
13199
5674
8976
3641
15841
9411
13968
6242
16752
6168
444
4183
15268
11785
14183
7683
17502
14269
11834
1696
19345
16271
3038
14134
7208
3784
19528
18534
11131
11783
15758
17572
14732
7007
16996
4018
13414
10024
1268
17948
19427
5243
7236
2449
18429
16228
14326
15595
13485
1196
1124
15241
4431
670
6388
3838
5507
8033
2860
4224
4909
19750
18330
1549
15594
16488
13046
12045
19996
4095
7312
6626
5939
5721
10316
1333
3578
18855
13688
15055
16219
1089
2903
5178
14486
14643
14295
15420
9345
1826
920
292
10309
15898
8588
2093
1635
7962
2138
6298
4411
3186
16841
19859
14403
10289
1898
11530
10851
2296
16252
8293
19641
1492
5426
17548
13415
5088
14177
4196
4174
13766
3193
12272
14963
2804
6921
8120
3953
14586
10227
4251
14427
8516
874
13428
19118
6379
6144
10767
11148
17990
1793
16456
1583
10533
2492
13373
13659
3229
5619
1971
11874
11908
3658
101
9265
19367
3977
16945
17234
19783
9923
14670
6612
19164
17012
10524
10347
19746
2936
7016
6836
10039
4059
2130
7209
2700
10726
12544
1022
14705
3100
9726
6123
8169
18377
2387
984
16570
16855
9567
10295
1938
5441
18747
18168
17936
18032
13806
8667
2104
18
8502
7927
6146
4252
16819
597
16004
19836
17264
10852
10577
4631
5250
14953
6412
17236
10922
11720
15736
1853
10478
6845
5748
8156
318
407
3676
16569
17186
838
9498
13489
15413
16530
14345
13704
19668
5885
4797
757
5063
16403
6096
7819
19255
9202
15539
7180
17345
1452
9531
6269
17267
386
13597
15201
9492
131
17224
19113
8691
12228
15668
7584
16793
19284
10732
17615
4432
18985
18578
4254
16427
19141
7900
9484
11946
17671
5282
7366
14567
2438
16392
66
9811
2410
7798
12321
10358
6103
14685
3956
2658
14655
14552
10554
9781
12440
10838
7454
15939
18569
15073
5042
4940
15248
13771
16302
14086
1732
2515
13737
9343
18394
12150
9366
6953
19340
17783
10216
2741
10394
4895
7713
10664
4301
5177
4996
10788
4153
15534
12735
17260
1134
18145
8441
7182
3439
15166
5089
14650
17317
15951
11723
8230
16261
9194
5256
5272
11269
17099
19830
759
2916
12050
6824
9504
1783
8798
16339
18634
7269
12447
3598
16098
13074
18538
8312
1781
9947
4595
17961
16256
7384
1937
18825
4321
1077
1502
16751
11466
14687
19389
2163
7916
2582
17151
7734
10889
19934
6969
14949
5236
7972
18343
2740
11403
13073
15196
19570
6720
6596
14798
8201
16692
18587
19067
13220
10212
19852
18822
11666
18859
2192
16621
16323
3755
6910
4845
3548
11845
10427
7501
17230
4107
16200
3782
4074
19967
8025
2597
13889
15579
18192
19664
18117
6668
1844
10020
6216
9803
6041
19215
13229
2352
11425
7981
14478
3812
2773
795
3374
18560
4694
2172
7973
11675
3421
19325
13694
9043
7074
4581
7653
240
18772
13508
5919
18943
3744
16654
165
12221
14492
10428
2312
5726
13735
2606
12661
3692
7537
6778
4584
15801
18920
15359
18482
13460
4335
376
18708
9779
1819
6205
1136
8018
11363
9324
15066
2885
52
5082
3172
13718
11082
16378
4946
2585
2121
15425
2365
14464
19222
13080
7925
16406
1442
13425
7670
3938
15884
19078
13978
16847
2424
16367
5850
11868
859
4342
5818
7350
16585
7629
8910
11796
6999
13406
5048
15733
19178
14996
12463
11998
5287
16517
7309
3382
14273
1643
18767
5647
4950
3611
7519
3768
17065
16501
15194
12078
8829
9526
2907
17632
13065
11730
12499
6415
6933
2586
6525
4241
3341
18263
10573
19801
19891
10644
14669
13961
16574
6968
7592
14417
13304
3790
4237
15835
17898
11480
12027
16843
18296
17028
5168
13188
13180
12065
15401
4478
1397
3795
5594
1939
13671
17858
1388
1308
15475
9930
15695
11158
3053
19065
13950
3244
11702
9204
9423
7059
16618
12013
8832
12002
8799
5871
17892
3906
3284
14809
18156
16020
9790
9155
8041
2171
12686
11661
6100
14384
14607
7042
5084
4606
8978
5673
10942
7482
8108
10730
5509
8302
4574
1677
8867
12344
5913
5369
19760
55
2416
3531
13312
19652
404
965
15329
43
10912
5492
15952
10594
1189
17429
16974
15314
13865
19595
6174
17369
7036
2034
5427
3369
3702
12364
6524
2769
11669
8839
6430
233
9458
17801
3067
13546
17754
16155
15679
2078
4654
7650
1665
4200
17381
10591
18297
1045
13058
3898
14125
4090
4869
2466
8555
1747
9603
4752
3680
4242
19622
19417
13127
8584
2616
2475
12501
5701
19069
7173
493
443
16170
3499
10919
18090
4057
326
12182
10310
8450
7440
776
1548
12607
3865
12631
11014
3497
11989
8210
5807
8638
11527
4769
2908
18576
19150
10777
18933
19181
16735
11306
12649
18409
15353
16920
14272
19371
565
11473
13309
3823
1944
16273
16724
16773
1014
10840
13793
11141
17127
18031
16326
10416
12405
4868
5070
17293
6340
1459
4715
6093
6065
15802
5769
8860
15784
647
17966
6308
18773
12666
16395
10340
1901
6871
17120
7413
1961
3854
11235
10544
17994
4942
19299
10821
13513
15509
7724
1378
17273
18026
1504
7830
6082
2060
15977
8103
1309
15919
15013
2829
10257
1151
5648
10616
3556
4644
9083
2863
14005
15182
10813
4867
19192
12874
9748
6142
8629
7576
18777
6783
4227
4455
4701
7146
15598
12146
13922
10253
10185
3029
19297
14133
17299
7071
7181
5428
9103
7310
4788
8424
5024
17779
103
19939
7094
10888
17272
16896
15375
13827
654
14285
17503
4484
6700
10819
2686
17167
3665
19825
14248
18502
15471
4731
13462
10424
5139
16788
19128
4737
2656
5856
13665
9832
17079
12914
12359
12428
10245
15168
15487
19127
13326
4518
7435
6392
13126
13590
1334
16480
2111
15033
12283
7464
5220
10068
16216
3355
1381
13355
13942
17068
6529
6359
2669
9368
7750
12933
8797
7080
17693
16718
14818
14876
17404
665
8259
17456
3666
9643
4549
16562
3987
17877
38
19197
16381
8334
10494
580
15908
14020
9240
12307
1458
14535
13272
9564
17396
16932
5624
70
56
17118
4312
17458
16206
18909
5849
19179
16651
1153
10369
2977
611
1065
8055
7831
6986
10829
6334
12776
17883
10802
19460
5725
19068
12214
16931
12408
17240
11051
6381
18405
930
10452
9512
17343
6140
8168
16660
15527
15443
15879
11213
16640
3870
8918
5749
9137
8654
4648
5926
14873
775
7268
13133
9274
3474
6583
19183
7598
16991
9849
3062
17740
9705
10492
13654
1355
10023
5227
3361
4691
2356
5699
14158
17516
11677
4098
7012
5438
2304
6533
5731
5954
19293
11256
1678
10179
2992
5472
7708
19978
11017
6624
13749
7024
12528
9096
14694
13487
3717
14396
1797
5586
17372
2702
8986
16997
19974
1684
12434
7862
10341
12491
9650
12570
11988
6741
17204
3093
5275
11470
9088
12460
3328
6636
12788
9462
14480
8574
18609
4933
10698
12407
13426
3028
6972
1130
16013
13394
3554
8855
1501
15062
1265
16152
15941
19137
1257
19188
7920
19193
16487
16423
3494
2958
14274
5332
3258
10605
17813
17022
744
16787
4307
6929
12703
7415
16169
17694
350
5533
11227
6297
1731
11769
19707
8696
15876
3399
13956
4689
1895
9379
14292
9776
18364
16561
10402
10651
10171
11388
614
3079
9799
10974
6236
10700
533
15146
3036
11755
1280
4871
2336
9857
17321
5566
12046
13322
17913
9955
1908
2298
1186
14312
7008
8812
11492
11386
18456
14168
4640
2796
1960
18868
7652
1968
15260
10728
4708
11427
14017
413
1329
18738
13198
14761
15446
1909
18340
9686
2310
13183
17637
2030
5006
9621
18785
12416
15396
1523
16809
966
3256
14875
6804
13248
13230
573
15742
3183
15043
7060
11198
6977
16490
2004
12025
3950
10985
8356
16510
459
3286
15096
11348
11029
18005
8618
13798
6329
15572
10064
17911
3518
3405
1010
8809
4981
3001
2692
2037
5350
6314
14038
1376
14101
3123
12204
3537
13854
4471
14727
13120
4204
15759
18197
10367
10224
9589
3978
18134
9060
11587
8650
8497
12572
11118
3061
4499
8537
14812
2861
3746
17302
6785
14639
7985
13946
19471
12991
13091
4399
5452
3456
17161
18564
4502
6492
1915
11693
16030
6711
10462
4021
9387
754
7824
13397
13293
12552
19691
8973
9142
3868
15373
12896
7559
18817
8783
15099
18804
16705
13043
1979
16902
6680
16722
3570
9298
16732
2971
15429
2255
1374
830
6661
16125
16394
11637
12418
16552
9747
650
12792
17461
17315
14416
14684
3253
10107
9696
19394
209
8512
5514
4195
11694
589
1928
16141
12571
10771
17517
17107
2950
1857
10196
11916
889
15336
13787
4837
11412
8363
488
5354
11254
4009
803
16247
19995
3917
7498
14219
1671
15936
18183
7839
2542
7561
6684
3216
2043
16624
3066
15653
7152
4700
7250
10553
14119
5587
6589
8034
130
6603
804
2791
585
15292
394
1093
9290
4071
10188
13402
14204
13938
7530
18542
18830
11171
14462
71
5044
1321
11305
15325
19047
14136
8449
12906
6353
2546
19049
10267
19088
10764
8471
1637
11438
15165
5563
12600
15956
12564
3197
3070
1208
4832
11053
19208
14142
9389
3798
12223
6373
5306
14074
8158
5866
2912
17027
11553
5605
3424
11322
15109
12899
11241
1039
10466
14254
3498
17963
13498
11255
3242
6406
12891
6604
7402
15324
12842
19788
2152
14656
8117
9933
9534
4494
17700
302
1609
2139
15084
3878
3834
134
15378
8582
14731
5285
1297
6759
5799
7947
18000
10798
4457
19488
4755
4134
11362
4388
6188
14500
14376
1582
15957
2724
2102
10857
5381
3318
7773
14045
4020
6046
706
10412
9873
5377
4013
17407
4458
15878
5231
3088
8300
7853
1936
13202
12779
12672
16026
11786
13807
4699
18601
7432
2136
13116
1422
8452
529
14906
14766
8314
7993
9113
15866
11347
17239
12084
17881
14775
13377
11195
12388
4120
7895
19450
10259
9064
19413
7436
7393
9139
8467
13739
3749
967
755
1755
7018
13732
6099
5000
10896
17573
15729
2048
0
1975
981
7571
13786
13003
1359
11799
17037
19146
15985
14893
6333
2158
14965
7387
9999
4943
6384
13466
16127
17262
4047
18904
3138
11854
19430
1389
14070
1275
19169
17206
9981
15649
7449
15305
19432
18898
3209
1172
2866
4987
4297
12096
6450
819
5258
6939
6273
16661
6466
9045
11680
11557
8886
19002
1579
19123
1028
2636
18721
1043
13535
10021
13548
18550
6536
12917
7058
15258
3836
7035
10081
11774
13852
8936
13178
8561
13
5008
8614
8760
475
2998
17194
16324
208
11856
828
14201
14904
7522
11560
6337
884
3609
5229
19679
11031
18334
17798
7688
3176
5904
16756
12177
17422
31
7735
1631
17357
8606
44
16678
9539
15923
19302
15116
9866
19411
8963
3557
4765
10383
7450
16605
18438
18273
14981
1205
3811
13917
19467
15271
1008
15580
16166
722
16240
6023
18862
10689
5944
10570
11299
15002
1490
11415
5720
5007
2059
4540
19013
10198
1593
7239
15762
16926
14322
13332
5239
12415
19981
2432
19231
18614
4192
3379
104
13453
16042
17651
18045
12912
13307
14774
8991
9560
6042
5185
10833
5415
15804
1709
12097
1632
2327
10360
17691
8150
1630
6107
8628
11737
16700
6886
11954
60
14985
10384
19823
15860
5022
15511
4918
15287
7451
7147
7163
9954
16058
14517
18991
291
11957
720
8770
7421
15479
10885
9881
13997
3660
9652
7254
18412
2486
17446
18127
1706
1377
10741
3428
11239
437
17870
2160
3715
9949
18270
17617
13034
6717
6925
15891
1571
18754
9794
6091
3099
5779
14938
1495
12298
5069
5705
12887
5905
15997
7741
5242
4824
12187
14192
4141
3120
1780
17431
16234
19350
15163
975
1088
8775
12916
7672
17235
602
3071
3151
14104
14487
7949
1950
1681
10863
17444
8172
13315
649
17474
12409
12612
16376
1992
14892
17622
18619
10830
5513
11238
8379
7695
1163
11130
17939
7874
12863
11197
14750
2496
10405
724
14237
3706
16934
6431
6900
13799
13081
7159
1480
19058
15113
1788
16333
14744
6211
19727
6566
9595
13907
1405
64
6403
15011
5838
1446
9195
9246
11393
15900
7812
12480
4197
9482
8965
6648
5067
6927
862
2886
2923
146
15746
18098
3282
4075
9983
2855
4186
1211
5858
4143
8821
16927
1129
19684
13741
4962
1468
14526
19000
9276
1169
14778
13006
14530
19937
17400
17401
2758
17797
8645
4849
13018
19811
15705
3910
3264
14865
7608
16457
5294
8895
18048
13360
6732
745
14361
9370
18352
18568
5270
2080
4054
3251
9135
11544
7811
4729
19837
13218
10414
5532
5365
16468
5657
18113
15761
9259
11956
14908
7389
6425
1864
8332
18982
1080
18004
15507
10539
8625
14332
8613
19023
5538
764
3638
11945
15592
2873
13886
2522
4670
16905
13695
8244
13580
6757
2708
3584
1658
7625
14032
10048
11478
1382
8366
6322
10925
17083
270
19887
13260
12841
1529
12356
9525
11292
16019
4544
2732
8427
14346
1174
424
14606
5869
8531
7845
16277
19793
11861
19271
16687
8955
16031
13328
16249
12197
19849
11497
2806
15640
11451
8231
11057
1392
8575
12475
17182
15028
7063
17993
9470
9842
16314
1062
4784
14356
16485
439
11895
18566
3108
9183
6544
15180
2209
6787
15338
2062
17670
3109
3989
1948
2931
3275
28
16320
8421
16337
18435
18464
1567
2957
4005
15057
4587
18717
6312
201
9895
12062
5323
5091
10337
5458
4810
986
11316
16840
17946
13093
14525
6745
7563
4989
7583
19920
7733
17595
18852
19132
4461
19617
12239
19918
18432
7749
13613
8527
19035
18743
7971
11725
16225
15049
4221
18276
3781
15867
7388
9661
15689
4805
5980
8563
7673
14629
5829
12744
15199
7348
1366
19249
17751
16969
9843
1757
9319
7426
15963
7593
14988
19524
11469
9172
11159
2127
16921
12767
11831
19886
7104
8371
15681
3394
19032
2187
1486
3289
11621
10046
2947
12291
2818
15286
9344
11052
14268
18755
14095
555
8556
6084
3524
12254
18691
3358
3140
3236
1870
5117
1822
17640
2610
1193
5311
3495
4889
10987
12174
672
10556
13759
16011
6867
6587
5150
399
13491
14263
1591
497
8223
12138
10051
7267
5149
7273
6090
12941
2465
6792
8281
1437
10400
15725
9192
6577
956
13246
15745
8526
19909
17560
7119
3074
15993
9685
485
8137
698
2100
15532
17137
2464
1999
12588
2006
17770
19703
11216
15397
3025
1143
6055
13404
11046
11577
8199
18209
18289
12621
9490
4336
19102
4264
18428
12162
10230
14092
10647
2825
9992
6136
15902
19207
11111
4808
8232
11583
7966
17855
14388
8711
17733
15632
11819
17289
2695
12652
11581
14944
16876
19690
13711
19798
4166
9815
2501
17298
18861
3587
18800
9934
10271
2726
17297
15622
14842
19777
10989
11635
12927
973
6039
10061
14359
3130
16088
5766
19357
11421
5804
7051
10183
12452
12217
9414
7257
7585
11253
1656
17036
15439
15480
17270
10397
19025
5837
1878
626
6201
8915
3624
7
12963
5936
5755
2058
978
12235
1107
7171
140
12673
13410
10541
17534
14641
13197
1478
1484
6436
10109
18928
14338
11788
1735
3276
10066
2534
7850
6181
1934
13703
10725
5374
908
5376
2611
11844
1843
11483
9875
18347
10978
11119
12868
17336
5362
9736
14108
15486
9559
14161
13681
15142
13645
9136
7279
1954
7802
8800
17282
5462
6277
11325
10748
16083
16262
12042
9574
4728
10918
3406
2205
5556
19283
5857
17375
15345
6595
12173
15435
3635
13330
3347
2385
16697
13241
6282
4140
19902
15932
4050
1436
1402
19960
2109
1728
8176
16933
4840
10856
11009
10814
15164
5036
5171
14380
935
1738
5585
6803
14448
8983
1648
12153
19321
8956
17378
17970
16884
6171
6127
15472
6941
2046
8769
12940
19342
4040
19752
12406
7390
17822
19112
15794
3538
6199
5027
10531
11903
2955
3166
7594
17602
736
9656
15122
2834
14976
13656
15309
13228
12270
19844
5406
7344
18245
7503
19126
13369
13459
3889
6731
7732
16445
11665
9420
17710
18227
3606
9761
7107
3830
1572
2814
9719
3770
6722
18037
16786
13657
8920
19408
5050
2566
8871
4109
11713
8495
17164
18102
1610
17114
6966
14055
6616
19172
2480
18295
6461
17644
8062
8051
4897
19144
18185
18604
6950
16086
3190
16476
19309
1996
1562
9465
17780
8160
9957
363
13440
15092
9408
18629
7259
11460
15721
5579
2812
5153
6694
10878
6126
8261
3451
13773
9148
9676
14170
7253
19133
13209
10954
421
10636
6441
15118
14622
11549
19921
7876
5349
15568
10947
8323
10891
12331
2276
11855
10164
10944
12962
15631
6975
14527
2026
16879
13378
12230
13418
4068
10630
8352
13398
7022
7091
8472
18431
5432
11005
19957
49
11601
8887
4171
4474
2350
18274
3081
2697
14977
12061
5444
13479
10914
1672
14358
19455
19369
5058
5060
5637
15468
2614
8189
5663
12034
18616
1239
6960
8319
13342
16592
12372
11754
2696
19897
19194
11532
7009
8944
16758
8803
18666
9158
5464
11505
10662
18962
14334
6613
7032
3547
12543
1005
5844
9426
18074
9154
370
14115
528
5079
18219
14211
8708
13457
1287
12947
388
7711
6018
15339
14037
14270
10738
3866
8208
9822
274
7729
3779
6793
17419
5289
14446
11010
13226
13186
2744
17000
16094
16100
2001
11964
9435
14253
6827
