3166
1111
756
4566
8392
14615
5514
12994
2735
18495
8415
2694
631
3882
7443
16756
6636
6657
6803
4856
15803
19224
10285
19605
14499
12817
7727
11807
1838
7011
17649
19328
14054
6444
576
1138
14094
8314
4899
2311
17030
218
9042
8273
14854
4903
5487
18847
6679
3886
5615
1573
14767
2000
10357
19524
19875
18276
17005
8435
11535
9387
7133
15024
7726
10237
11760
16691
11047
4065
1742
10632
5245
4823
11808
1283
3023
9073
13137
6099
1180
16479
19137
13342
18330
12149
7471
4868
302
10150
17095
13004
9077
4111
4701
6643
15979
8090
14379
8148
19500
13072
3870
17932
6726
3258
19879
2617
1313
6412
280
5862
278
13497
11531
15668
13391
11989
11616
10947
16018
15017
9998
3850
19918
6211
17745
12082
15635
11688
10388
2987
2419
58
2256
7625
14670
2518
18072
18786
6890
3746
3811
13163
4042
6700
16115
17223
8132
13302
2005
1782
1708
10053
12486
2854
18068
16910
10950
1872
8376
15975
6489
12785
4079
6508
17856
17024
4775
12655
15948
3056
12858
16742
9305
12483
5934
17816
1915
8129
16397
37
18628
16434
15562
6066
1814
11140
18241
8838
15377
713
13360
4221
18079
4161
10750
19377
2293
4402
14479
16172
3334
14280
9084
5365
8282
3297
4204
9926
4690
13685
14864
14475
10235
9952
3392
10863
6938
19267
10141
13882
15508
3599
10167
7992
16112
14611
12250
13559
19620
14150
14339
7142
1064
533
5598
13354
9021
9599
18280
2001
19958
18897
9211
15815
12103
7773
18162
11098
2027
16724
2104
11900
13697
15807
8099
12802
676
14155
5929
12047
16712
11108
12979
1629
16099
14967
3159
9139
17862
9818
4322
15795
1196
8161
2276
10309
2337
18459
16731
8128
14728
19446
17139
15470
11035
11572
9504
8438
943
17326
1424
3264
13996
8543
12526
7762
1531
6783
8619
4428
18388
7132
12909
5593
6146
13631
18691
18748
2364
6363
18733
10757
4691
7092
2682
16502
6504
2595
3825
8232
4502
7400
12473
12936
14185
4345
16163
16430
348
12016
18266
1505
13485
11576
14579
17689
19102
15348
13244
15469
13997
4442
11817
17129
17884
4950
6126
13848
9909
2176
18906
17464
17891
2603
15174
14804
16614
7724
6777
17541
18323
19772
17846
11155
10971
11297
19108
19144
14079
3122
8689
14775
6157
6006
6559
14201
18838
15701
11289
13842
10355
10330
19208
14659
7504
11161
8076
19494
4718
9009
8260
16161
2774
18871
14172
5854
9265
3755
13788
10852
19012
6488
1056
12423
3683
9103
14051
15090
14394
12424
17716
8475
9344
14132
17792
3542
11755
7318
3292
10586
988
1411
10268
13432
6040
1824
14373
13876
4412
19197
9870
15857
2501
920
2594
17807
6571
17660
4636
6075
11828
17751
13836
5262
9057
11063
18449
19955
1733
12613
18295
251
7260
757
1680
12221
18622
2315
1922
5007
5235
2283
9006
8829
17450
1264
14294
2561
6708
18954
13162
19457
3432
12005
17126
1868
6254
2135
19465
2174
17741
7517
18792
6026
12162
16289
18532
15889
16344
10383
3221
5244
11586
8409
16848
17035
6705
2984
2752
13256
8850
18826
1697
11727
19025
10278
2051
5521
3847
11625
14905
2668
11474
13205
314
5264
15420
2687
6273
15783
11398
7725
2021
19212
10777
15486
332
14059
11231
2355
5677
2927
17813
19839
13082
8934
8892
17685
2099
18127
14915
9096
1066
3533
55
10460
11834
5448
13652
3323
2154
5227
13118
12656
10068
501
12380
2848
10918
8589
2233
15919
14949
13215
12037
9448
5373
7852
8050
19861
13211
10335
15617
9377
7899
12501
2297
11581
11878
13111
14405
14624
7338
11478
16412
15109
792
17701
2905
17467
14118
12201
322
13322
11881
5055
1185
9718
4498
9412
8396
13593
7841
17396
961
9018
17855
16282
4866
12072
18672
7404
14676
15906
1174
10769
6785
13768
1218
9368
2516
14332
19444
1077
9332
1292
12839
4057
17865
325
1920
19622
9486
6590
8429
3461
14420
11687
492
15733
1227
15252
4797
14722
12560
18022
2308
5345
15501
11338
16106
4930
1249
1199
11827
8262
5790
8988
15823
13358
9814
16418
5567
2044
6421
7844
10941
12978
5548
1433
5857
13955
14513
16103
16194
2772
3790
5014
16044
19277
14361
3556
10957
11935
18286
18152
5192
12152
900
4354
4782
17589
11599
14322
8548
1938
17512
8610
7303
8813
2284
8680
17707
15099
18758
9671
15208
6591
18448
6701
18281
2724
10130
14559
15744
12549
289
3206
18293
13541
18705
6298
4806
8067
9670
5903
10263
10430
18099
702
19573
11227
18401
8998
3993
6964
5922
8849
19558
6454
7774
7451
7741
14822
15051
2250
8217
6517
5286
16240
18679
17966
7065
15154
4
5383
8399
15053
2333
11702
19290
14387
10956
1600
13777
9025
3738
11333
5886
2762
12147
14962
11118
14431
10483
13455
4794
6722
9943
19199
14057
12672
19587
18479
8393
5838
11309
1102
16842
1793
2228
9259
13290
358
16276
17176
8326
14964
16178
6922
999
14359
5632
17699
19432
2739
10155
10534
4087
5523
9692
15665
19671
16620
19049
427
5209
4416
16992
8368
3839
19285
13785
15378
9243
5111
17998
14388
16853
7403
8315
5616
11259
2627
17003
3311
15777
11934
7548
11821
525
13192
9432
11307
1116
147
7709
15393
2271
3190
5182
15462
4689
11386
8033
10674
18971
9275
2381
4584
16670
17595
7509
17335
5133
8805
15236
9868
14083
9672
1254
8706
19132
1273
2345
8103
2213
16960
12898
95
8979
6156
19112
5995
20010
5444
1449
13001
6907
5860
557
9232
4598
79
15630
9226
14619
8398
14009
12204
6511
1136
876
885
1795
17439
15632
14515
10250
14757
1775
15547
2277
3034
17189
16950
2864
19509
561
10833
11192
18178
15726
15473
7656
17178
7083
11779
10203
19884
12006
2303
3330
6337
5738
326
15534
1627
3035
17679
6277
5278
10678
2157
19433
8911
10179
507
6709
19259
156
16713
19553
10139
7131
3821
10667
19787
10367
3091
3854
9175
3261
4627
14375
11264
2396
1754
18528
19032
7917
19088
12805
4307
2931
6030
1175
4715
10741
18140
11560
16650
14268
4531
16745
17360
15530
13531
12065
8334
3133
5746
14040
13357
14462
10409
10529
1802
5853
3830
11318
15896
5531
14355
10485
2559
4741
14482
15652
12927
19654
8513
1430
5410
2395
12429
4948
16653
14018
9435
2800
2263
12856
272
2239
11712
5317
7375
6348
14720
1423
16754
2858
18465
7080
14788
9804
8648
9630
14123
1318
19939
2476
19890
10718
14902
10597
7198
4136
8825
2690
19098
13057
13865
19458
14065
1169
3684
11349
3141
508
10043
17974
5328
15711
16262
15798
15322
11364
7306
18876
18610
14142
10252
8684
17452
2422
6675
19477
17026
7860
14190
16798
7691
8841
6055
4813
12794
12610
6354
17137
15347
2853
16925
254
7952
10602
5174
7838
7573
4683
13148
1949
16577
3303
12040
11017
18438
10751
6300
5087
10307
15594
3877
13201
18834
19636
9810
16741
18764
15026
1917
11890
9431
15025
9980
17671
10701
18677
10273
11546
8674
1714
13139
7756
12475
1461
1855
17967
15408
718
10816
98
15964
18395
241
7500
11668
16845
15314
45
2707
19919
2658
15882
11238
5479
2149
14270
14316
12792
8503
4217
5754
16011
13645
8891
10193
5981
4912
14055
10839
4593
121
18945
12516
16168
781
19008
14940
8779
18845
8226
16838
5207
15782
17155
14027
17093
9912
9311
13416
17621
11224
15531
12185
13395
700
16721
14849
10536
5231
12391
4788
15345
13378
6012
10655
12726
9452
19495
18431
14806
18671
13200
10585
4735
3956
16542
15206
16605
9330
16900
18397
14979
6440
19668
13869
2525
1297
5621
12648
13442
9000
136
16294
13641
4466
16109
4655
11694
5462
17801
11575
9421
18590
3836
15496
11036
12243
848
15868
13597
8769
3113
6325
19539
4025
14635
13319
9339
8992
18036
17318
13216
4952
7231
1731
939
12192
743
18336
5478
5108
6596
1397
6195
14341
19052
13489
1046
15010
15312
11293
167
7983
13348
5501
1649
12590
5856
15883
10865
11211
18856
4267
8696
19796
3753
11254
6918
18260
17308
16629
4134
2410
6087
17651
1774
19746
14537
3863
13249
12984
6834
9348
8708
2468
15480
9522
12376
17505
16316
8500
8593
933
15921
9124
3625
8144
16586
15764
8858
12167
10412
19015
18632
679
14117
10098
14318
4281
8490
5159
3724
19490
17692
10468
5384
6865
5566
9101
3686
3152
19607
4431
12010
6693
9518
7061
12075
12584
6778
6644
13371
1029
3242
3445
7760
13433
5118
14409
11257
5063
2944
16197
2893
5536
450
11321
19274
7412
9762
668
10379
3803
6187
8508
1583
18958
16959
7440
13146
13915
17389
7704
714
963
3284
19945
538
5052
5388
6846
18583
13961
16362
18785
3041
9117
4485
19155
2398
3667
9657
12963
10920
5120
5424
6730
16688
9631
12093
16918
17993
5855
115
19655
1844
17549
10800
19311
10591
7296
11496
10471
15490
7157
5865
11685
7781
14636
2522
7355
5266
5477
3714
7121
3503
14551
673
14625
16647
7172
10112
19834
3516
11637
19895
18994
7278
9376
12447
14035
4347
19056
11055
16878
9016
1501
7693
6171
11248
18033
15487
3471
8943
15839
14921
15845
12623
5415
16636
9991
2084
14227
1956
19394
3939
11859
18560
2305
17513
8025
2326
9988
14135
17799
1536
12144
8820
4576
17351
9277
1519
15521
86
7335
7524
6305
3173
12159
18806
10709
9393
8575
18102
18601
3244
3879
6599
5459
1558
11162
8590
18654
9855
12190
3676
18100
13808
19613
14486
202
17650
4985
14856
15465
18529
8364
1940
4740
18153
1866
6872
6593
998
3587
6439
13618
12331
12565
18482
2980
17422
15215
17077
6130
5552
2436
13703
11775
6854
8005
11089
11942
15504
14237
5793
10454
2507
1771
5830
14986
7299
3214
16453
8774
19151
3887
15211
7363
7767
8683
7250
10045
12966
8525
5224
12621
11831
19241
16603
758
1367
5765
19761
7804
14552
242
17122
15706
14265
330
973
2189
18775
1518
2954
9476
5453
4291
9457
9853
3752
10242
2357
2821
16592
18159
4101
3115
5208
13398
5021
7039
6021
5092
3072
9780
7336
10985
12782
8894
13845
17903
15241
4865
7611
18300
13337
3057
3038
16417
16185
4358
697
19950
2583
1384
1080
12
13883
1380
7413
13475
3984
4094
12951
12259
19110
12670
12210
9594
17072
19138
2181
8509
8495
4713
11611
10030
222
3560
8663
952
4911
14103
8379
7782
7765
19595
3862
14861
1884
15079
4507
6888
13696
6654
9929
5259
1086
13892
13894
2759
5670
39
19791
1664
11898
17044
5785
4814
16628
16802
4220
15685
11613
7212
12920
15762
4401
13908
12188
2177
15097
1090
6868
9061
10455
7761
8069
7422
19411
1785
6493
8381
1970
12245
4692
2147
1078
2815
9015
18880
12267
8350
15667
4953
17341
16728
15851
1251
13818
12013
10348
979
19710
8927
7007
9725
19009
382
11901
16199
14245
10614
3672
2547
10089
16540
3477
11521
9893
16441
5608
9930
14549
9997
18374
19962
16280
14718
17528
13138
17437
19237
2132
1812
8647
14736
16070
4288
2430
8757
10323
8287
1284
14143
5116
12932
13334
16778
20031
4984
7466
15123
3162
13267
5401
9320
1224
19866
18507
2706
10625
11745
11790
18533
13518
7002
8857
13213
5071
3090
13223
12497
19846
4200
11232
2389
9756
6721
34
5154
18855
11151
8403
5190
18873
9677
1267
3378
5288
12685
4397
8889
15468
9471
16970
5505
8553
17214
10374
1050
17023
12068
3529
16396
1333
4088
5900
15699
13377
16734
17240
2257
19448
11588
4506
12825
3614
14090
5825
6896
8560
5529
6544
2443
13557
14167
14906
8944
17899
2579
17019
11680
16015
531
17110
7445
17119
10396
17777
11069
16556
3096
1471
8349
2148
12493
16934
3438
13129
14468
10653
5868
2127
18476
2794
3062
414
13837
17893
3663
1849
16829
14125
13757
2452
537
15216
3306
18803
7489
14139
14993
5099
3970
2851
8001
9212
7897
6225
10082
12448
19837
12449
5936
9403
7850
12781
16087
6663
17256
2591
19050
4738
13981
19449
8386
9492
6002
19516
8268
11960
10974
17672
8407
10275
18428
4508
6189
2164
12593
10462
15589
16431
11391
3002
1453
7438
4138
5008
2056
7882
11371
15928
11201
2818
6431
7719
17290
18609
7728
6869
7156
1772
9221
2671
5969
10727
15387
4819
14922
9864
19929
8432
12171
7333
19024
8832
13271
6114
2209
151
9979
5781
16962
9309
17695
19844
9361
15831
16228
5101
16482
15065
12454
10780
742
10168
7877
18729
9017
3592
9742
4959
3806
15022
11222
6819
16516
6462
9937
12524
15945
3388
11412
15012
536
3991
18539
11280
19294
2993
9931
17717
621
9010
5664
6331
17374
19515
17961
82
14930
13081
3980
2387
8205
17252
18052
14597
6647
3631
14802
7975
5724
14467
19090
832
3778
14917
1093
10627
16048
14411
15904
6128
16753
3406
7930
5310
13928
8038
6286
3491
18091
10552
1534
17871
18606
9276
2539
12996
16735
1921
188
16003
9611
10567
3969
17498
7366
1763
19312
6681
3558
13714
2551
9903
18512
10890
10429
2397
18257
4116
5044
4016
16904
8167
9349
6456
12581
16345
390
17581
19667
7450
15867
2981
12382
5114
5338
15616
2765
10682
5507
8563
2336
2681
7096
5776
4487
14131
18342
2708
7809
7010
17661
17239
17584
12764
9689
17900
15461
7205
11524
18297
11722
13049
2471
18053
7840
3741
1788
16773
385
7895
10197
18400
6930
5179
480
12417
14976
16500
7555
19786
16101
16420
7169
13504
16975
15016
8854
16663
6660
9859
3357
13465
343
7049
5460
1744
6510
16457
18875
6086
12211
1880
9595
4114
3157
4149
1504
520
18599
11711
6160
1699
3257
19287
14413
1615
19335
282
8873
8160
18010
9366
18404
11975
16254
17975
7535
12158
7980
17894
1541
19924
308
6915
12790
18747
6519
2920
9791
4761
17818
9397
16009
9029
4049
16491
19849
17354
10756
8902
17904
12257
3717
3051
1106
8468
5571
12108
996
13675
19599
11579
9154
12563
10562
11938
19827
4548
4557
13849
12642
14931
5780
897
18497
19753
3981
4612
14205
6618
10038
9445
14053
5648
208
2280
1462
14758
18157
14899
9939
14004
1038
13473
11279
18426
4656
4084
16523
15178
11356
12614
2253
15037
4719
7393
4836
18329
16158
9107
10428
7926
11810
7161
4007
15249
8434
14460
8395
13031
15394
18256
9934
1309
8057
12895
6035
9173
9945
6497
16689
17754
16914
10700
3058
6740
12629
14327
13127
4343
7340
14714
6795
4086
10996
16922
8179
11263
19959
1
2755
17477
19852
8511
13709
15402
12263
6547
3266
10708
2030
12739
14229
11777
3907
18430
1371
18283
2949
17623
17952
17217
15982
521
7984
19179
12344
5987
9485
10146
15968
12847
7041
14458
12363
17151
11027
2114
9489
16448
14240
8623
16403
13056
13875
11330
4163
13676
15104
556
11462
6977
9965
7203
4131
13857
10442
9190
14221
12057
5194
7430
588
2975
12918
11059
17912
12296
13990
10306
2322
16056
16154
14571
5380
9319
11410
2730
8285
3046
13093
18485
11385
14481
2086
2776
11627
9451
13951
15585
5612
5196
18080
6181
12896
16861
14575
4269
12849
14315
11448
6765
10696
17542
1896
6180
12112
16433
16429
10289
12531
12756
11484
16991
18200
19803
17714
16423
14357
5362
16820
13219
18929
8353
10779
3553
10499
15800
12109
4957
15549
2392
3259
6406
6734
2609
2825
18272
4859
11557
12659
12226
16480
9052
19678
7144
15448
6633
5718
6906
17636
15118
12674
7943
18760
14869
9646
13535
4350
13677
19600
189
5082
1796
8634
1089
2236
19953
2242
1414
13953
6921
8294
18062
3450
7159
11701
131
13793
13728
9328
653
16487
3224
5578
3810
7082
1163
3758
17410
2845
1996
177
1815
15512
7623
1062
5018
3373
17416
16637
11662
4843
15231
1415
15449
10679
6528
12934
12320
15817
17345
5030
15389
18565
6395
12632
8574
10582
5117
17053
1584
17628
14602
6563
8668
16494
8312
13329
12766
8054
15073
16071
15779
19295
16560
13170
19781
3646
2325
384
12367
8138
17248
13549
15657
13640
10702
14522
1760
9994
10940
16645
1085
10511
14505
18352
10402
14022
1553
12740
14198
7707
5577
5188
9845
7258
8603
194
7699
9273
8483
6664
16426
2555
8803
6567
16470
10126
11020
4415
8147
6545
3395
7188
19568
124
14453
8566
14560
7664
18202
18434
4964
3655
451
16719
14352
14746
657
515
13470
19546
12768
5343
12992
18156
19614
4698
7486
17243
9639
166
12308
6294
6039
19195
7467
14362
1377
16808
4398
13421
1986
1656
2190
9422
4196
10337
19994
18926
19321
8052
17946
12056
3653
14875
3251
6717
8716
9562
5313
5449
3499
2572
16738
10496
16661
2343
15186
13688
18302
5998
15177
6607
4056
5506
7146
8437
19275
10259
15147
10042
14944
3859
6637
16587
4711
705
13321
11183
15654
16547
1575
7220
6255
11406
6206
5115
775
2532
12517
16143
1888
14574
17843
12960
12139
1366
16994
18850
4019
10764
14219
9219
16281
8922
8752
9703
10644
2442
1783
11829
18344
13389
5430
10885
7683
6410
9355
7071
19239
14459
6699
4745
5204
5307
4993
11529
18820
18666
9261
18147
9206
1355
8042
18116
3586
17506
11941
15917
9423
44
4044
18602
918
15318
12572
16176
4807
2973
11409
19675
13799
6257
13259
19463
12811
14025
7507
8245
19809
1044
17431
7866
3607
13588
10867
5439
6141
8070
20036
14660
11357
16028
12064
1063
11172
10049
15661
8914
8496
5456
17487
18980
4529
3369
9737
7694
15756
14099
10450
5844
11884
42
7091
16610
12653
8478
9826
8929
13088
5557
5979
11086
11444
8436
18122
20
9719
13522
17060
494
1932
1765
5369
2008
14996
19800
17876
11377
2111
10329
3337
6390
19057
1736
6821
17493
17451
5482
10277
6089
8990
17143
4910
2249
4876
117
409
2569
9755
1262
6267
6753
9323
6578
17244
19820
19240
2036
8480
13075
18148
14973
4031
14913
13576
13292
15981
5112
9327
12970
4786
3448
7311
12156
10156
6173
11946
6090
5676
10785
19944
8184
4330
11250
7522
6662
3143
11214
656
19299
15166
9963
9993
13844
8157
9246
387
12231
13797
15475
19946
9914
11769
5874
7701
5285
17327
3709
948
10478
15485
2406
4303
15006
9645
14677
11000
5624
17539
5665
8216
11205
12967
10791
6666
19814
17669
17867
10182
2060
3989
5394
2059
9128
7712
6228
13829
9033
10075
7738
6761
3682
4403
10260
11256
17501
3967
18587
2238
15341
4855
1238
6985
1291
12128
7392
18018
13572
4514
14024
2116
15433
17224
3044
8789
1358
16076
10886
9367
12956
217
7717
8932
11431
9172
19936
10685
7757
3846
7874
9576
230
3727
18419
11369
6772
16686
11351
9159
3944
16806
1900
7408
13349
5883
2265
4893
11708
4489
9982
8912
9069
5166
8926
8690
2289
9260
1114
678
18384
6149
4889
11508
9285
16736
16060
17287
13437
10851
13110
13832
736
5474
8692
3200
18968
1479
19517
7777
3946
13720
7593
2169
2247
12468
15983
1049
7580
18104
11129
11654
16196
1829
2089
1746
3313
11968
5458
8562
334
7821
16655
11204
2601
8678
16258
12113
8240
8092
14427
4892
1800
15894
10504
16247
5165
18312
7257
15571
8824
16810
13820
17313
985
4885
12222
4540
8288
605
4406
8454
16607
14437
8801
1517
11998
3805
3409
11555
1847
12172
19339
3864
17949
120
18859
11739
16132
4188
11494
10397
12515
9189
15741
11452
13187
15064
13172
1203
10649
18188
15895
7268
4032
7462
5742
20035
2267
2717
8430
19825
8301
13183
11767
7807
5799
10596
1320
16117
10376
3535
14705
17851
7750
18621
18689
14709
13587
18810
7154
8986
14507
9647
16591
19261
10092
4359
7873
12787
17588
8559
2268
18075
8734
7638
9700
7608
620
5471
3238
133
4045
19641
2078
19885
5976
14254
2175
2695
13800
18205
3660
19669
2907
9325
4137
12589
11867
5796
8348
9627
16972
14095
14193
4386
18396
18498
17970
16356
7369
1097
5627
15569
13094
5750
18089
15584
9714
13656
3715
17200
8337
5977
3504
14154
19308
1010
2245
10771
2592
5215
6182
2972
19838
4838
12373
7339
1621
11927
7076
4800
19564
19741
6878
18408
5377
16333
14812
5809
19769
4559
18676
240
16641
7020
19113
1373
14666
11168
7228
10047
16238
3167
672
19291
9723
11275
18586
5315
3602
755
9695
10175
18328
5688
14378
4425
10860
18191
10501
9869
6366
2103
7810
18447
11615
7561
4279
5371
10948
18348
4385
9097
6265
16885
15139
18804
2885
8745
3230
10746
17417
3997
11757
7935
2615
5813
20021
7834
5301
14489
4201
9155
5671
8371
5933
10532
12034
2650
4902
8474
5735
19344
11896
3523
6610
7498
1850
11267
18970
18234
12299
19565
9034
708
13779
17356
4061
16063
9727
18175
2546
481
10894
6085
12552
17609
16579
17255
4334
2034
11141
9665
15415
17529
9161
2992
8446
1105
10227
2478
11266
6244
8591
1359
471
1466
13968
491
7854
14233
18177
16935
19550
2611
5088
13530
5086
19210
14430
10271
6001
6295
14795
10512
15434
11327
5951
13689
18137
7017
13739
12346
5000
3774
990
12455
1344
16722
14578
12680
9941
11596
18646
19374
9654
4395
15579
8127
19347
5852
4967
11620
12657
13317
13574
14342
16775
12770
14087
17408
16473
724
12097
2970
8740
1993
6106
10390
19521
14235
9410
19148
19835
13209
18090
17906
10444
4682
6483
18787
2747
9850
720
4622
3544
17629
16803
4619
6625
3102
7348
18174
9650
9928
17305
6752
905
18607
15407
15136
3751
1419
15646
3321
15194
15967
17029
2365
5072
7365
15161
13297
13225
4212
12862
2129
10973
8218
4841
8431
11220
3604
17861
15270
17631
14792
335
15994
19286
12711
1612
12759
3934
7511
15287
16819
6034
17157
9408
19334
15853
2565
16321
2802
6604
54
2656
9652
10773
17386
16255
17000
15674
1801
16113
8908
5782
2004
16004
11003
4337
5283
10060
15717
11184
1464
17992
13519
6671
13435
16111
18119
10414
2820
11304
17923
19733
8034
11709
18345
15846
15503
7067
11039
3601
7499
6233
3871
14623
15780
17141
15261
17273
14858
11562
1816
19017
5346
10327
14242
10970
14581
5145
1570
13401
14784
11812
16311
18439
6135
10794
17269
19068
2224
689
15633
3732
19874
10140
13235
3411
7516
1285
1609
3155
9557
1041
19935
6996
13429
18604
1813
7619
5058
13901
6905
5906
9509
3401
16680
596
4951
8731
10983
320
17668
1217
14929
19541
13369
18096
5132
10544
5091
2574
6152
3829
11271
5680
17071
866
5643
3126
4572
19003
17059
3527
14716
14092
2824
17665
5524
1810
16857
4646
18027
11997
437
11848
5408
17018
9783
10864
9773
3611
10810
8002
7518
12840
11331
7637
1493
7618
18948
6516
12446
16407
3940
993
2843
14540
11820
7229
9271
17394
11164
9502
17220
15787
13700
11647
7996
13776
4154
4446
2453
2372
18410
14186
16705
16860
15709
18616
19194
7309
12430
4089
16913
7550
3331
1279
14366
13916
6588
12971
6526
12285
9533
17091
9291
2502
8397
13189
3756
17063
200
19652
15078
13418
16524
19355
13560
8299
15997
15735
5748
6543
4451
19892
15432
17372
13278
12119
19948
4380
8950
15474
9396
8081
17066
9167
3478
3055
13847
8939
15271
6564
12625
15164
20000
13683
902
13218
16483
6673
17073
10230
18469
3885
3498
11123
2891
15528
1028
17575
11663
9179
14386
10972
12641
11813
10122
15650
12737
12916
8341
15676
6956
8443
5434
18808
305
16535
4441
19101
13279
813
19280
2007
420
12999
13053
16967
3705
10732
7562
1205
3935
5199
17753
13633
17181
4286
10441
4240
8722
14039
15737
10730
12240
663
17523
16574
11215
12587
9538
8281
3103
17120
4407
910
15660
1572
3743
4260
17731
8058
9751
12601
14415
2887
1223
14012
706
12384
11703
10299
19472
10008
10566
4339
661
7572
17872
8242
8941
16257
19407
9326
16948
14261
13405
9544
18830
10368
2180
3613
644
15861
9617
16978
11582
3620
6243
12505
19162
7114
17864
13383
13585
6958
1468
4100
8846
8189
13592
14476
6028
16963
10095
13537
1447
13753
12431
3350
4660
17275
8183
3855
5253
18054
4776
9558
14264
8516
5684
11533
1512
4368
4356
87
10916
19649
10782
1610
9048
10456
2412
7479
18002
1770
10011
7506
2187
13533
11171
18460
63
6213
12791
349
2062
7029
5183
12124
6285
12633
4115
7482
18113
4916
11502
680
10102
3263
17098
4793
6335
16695
826
14480
9683
6061
7417
4143
3460
2450
12693
11951
8485
10654
2143
15403
8327
1081
6635
19858
14282
17509
7167
9310
6209
19709
906
10897
13212
17294
9968
4209
5794
6188
1152
19173
18006
894
8546
17378
6893
13748
2581
11396
12860
15380
4141
10933
11895
9060
18735
14600
13911
903
7168
15852
15991
18246
13532
951
12578
12026
10524
9092
9378
18160
11156
14061
6282
4184
19625
7370
12183
2659
16938
5140
13352
12697
13781
19664
6908
112
1834
17114
5962
6080
1487
13977
19117
13441
13407
7971
19534
5022
14715
1662
15922
9406
18995
9433
13919
18184
18924
12292
4010
13925
14400
18685
16251
2880
13623
17164
11019
13591
4099
19634
18709
19927
2689
9453
15453
18799
9570
1809
3494
13733
17229
3269
16014
10270
5233
15775
15028
13152
16371
1724
13682
5509
1624
4257
17233
11612
7896
18591
9995
4381
16581
1568
7262
6857
18919
15264
14646
19816
14982
6606
11372
17901
13693
1327
7323
12810
4270
14455
6347
7697
8931
9721
13144
5685
9886
16896
8056
10505
19171
3735
6601
8545
12494
2334
13648
19547
12897
5489
10037
2470
5330
1975
12028
7319
18023
3415
10519
541
2075
2736
8231
10292
7979
7822
397
19755
7383
10942
11655
15881
16662
11564
10776
611
5457
15541
7113
5768
7447
15713
2464
17881
19932
4015
2113
12628
8340
11066
19156
13986
619
6308
13629
3063
16387
380
14326
19880
9655
6333
5026
14258
12311
9685
6313
5291
2919
16571
5400
14067
17778
11078
14690
6240
4450
19873
19859
1219
10558
15520
1065
6249
2153
11868
18252
19077
3000
18892
11854
17039
16062
9158
2530
3082
7109
16050
2729
16256
14426
9174
5454
18936
11955
7846
8767
2017
14497
3298
7775
12530
16268
8036
5272
6097
6827
13759
7418
5771
18367
1235
5921
5588
14647
17795
3
11961
6496
9847
8135
18842
16652
9229
1189
18277
8472
381
13811
9315
17838
9573
14178
2485
12933
12129
12852
9862
15337
16089
4714
15431
8783
6750
8319
1408
4064
1870
8014
2207
17722
12081
18684
5263
19795
1402
6482
4878
15185
3301
3114
4654
11417
4259
1735
19563
6937
9028
12187
6377
3685
16580
10881
13476
19100
13556
4595
17365
16305
15019
3088
7130
1369
12820
14796
14851
11730
11305
19911
5494
4460
16189
2537
18103
19485
12317
12772
19989
19970
10739
7373
2010
9227
3915
13939
12023
8389
4547
16
2504
17721
1195
9494
259
2123
6423
255
15934
3015
18227
16926
6762
7864
2042
13816
1404
5751
18263
2552
16879
10099
3737
551
12352
165
14418
16497
1270
18405
17591
12186
8401
1360
14269
7863
13452
16844
629
19722
779
14017
175
9298
10006
19957
8420
15835
4225
1751
16823
3199
9702
12554
2780
13309
17878
14410
11153
18347
12490
16677
18518
16079
16893
15213
6600
12404
2482
4645
4867
15818
19078
12926
5156
10001
18165
12807
9534
183
5172
15689
5601
8211
4924
18647
17490
9322
5845
17102
11888
13792
11839
7563
19811
11974
16336
9514
19431
8083
17576
14463
14170
15141
6274
879
1350
8778
19383
18837
8186
19577
1338
12007
6382
5885
221
18598
5778
15901
2373
862
2503
5821
3573
5559
5712
16150
3754
17436
6840
1848
19581
10269
11913
18271
10114
6197
10924
13546
11556
18620
5710
14541
19931
9577
14307
17927
8985
17681
16046
1978
5119
11681
43
6603
5500
247
12438
2188
5940
11686
1121
5211
12499
18757
6458
4318
16822
11753
19933
18836
18905
665
9283
17138
18203
9056
14073
6739
19061
19694
4853
6876
5237
19473
11116
3896
11465
14744
4857
12609
8928
19487
17140
5128
13156
15390
7189
14120
412
2556
10050
8538
17170
5963
13155
2841
15483
12375
18218
16583
512
2449
10824
9496
7768
5484
9790
11495
2763
17088
6399
6929
16576
12277
12502
14582
7453
13270
18319
10220
4932
14106
9215
3309
6426
15808
15687
9732
8107
1256
19626
15331
6004
2523
12451
13980
1729
4778
2204
6638
12239
8445
14847
3513
17519
13498
5379
2141
17270
1750
3605
15242
9802
844
16467
19688
11536
8246
4643
3093
6280
3175
19302
6221
6514
13583
19750
13469
7557
13210
3014
11195
17441
14016
459
14608
17191
4189
4495
12232
6584
2859
11981
14358
8679
7908
11426
393
14077
9860
7428
15992
1312
6405
8961
10820
9255
13999
18251
10966
3372
7381
623
31
17337
509
18341
18000
5386
10615
5872
260
18477
18893
2498
3105
10818
15230
16214
783
15875
18139
60
10896
2054
7084
9472
13956
12990
13027
19213
7772
10129
4093
18643
9771
17653
11334
2409
17272
17204
5717
9160
1294
3075
9050
11435
7566
913
2738
12699
5682
2554
6271
333
16782
65
127
8233
7361
4068
18953
14662
431
10837
19684
868
10381
3591
14220
12722
3804
6505
13712
4012
16974
19871
5273
16419
3049
2882
15643
16019
5513
6038
18951
14335
8714
4503
5905
15023
4071
14504
8131
17806
9605
15117
8919
3101
13769
8130
4771
4006
18753
4103
1980
4940
13233
16993
16347
12110
3149
2946
18629
4882
15033
16730
17798
2517
15862
7905
14088
10079
3412
3731
13294
9252
11956
17445
19230
184
1607
16216
6132
2146
13097
12022
4242
14395
13289
12479
3225
1045
3766
982
11441
2393
8660
6068
9759
19987
1288
7771
2197
10962
6359
6375
13809
614
11230
9596
99
3352
11082
14904
11236
17391
4731
5170
16147
11329
13228
9341
15282
10254
3539
13062
18763
4404
1769
1696
10103
1388
19973
5150
17462
954
3064
3234
4979
15999
9921
7686
12658
12567
3948
784
8666
14955
17535
12242
14488
16720
2926
13897
4574
6480
4956
555
8155
7826
5895
17432
15251
18595
9515
12437
17328
18354
12421
18451
237
284
19510
6583
5829
3964
10553
17885
12744
150
14642
1617
18378
16308
10903
8587
13015
9459
8203
13365
18356
9292
5884
3617
9528
5255
6842
16383
16868
9425
19089
7721
12701
14301
12797
6805
10457
19038
14501
10118
1125
9766
5585
9164
12814
5930
13718
1438
7174
18925
6771
2300
8637
7663
18437
17442
3308
17658
17772
12957
19774
5591
16302
1825
4420
12255
15522
8627
19661
9222
6912
11430
5629
16234
19630
17295
1625
7434
1019
17837
18290
5801
7858
16755
3212
1918
5013
2246
18561
17177
10835
12033
18436
7752
7950
14637
3493
14838
14508
10035
7885
19780
5890
18045
14487
16996
19692
8628
3704
14657
17009
2977
16944
5016
3734
2039
8225
11762
16793
3177
19236
8597
18963
8550
16644
19656
14584
6076
2540
15638
14835
5319
1952
3061
209
1148
10360
15572
154
1961
13596
8321
13182
17626
3490
15029
12902
13722
15720
2214
17973
2936
10198
15418
13634
11788
15425
17153
7494
12377
9379
17057
6541
15414
20018
3189
6072
14836
11534
18947
11432
1421
16827
13265
9535
7791
8317
8822
15063
10443
8022
15299
2834
4818
1303
6481
1011
7496
16533
16813
4561
7823
10276
16159
16203
4977
9474
14518
13989
1268
12907
11979
8114
7615
8554
9519
93
4340
8862
10256
4577
18640
18852
14991
5364
11561
15039
17752
14538
8402
386
4524
11446
1483
10767
19039
7501
8561
4374
4499
17910
13492
13987
13927
472
5017
14241
1035
13864
14743
12092
17618
9498
16821
2813
1912
369
15274
6471
15610
17440
12164
18699
4765
7986
2029
13814
15499
13822
15826
6792
8638
13022
14291
6301
3338
14621
3608
6108
4764
18077
1672
13495
6685
13277
19131
6376
8221
11841
18502
1040
18416
1184
17939
14569
14200
7833
2983
8910
13481
3656
7050
15532
870
8357
15217
7104
17264
12212
7032
981
6856
2384
1070
14440
6829
5326
2811
14075
5653
14599
1427
1683
15814
19806
1999
5061
18863
18728
14224
16361
19217
753
12985
3480
19687
466
16743
2455
10403
15678
4432
13584
16769
19361
13181
16656
3932
18311
5984
7073
19531
10699
17785
11288
6944
2499
4457
1749
1209
10531
8424
3110
6935
1836
539
5831
3888
10621
207
10568
15001
17827
7894
16696
10665
17368
4482
9087
7862
1730
3638
8608
19845
3706
258
11476
12842
3326
11340
8082
3299
1595
3906
10475
19375
7129
13066
8119
13318
3707
16119
10120
15856
9625
13199
6936
5775
20039
17875
13089
9436
18960
18559
703
13571
7645
8159
12463
14935
14644
11376
9404
14777
13501
19584
18829
8760
11208
18977
18730
8754
5602
9722
15278
1304
5351
10728
907
7624
13490
19342
20007
2895
17746
9501
6943
4376
2329
19324
12165
6737
10917
11088
5560
261
19417
3541
16223
4528
7884
2484
13944
10067
11644
16239
10781
16315
2896
1818
824
11905
15653
6791
4362
12395
11704
6793
7665
3520
794
14434
11802
7793
10361
15842
12054
5176
9626
3786
8821
19706
17567
9066
18373
4980
18016
20032
9353
7099
17145
9716
8624
4434
13957
2339
1356
8181
19683
13673
7254
9163
4426
1588
16271
9395
7922
2264
2230
8880
2545
5443
10004
16402
15734
5423
14202
14542
15910
8331
17399
17074
5107
4596
19216
19360
19262
18478
16714
2753
4443
2781
3150
16985
5081
627
9579
5305
2331
14432
38
12546
15294
19368
1006
9676
4642
1579
15688
4418
865
5104
4988
3901
7283
15681
12219
16226
10704
12583
5258
2587
15127
19498
17297
5663
19799
11547
9106
18078
6645
1299
16458
3873
11405
19819
8672
4757
4275
13903
2350
11929
10953
13706
6982
5249
14129
14113
14277
5939
14747
11451
15479
10196
7843
5599
19562
17602
2423
4422
2916
1441
17853
17702
10535
8947
13101
350
1005
17708
3549
12921
16206
7633
5363
19790
19751
12508
3787
1743
18943
18520
9220
11130
4696
9898
3286
9622
18040
16833
6162
14961
19511
2758
1647
1869
9649
5429
14631
19475
3909
19200
2144
19414
8700
5693
12177
352
18317
717
233
15702
2115
13554
1905
11253
10385
4355
17654
15143
72
4663
1702
11087
4245
6413
11049
13569
4997
434
6923
13993
3641
11809
2976
3245
16242
18496
2884
12942
9769
2360
2750
443
10380
1017
5952
14324
16887
16125
13736
3977
18268
12154
3228
3379
9986
8712
91
15837
7149
4919
11008
11408
16032
5389
2789
14253
10190
1057
11719
4941
12000
18138
13817
116
16760
17908
2698
10453
1682
7545
5359
8897
18933
11117
4060
3365
5733
7001
17175
581
1877
3371
9830
635
8860
16968
16304
10375
10447
17563
13935
16624
6852
2768
962
9707
4675
18592
18878
13747
17630
9704
10698
12008
16142
4036
9636
12937
16375
1614
10914
16235
9609
19730
1387
8375
7235
5592
4854
12224
2215
18208
869
3111
8664
1429
11866
6306
2709
5202
15515
5432
10961
598
7302
14496
681
6836
17482
8625
17830
16170
16602
5705
2481
5035
7324
8142
12746
14811
14941
10147
6623
2013
15854
2083
6046
855
18914
9297
18774
6389
2606
13755
4433
6848
7947
16897
18074
16126
2590
8785
14331
16692
2002
19060
18136
19714
12200
18865
16597
13871
14845
14060
17936
16335
12322
11350
14711
11800
11937
7171
12278
11457
18415
690
15293
262
19619
2097
3881
15673
1098
7040
16981
14548
12714
5696
5078
19604
15372
7112
2261
10683
4621
307
9566
13946
3469
17845
9137
9013
18665
15437
8109
7183
1780
7878
9193
19542
14533
16450
3819
519
19120
17573
5049
9729
4671
11028
18993
16564
7533
19093
4938
10477
7587
392
8101
655
18966
15042
12776
6658
15202
5561
19254
17329
14363
3339
18225
15298
4335
15374
2741
1352
4235
15623
19666
8121
6408
8839
14971
19736
8527
14197
5348
5181
7764
13707
9890
6796
16166
10154
3262
17739
17042
16001
2424
4438
10858
8252
8903
2607
606
11065
13095
4004
4921
2744
2491
9402
4961
18701
15232
105
6680
1259
9520
6452
5464
18935
453
18939
16539
11771
7411
18043
12622
6887
15582
462
7086
5709
12458
15119
17459
13086
16463
16554
4880
11177
11100
19792
12571
6288
18141
16040
4314
11635
4623
4567
2589
4005
18467
6478
7437
5053
9794
138
667
2544
14732
3125
19425
18861
10724
2622
11664
13275
9738
15608
11837
7779
5046
4417
13690
19430
8917
11840
3414
3399
7474
11147
19398
7150
18700
13866
765
5804
19851
8254
14712
6576
19456
11972
17921
19615
3319
6797
1941
4276
3456
13922
4986
5769
14535
719
4305
2766
19804
10955
9942
1394
5193
15095
14350
2251
10382
9405
17787
9842
10556
19161
19583
1557
4549
688
4875
12091
9989
15077
11671
19043
17710
1506
2048
19716
1042
10517
1243
1392
18182
3320
11580
9109
2166
2307
16093
13444
12207
13567
17841
12654
12624
15877
15872
2588
10437
2433
4816
1058
13851
6665
15575
14834
10651
6973
8967
6897
2696
13746
15476
16839
8957
13774
2726
7056
7906
9697
14823
6748
799
4155
1820
8523
1887
15354
8962
7969
4157
2685
8172
3730
2654
12442
19326
14950
10968
4378
13461
16219
11388
6433
12913
7330
9198
4022
9231
9550
9863
16625
2366
19908
8510
8540
11550
19316
16286
10258
4046
7075
9911
6533
13386
5005
9583
18594
13381
2221
6176
15482
7628
3279
3642
56
2158
14072
7855
19420
19699
14634
8427
13274
7886
9580
12883
7452
2356
12440
6998
13035
11026
13835
18719
7670
11458
13952
14850
18537
650
6290
5372
10398
8194
7497
14655
2846
9360
17390
13113
14912
5745
4870
1149
13471
10587
17192
13679
16518
7244
858
8710
19145
3135
16370
11344
2473
11548
3290
9788
5213
12588
2879
8187
15457
15963
94
2288
5603
6466
2354
215
5034
1538
14451
9394
18274
14692
11522
17511
14389
19728
18979
2959
12608
18716
8143
3017
1142
14192
3315
626
12575
10846
12174
9228
17516
10630
19304
10841
2939
2109
9831
18461
13716
14141
11617
15766
12181
17829
8885
5938
4513
9589
10314
4492
3572
19594
7396
8602
15436
4249
15131
580
16816
14252
13346
12522
396
15542
15590
7581
10222
15870
9102
16687
2415
17556
2634
14444
7459
5755
17058
18229
17824
6332
18193
13565
5594
18887
8004
2225
12987
14969
511
15564
14177
5431
18244
19580
15162
10018
7163
7503
7613
751
16055
11411
14892
6053
5892
16367
7069
13550
10656
16699
13772
3265
11421
11515
8063
9295
12160
6404
19798
6248
12120
3860
64
2016
12580
16884
5863
19850
14884
3163
2965
3959
6707
16892
344
12135
11932
3084
4647
12335
4377
12330
10923
10080
10199
3536
10893
9902
16120
6884
13674
497
7889
5634
12166
1061
15146
18385
16261
19220
18567
4120
1220
6864
10236
15820
16750
10909
17342
14687
8116
7448
4862
17940
1756
6342
3610
12681
19575
6725
13104
11626
12123
2727
5818
8595
17205
317
15662
12925
8284
4013
3040
9565
15829
18913
1552
17767
15993
16358
11735
203
5185
632
18589
3837
19735
12084
11149
14348
7523
7117
716
11983
11849
12465
9191
2489
2474
4183
8631
18121
13165
11326
5964
17001
4657
8275
7022
5057
1713
526
6144
9342
5020
1873
10109
7266
15210
15987
9
13491
15283
17976
11601
16460
19026
11439
12519
14502
18526
9610
6283
571
18083
7357
18353
9168
4708
8272
14859
16328
1407
18063
13128
830
8467
16927
6969
13610
14867
19597
10908
9686
14763
13863
14829
9887
18569
12385
13665
11093
1658
10325
3192
932
4073
2332
12179
8345
9688
6048
16880
11718
12234
5878
11781
16780
10031
8154
4170
9918
4285
18798
2940
10569
5025
11882
8346
3698
19930
19470
2534
13880
9039
12986
15189
19147
7892
3001
8968
17578
19325
2444
1886
16466
2652
17380
4251
11672
19881
938
17532
13888
14407
7191
1295
13702
1968
14932
6250
111
7313
10195
17079
6326
18183
8667
15175
5027
16000
16355
12272
19740
928
18264
7617
4274
316
2529
4925
9392
10806
5691
13605
1357
7818
14216
3004
19523
4266
193
6468
404
7956
8915
2782
13356
5832
2773
12891
8459
16130
19461
3581
1667
4900
13324
13300
3856
3109
2513
11756
15586
6895
199
18198
3216
12525
5100
11359
9122
16233
19332
8362
13468
10801
4670
18903
3195
18169
7692
5349
6546
9866
18120
8781
9183
2165
16788
11842
19382
7495
18973
15439
10812
4542
4233
13006
366
19765
3342
17790
12397
19185
6270
7219
16215
1103
9844
18738
11012
6397
19681
16694
7595
18487
9429
3285
13032
2295
10187
15444
9974
8799
5221
8515
14550
9817
15810
710
11083
19917
768
2743
15108
15040
19336
722
16338
10466
329
6760
6084
10847
18788
11982
11384
78
19204
828
3570
2703
13478
19966
10356
4779
6548
11633
12882
7328
7993
24
18777
5695
6586
3037
7063
8088
10463
10389
14798
13038
13191
3325
11653
7230
5909
8812
4641
6674
6702
8361
16012
1924
5414
13628
6594
15125
19995
17133
9684
3361
6919
10658
9470
14351
6683
16718
19264
6091
2988
17054
10202
12559
3066
7070
2095
13142
4050
4293
5623
11700
16035
11931
19856
14002
13912
17219
5861
14013
11268
6049
823
271
2610
1448
9803
10734
211
10543
4897
5339
11050
12747
12886
2347
17116
19427
17811
9195
2662
16673
17012
5451
7242
6073
10796
14782
11120
1665
6951
11860
3566
15058
7903
4419
4688
15416
6158
1216
14029
19673
18659
11348
926
7487
3726
14272
13141
10248
17303
10048
19073
9336
2716
7711
19983
19357
8501
15587
16057
17957
1133
13711
8453
12716
5847
3775
1389
4563
18307
7405
14852
19729
17640
1643
10439
141
4611
17040
9964
8339
3078
11984
7184
490
10144
8300
12073
2094
3904
17883
16596
10101
11407
7929
1420
11661
9185
6190
12048
1861
10369
6759
12071
17260
10514
17676
7246
15411
12536
8974
14999
1481
8380
16155
13092
2883
2567
13505
13942
16527
15880
18389
3013
16156
17605
3168
7095
6324
2828
1854
5321
12945
6828
19882
10392
13106
19062
17988
1168
8923
15140
436
18718
1678
4117
5613
11530
18797
4228
6582
18454
18004
2633
16902
12637
8235
7298
7652
1690
6362
18425
6928
8604
16546
6690
18269
6802
4861
216
9001
11585
4366
5276
12266
18492
13372
4429
2037
1154
19278
17247
10545
919
15459
476
9935
9135
11328
14583
16339
405
7048
15038
15351
7101
3545
4159
15570
9708
4739
3092
205
2638
6947
9187
3528
11397
5815
11445
11187
6167
1331
6033
12087
18192
395
7967
4153
11570
3366
5622
15124
3794
13594
6723
10207
15008
2679
6904
11903
566
5672
11443
5519
3332
8335
5637
7621
16834
12281
8178
16173
18126
13447
5354
2151
6979
12845
3690
14161
13885
12873
1556
3519
4849
18255
16707
17814
8295
17559
10294
11467
9257
157
15268
7591
12604
14653
8214
14840
13806
5736
15013
10192
18543
7023
4287
32
9352
4625
13149
17435
4614
16068
14706
10521
3385
4105
18835
18756
9724
10427
7155
4934
3780
15611
7582
17154
1603
5141
1906
773
14228
7038
2509
5824
7322
15629
13375
2102
11844
7534
5798
12521
8835
13959
14337
13735
11723
11018
14109
17401
17259
19206
4752
3673
17402
16671
17047
18064
6205
5646
2447
19450
19785
15897
6520
11682
11991
29
10131
13632
18270
744
13400
2713
19771
13427
19571
6210
8652
2867
2492
15631
17802
11852
2866
13803
9615
14044
5604
1374
3108
3961
18773
17021
8095
18212
2684
5966
607
5923
17201
1561
17863
12561
18292
15120
7354
18536
14990
3647
16144
16461
15760
10005
8064
4203
4014
5779
3658
11893
16987
3254
15201
1811
4176
6970
1661
4553
15089
11058
5590
8385
18857
14521
10262
5692
2563
14064
18240
9880
9587
19582
6251
17188
449
5032
7813
5162
19974
18093
5791
13751
991
13744
2302
19453
6266
4649
460
15519
10969
2426
8342
659
19921
12914
6302
2258
8094
13039
18105
11016
62
5722
19909
18922
4905
9779
10090
12645
18802
9906
10246
11873
11498
5774
19608
8387
8869
9267
2448
11965
1332
19042
3161
12027
16036
13077
8023
16067
19343
16410
14868
8806
6712
3232
2819
17929
15205
11174
18399
4262
5327
12993
14289
1442
15030
4214
3243
11782
1472
11014
6312
11794
18851
6570
9889
10610
6379
13974
8687
1134
13287
19901
10518
17161
2771
11115
15834
5558
5726
14978
18809
16118
12460
12445
10663
13870
5084
2196
17713
9832
10949
2925
13260
16400
17839
6932
14124
8356
7164
9248
9011
15554
19198
14734
3554
5932
16180
14506
5497
17014
9345
17858
11833
5721
6328
1994
12029
10417
14037
19390
2140
18664
11455
17165
2081
10755
13843
489
12127
15776
2844
16737
5329
11980
17825
17353
15313
3208
1529
4906
4928
11072
18324
1496
5808
5784
6755
9861
12867
3947
18636
15020
18049
3422
7107
11629
16505
12556
17740
12230
575
18556
15260
3900
47
3202
10354
1761
3253
13073
9138
18566
12736
17301
8795
15825
2070
10999
12138
17280
10241
5783
16895
12931
1955
19196
288
266
4990
14517
17216
346
19134
5681
14988
3675
13370
766
14786
10770
11545
7331
3147
9040
76
13122
16638
1950
2446
2852
5360
18462
18480
12276
1670
19528
6196
7995
12366
19014
9074
81
11871
18466
3763
182
5161
14685
4669
12529
8266
7269
19369
16319
18641
7337
595
3807
10007
2218
7135
17382
578
336
17776
9149
12646
17476
13303
17002
8588
17999
18414
10823
1547
3387
8651
9709
6258
12586
11737
17258
8249
7592
191
16679
1368
7987
10707
13159
15113
4746
9698
1191
14750
8347
2269
16635
10880
7442
5576
12220
9713
375
7556
13131
6385
15538
5654
8180
10845
1353
17667
6787
5374
8872
4423
17683
5550
9648
6054
16424
2018
468
19507
11885
11471
8481
20034
7371
18357
6242
6351
10901
18557
5504
9439
6503
13649
7794
3215
6903
16537
7097
17577
372
11373
13671
13998
14841
810
15410
11466
4605
15849
16485
10108
11600
8049
13007
3889
13385
6185
9555
19201
4658
10249
15384
16444
2620
3194
5575
9364
12998
5635
4306
16932
2006
18874
458
7377
4852
18554
11749
337
7706
14785
7291
6790
4830
19743
19650
1486
5924
16250
18813
12950
7786
10605
11646
6824
14727
13033
2202
8330
14520
12443
12539
2923
17373
9787
438
3495
15159
2376
12683
15342
12121
10716
11603
3207
14042
3928
4029
7944
8585
5668
7226
12719
9076
712
7077
3577
11488
11368
16243
4400
2991
16376
18965
4181
8177
3920
13276
9115
14543
19124
10214
11967
887
4982
1889
14927
9530
10693
7951
12900
6134
6411
7399
4171
19554
15332
18907
4145
7196
7758
15731
19662
10116
6609
13376
3674
312
978
19703
5492
4456
6934
17964
8788
2456
6826
3099
13451
8599
11528
18639
796
19081
2483
11872
9754
12543
2128
1406
16940
1911
477
5518
13167
19788
4526
7714
16797
19981
9731
10326
10695
9763
9127
16398
7540
10915
12833
12503
3507
3574
16310
14137
12094
14697
12671
3623
7684
11287
15041
16876
16324
8360
6954
13323
16043
15132
633
10593
18130
14586
4182
8074
15966
5201
17338
10143
12537
18219
14570
5644
10500
2767
6552
10290
10084
3723
2598
19146
48
9879
3398
8222
8488
19739
9495
10034
16390
10889
3390
1200
2351
5077
17794
3713
9881
13920
19416
630
17
18779
788
17833
340
2669
19010
1263
10925
15027
19085
13336
17951
18055
15742
11313
84
12235
13431
12472
9046
3124
10194
3442
5690
4140
11623
2358
8691
14924
2795
1759
17065
16690
18956
4076
11776
15388
2458
3514
17096
7315
14766
7093
12953
4533
15537
12464
16522
8657
13899
11316
10525
1261
17320
18563
14972
19387
2778
15358
9473
347
342
1990
4384
1215
13394
1823
17627
18085
7859
12002
10853
3716
5490
11067
12997
11413
10440
15604
1685
14494
2067
14091
4837
4095
18510
19170
10117
19701
11176
11856
16792
15467
7869
7650
13704
5974
7215
15397
968
5043
11966
16889
8241
10498
13855
10322
7461
5525
5937
17761
5470
11566
936
7214
2722
17805
17547
1119
18846
2319
13858
19951
3193
2865
14821
3231
5994
14898
15440
14169
179
10170
17593
725
4968
3703
6769
12055
16232
17820
5516
8727
6461
1693
19502
7565
15710
20023
8768
4034
5153
6989
857
19744
16623
16984
8643
14369
17762
19115
12827
5306
9209
17933
4879
11512
1039
15899
8258
5902
13963
13962
13534
17291
9643
8316
18694
7491
11138
1946
19047
6847
17443
18325
671
10433
3615
4717
17565
13763
12864
3479
6924
18864
19188
10592
6120
16657
16124
7927
10125
18327
5546
3370
6374
1856
10659
992
7256
18029
14926
13051
17788
2827
2139
12660
5586
12868
12836
4255
875
19250
6202
8633
8632
16669
13264
3296
6065
10200
17117
13016
8956
5318
19674
12288
309
14445
3840
7327
15382
9816
934
11084
16116
15761
18645
13099
3476
7519
6704
1410
15887
15413
13018
9082
19231
5986
9419
2105
12030
2200
1646
19612
12287
12309
2822
18109
11605
10606
15101
19174
13992
17508
4556
18884
7953
1931
14897
14748
1806
18521
7210
20026
4346
1530
16008
5996
18767
17554
15636
11759
15301
4333
19045
16915
17171
19048
13762
17963
3437
13108
582
15409
5926
3912
10076
3019
3761
7241
19023
10353
3433
3426
19778
4308
7819
12275
17407
14153
18571
9444
3943
1550
19840
1237
10830
12175
8899
12922
3644
6898
18631
9575
7603
16988
8035
6059
2110
13904
4568
2211
17691
6129
17545
3619
15110
19001
19219
4081
2367
1966
15054
12818
5160
9748
9955
18608
12389
1933
14527
16941
17361
4470
4008
11200
1198
14622
15705
16230
10987
6309
19184
1913
8206
12815
9693
13691
8649
12929
18513
1967
17051
15998
19037
9927
2425
5416
16177
8291
2806
12435
1535
13207
9527
19732
19297
77
8586
10788
14596
4945
13052
18818
14594
16804
1709
4135
5876
15245
3849
4753
12206
15209
1409
3031
9223
1083
19695
10506
354
5908
16164
940
7640
1803
16791
13071
14206
16139
11221
19767
14779
883
16800
1698
19071
10631
10283
18314
12638
4787
5752
11007
12241
9679
16187
15669
4323
1437
3127
66
14166
12334
11695
16943
5370
8584
1895
14049
6974
12476
2375
16506
20030
3210
18310
3119
709
4629
16292
14590
9182
16976
9999
4390
16122
6764
16107
12889
8551
3994
1513
9372
7072
401
18393
13028
9207
5096
5639
8552
9590
8137
17533
14288
2971
12835
16249
9497
11380
3701
5541
18546
14127
13168
367
16899
3351
3868
8565
19843
2837
5425
18427
6222
5446
13726
10344
3364
9484
18287
3079
814
5368
2361
17142
5538
7635
3235
2953
552
1491
8450
9539
18715
11696
1701
14773
17471
15187
14753
8532
3524
3772
13054
35
5324
17546
6428
8855
17274
1150
1722
11193
10753
17926
7839
8890
9882
8851
17333
13579
6082
13608
1147
5139
4317
1188
19602
17770
7394
4732
18273
4781
7140
6955
3992
11883
2599
18596
6687
10017
4630
4493
19076
1033
4644
17678
3844
15785
11336
3949
12131
13973
6169
2560
8165
19985
12961
11805
16674
877
11914
4216
901
11628
2910
16013
5302
6051
4599
8909
14809
6649
16997
18740
253
13508
9441
6143
18661
9680
19051
6751
2646
17896
15556
13780
9620
1179
10010
14484
10994
12576
3937
19348
3083
3518
4755
18984
15746
2065
7960
15471
5767
7537
7477
3911
5894
2699
16939
13934
4532
11081
17202
3651
6502
745
17363
10843
8617
17548
2856
3951
8577
17719
2043
5195
8888
11959
15990
10712
12193
10231
4244
5461
10523
8390
11062
16799
15195
14826
19271
9350
15167
2232
2272
10763
19497
19817
14399
286
662
7554
15238
9051
4294
14645
13025
2391
4828
15827
5666
7923
12853
5226
15769
16354
19349
10491
3745
17485
18789
18284
9086
12949
9884
5758
19265
19235
3534
5450
9765
11294
57
6509
5732
874
5887
16188
16945
6900
2621
10145
16562
19506
15788
18540
18037
3526
17424
19949
17996
3913
12197
14104
324
8594
11720
19413
3256
12228
3942
19169
15543
3197
19623
7508
11272
4109
15841
6323
14441
14568
3087
10331
16584
421
6770
15050
13507
10204
12887
6703
17127
14903
7968
12872
19686
10408
5228
14801
13351
12291
8698
18770
15707
1840
19830
17381
19484
7034
2814
9616
1036
12935
1817
238
9043
12775
4733
1891
9065
10599
6817
7937
17637
11112
13203
18547
8059
843
5720
13609
7688
18827
19711
12383
15190
8444
3664
6963
6498
7898
12310
1020
5271
16854
1190
5242
7272
11985
10554
12848
4817
1354
1977
6071
10029
1375
8614
19293
3481
17789
10201
1305
10978
4558
3021
11199
2237
17907
1443
18123
13467
18917
13639
17527
1192
403
13984
1942
7708
17551
16643
3639
3353
12738
15129
3459
11825
15399
15888
15272
3637
8776
12912
1385
9141
5975
18024
17412
9477
5452
17068
7880
808
17898
15198
11602
3302
14604
13687
10803
15295
10721
14713
13670
989
1302
19064
17587
12535
19193
8724
12917
10188
4048
18702
10652
8755
18456
11046
2145
6378
18201
1275
9230
7788
7845
3508
15724
15184
4737
12348
15642
1853
5220
8323
16484
14217
1248
17987
4570
19128
6122
11836
18916
12857
1752
11125
5562
6959
10850
11832
14365
7662
2683
11563
2182
1488
18245
16565
15863
16190
5299
5076
9750
6077
9835
3689
14336
6880
13014
9564
6291
206
19685
16489
7118
5706
10255
23
310
11134
7429
3305
878
9049
14794
10138
12378
14321
2757
15212
15879
19606
1178
9279
5309
5148
16498
18519
10058
11835
13326
6387
4678
4648
4311
12743
3564
14344
13283
13136
16891
10752
9690
18578
14815
15600
2248
17647
12282
7977
922
3048
11949
1193
12667
8582
10842
17420
11690
17782
19191
7902
13647
7630
2023
6801
3428
12894
3074
19133
18233
15093
13438
13940
8878
16152
4126
18986
9469
2243
4018
19175
15551
8079
14257
17737
9553
7282
4975
370
19314
9036
15330
7667
13978
17791
12732
16024
10288
20009
13613
15061
9711
4898
298
3568
1983
14456
553
8108
14271
16601
7207
12696
3665
13890
15092
18558
18731
1467
12762
8942
11092
14397
15757
14071
9234
13500
1574
6287
12742
15696
10681
15946
699
13151
1594
17307
19749
11101
14325
12981
13749
7237
584
16237
7295
12398
5508
8367
4021
6814
6299
14204
11517
2584
3281
6670
3032
14616
15004
3893
7103
19708
12511
14920
1307
3634
4666
12687
14503
5073
17675
18170
17582
16145
1626
14638
13345
7179
14900
12180
17736
3213
4554
6833
5714
1902
287
1075
7881
4931
15361
19992
10424
12370
16795
1846
8732
6025
13923
6289
212
19097
8730
946
14466
11071
3440
7574
7560
13268
4929
12523
14626
3423
17284
13221
18822
9511
4890
7053
2797
10086
7186
8491
6622
9777
7058
2641
11296
864
2342
17078
9920
8658
4175
8542
9424
6341
6942
7649
19378
9165
4083
2990
13701
9266
19976
6455
10215
4202
16207
15850
9140
15082
11658
13169
19672
9757
7832
10359
4832
5417
9491
8404
11549
16871
18828
5927
17958
6800
7116
4991
13272
14273
9983
2604
19898
5851
560
12968
17263
13895
5875
10560
15675
7475
12141
17238
11945
17886
8677
13545
4744
4128
5968
8900
5481
16061
13374
17680
732
15550
11724
11178
835
16757
2803
17461
17538
9399
4589
10315
14780
19406
15838
5532
11389
3894
6316
18407
17183
3694
114
11085
10854
4637
12751
19296
5913
6384
1564
3826
18005
14274
15466
15911
3011
9296
4537
18368
8174
3484
18481
5534
4353
12069
15044
10875
3979
7031
1502
18955
10219
1543
18446
10934
12326
3053
16543
2370
6653
15105
19723
19083
11987
2388
11734
14888
4963
12837
3767
3389
4987
10399
10883
11491
19419
654
18551
6013
2994
6297
15428
2429
1608
7458
16273
2941
2434
13486
16326
2826
8185
2119
1000
18370
5747
9674
17311
8355
4610
8238
17131
12861
7213
16676
11122
239
10954
9253
4615
301
10407
1508
9007
1808
6732
2541
2557
12599
4082
7175
10105
14119
8685
17084
16969
727
9681
4510
7828
10686
8068
4626
2069
14156
17428
4676
8476
14144
8886
4435
5897
8296
15955
6628
14878
9743
9741
16447
2868
13426
8210
10106
12573
17158
2130
14873
13642
16352
2137
16384
4606
11763
19864
14121
11634
14189
2405
14174
8558
10671
8970
7597
17744
1957
7682
772
3158
14531
4858
10224
8046
15682
2714
11152
2952
223
12649
15625
19006
11179
18800
3954
13222
5950
18392
14628
19301
2480
11228
12323
11768
15670
16246
6522
10797
1435
2835
6891
8572
6407
5130
5958
14952
19256
11136
6632
17982
7532
4194
15335
10137
1943
8499
2999
16341
4241
12602
5308
17536
13802
14414
9666
3291
2909
2901
3659
6358
6899
8117
6713
547
17324
11132
1361
16080
18932
7426
15472
13393
1716
2796
19384
16357
6550
15197
6113
8215
4845
1897
9819
11315
20025
19424
16774
15011
15182
4396
5610
7997
15658
9241
14207
17083
12107
7745
16590
7484
12686
16894
18364
16129
15491
5472
10673
14330
16301
19812
8828
18544
9984
18025
5761
15477
4894
17358
7515
13029
10639
2700
18070
7856
12067
235
14136
17925
3104
5762
6812
5396
16825
15458
8192
7799
2217
5836
12620
12386
18394
7965
960
5679
19418
17041
1936
10434
10272
170
1521
13050
10874
7961
4197
2462
971
12551
16831
16931
4369
3987
17070
2136
1123
5375
19318
14765
6321
2903
12467
5973
17610
7481
652
4790
12143
16303
17245
1485
970
8570
8960
15281
847
5248
18555
17698
3802
3627
11235
6329
13443
18375
9480
18796
8848
4759
5126
5499
13805
801
12801
2566
17682
18793
14419
729
4336
7047
1418
15344
1704
10178
19246
15336
6668
16905
2897
17615
7588
7883
3403
3174
18696
14372
2
10218
8784
4448
1363
6553
12249
13680
3692
6019
4295
959
6116
19322
7876
1031
14769
12274
14672
4452
14096
785
12506
9813
5989
7290
6219
6763
5206
9642
16558
17366
18844
14188
16697
4795
2950
16789
8686
14209
10320
4372
9287
3990
7018
2320
306
18423
852
371
942
11073
17706
5522
16200
18362
14001
1916
11715
15306
669
6718
8274
2291
11744
8164
12302
474
4914
7546
17612
19317
18214
7736
12733
10405
14756
15855
10470
8044
17349
53
16368
13047
565
5707
10931
7817
12032
9857
18403
9640
19596
1962
7551
10868
15715
10745
19410
499
11527
108
11618
15786
3060
1498
195
8893
19572
6161
10676
4110
5919
15773
6646
12541
1797
10622
7043
935
18213
19999
17590
12761
3402
10783
14556
11303
12130
4454
731
16961
10533
18262
19907
10321
14529
12111
6589
8800
469
16545
3823
13174
15607
3457
7861
534
9365
9699
18343
15545
15290
15080
7589
16528
16205
19066
18542
16615
14238
5867
16041
5382
3098
10377
7325
17222
3134
9895
18617
10626
16903
9554
9540
3588
15009
13150
8207
19764
19441
12349
5019
17197
14380
8924
11051
4364
2657
4206
1072
1857
3106
10495
18351
1630
2142
19793
14673
10538
6159
15792
18624
19084
2050
13732
5296
18494
18501
4820
19646
4811
2216
19913
8377
18743
11219
14284
16569
7910
8306
11077
19567
18335
13044
3822
1165
6809
18545
13098
5912
2161
9772
11818
11923
16385
14629
16588
12991
3120
15802
18754
19243
455
9598
20006
17319
13310
5555
17909
1762
10304
11741
10413
13428
4705
3733
2431
14693
5152
12043
6986
2548
2112
14828
2527
7402
2886
7746
4191
16608
13983
7698
7661
12771
16979
11295
1076
6839
5418
19244
6948
2156
19698
2096
3972
379
7420
19127
16675
10984
3347
13637
16184
5433
10612
2120
8758
9205
1554
17010
5485
16486
345
15561
17250
14879
3869
7849
9411
7815
12209
12888
18946
2924
15091
1684
12089
7353
11870
18901
12881
8118
7199
5763
7190
14416
17956
15381
11131
10346
11607
15666
12487
5239
19149
924
11778
11846
3028
10895
9878
13291
2403
18944
4958
11480
19363
4205
7310
5205
16378
5178
14226
19028
20004
5147
74
13867
7940
17831
10634
12885
7463
1874
11107
7797
313
8578
18289
13666
18488
15806
493
12630
11780
18801
7816
10358
7195
19832
4734
7669
473
8662
2205
2951
17331
2934
3986
7959
2760
984
8879
12083
14015
8071
15304
13562
6234
9071
7111
17526
12342
1239
18708
14977
6230
17454
487
17123
14500
10811
7200
4674
1953
4702
14100
6008
4211
7218
8766
1230
5340
11649
5764
8343
8253
6957
4992
11815
2019
8715
18626
9153
5146
17448
7232
7060
7510
6307
3233
7547
6392
6010
7125
11970
2986
1934
13034
5065
5256
7963
9532
9792
14984
12676
14987
12712
14708
2710
5230
19537
11292
7064
13840
11246
17375
10808
4096
3671
12024
18918
4728
12678
15357
8930
9142
12799
1477
13459
793
7586
19826
3722
9829
14862
8804
9225
7180
11285
8150
4805
1524
11114
19464
15672
3116
2805
16923
16021
19270
17571
17293
15325
4411
19388
14943
318
6201
12734
9152
17167
6353
8945
17266
5540
15071
10547
18044
1638
11281
15229
10759
15157
882
3203
16151
4827
17880
7639
9119
14000
11218
146
12100
2672
17971
15932
4033
6422
10579
1971
6968
2582
18737
15145
1348
19578
18161
19782
9414
1120
17347
2152
10104
16049
5528
16863
11902
126
4075
13419
4392
9801
2721
11847
9840
8370
17027
7326
148
12899
6355
8201
17092
570
593
9629
12044
6200
1298
16717
13362
19080
15613
10370
14699
5760
16082
5641
5960
5241
12461
8452
3416
11650
18151
14908
4324
1015
13250
16600
1290
4789
11996
11501
19627
15000
5427
17112
7176
8814
764
17756
8126
3182
11370
8673
3283
8975
19027
15277
18755
4379
17180
13296
12300
9020
18570
19094
2628
2266
9238
8744
12099
11270
12247
12227
18698
6303
13839
1757
19298
4994
735
13784
1478
7989
1325
15890
11874
2131
13517
16440
3618
12941
2285
8884
2377
6330
19036
1258
4996
2605
10609
17246
17809
6650
134
18453
3687
18807
11148
12116
10472
3897
5725
4672
3629
14063
13013
17489
