14298
4809
16254
1028
19803
3530
914
252
7472
3086
19867
5043
13810
669
15020
352
17336
17390
16339
759
10821
5013
18552
15782
16335
672
1474
3009
2044
12348
12223
2181
11330
11400
6068
3008
1422
6134
5847
6782
7652
13302
13772
12599
16344
7488
15668
514
12939
17474
367
14037
7996
11818
638
15261
14244
12612
19375
17804
7402
18751
8283
6362
15402
17931
11712
1021
19599
17738
583
11260
12029
16398
2732
8573
10008
3201
17903
8256
8643
10010
7289
12506
15100
6406
19127
18048
17224
17317
15593
3779
18785
1792
2995
13034
2259
14623
18432
9320
11185
10304
1877
19139
9992
13686
14358
14669
13604
14174
12094
7759
21
10443
1386
19351
15221
18478
1389
9271
11906
14067
19780
1831
15395
7216
15965
2127
2783
11033
6716
14567
7972
16409
17019
16696
9582
8597
19453
19
18929
9417
17217
10149
2876
12323
19830
8539
1000
12721
2008
2010
18746
12523
3006
15841
4629
6552
5378
15701
7781
7435
11719
4470
15993
16540
10690
12972
7301
13323
3366
2059
12285
5664
2581
18794
18591
16670
13116
13770
8829
3690
18033
5923
10538
5514
14520
1691
14626
6365
19671
10623
4805
16586
16626
5271
4235
856
3606
19106
9879
19049
13373
16114
95
13783
6266
16269
7344
6481
16628
15981
4143
2713
253
4767
17380
8094
19419
6383
11355
3913
6235
12345
12437
13083
11982
5479
10212
5294
18625
2277
9361
9394
18818
146
17573
15615
2811
7572
17060
18175
40
13057
14898
1329
19342
8863
4050
7113
6449
5418
6198
11383
18072
5655
16550
15568
10303
10893
14312
8603
17316
13041
12205
14502
17652
11450
9178
13894
17366
246
7127
13752
17441
18016
8897
10101
11668
6324
4210
8282
16830
16885
15435
13369
19883
16724
4302
16237
6965
8402
15849
10922
18416
2387
12331
15910
8844
9440
1569
19909
12261
7526
8954
3305
377
63
19846
4757
15250
16544
8374
18998
5643
13913
17180
18580
3866
16153
19137
3972
19159
9989
1244
7060
1489
14439
5297
16549
18388
5791
4890
2990
13786
13436
9144
7861
14382
13684
2515
10238
11589
558
2541
7159
3330
16381
4289
17461
1442
9246
7819
15788
3236
13007
2587
14371
12017
138
18103
6544
4297
13103
8911
16705
15413
19277
10440
6935
6445
16291
15699
5004
19835
13856
1257
9825
7136
6432
3906
15423
3090
16097
6834
15951
11446
19615
5615
9014
10000
4953
13825
4983
3786
6482
18835
4150
6992
19636
3205
16117
6785
704
516
13729
15332
18383
10834
5446
18848
14926
19488
14130
14419
15748
17979
6667
9074
19939
4848
5438
6167
6885
3419
3869
13925
8970
19089
11341
1051
11101
8936
17730
10244
9243
3620
16491
7172
4788
11285
20042
10012
3463
18878
2786
6093
15768
2034
3595
2947
1399
13838
5708
17482
3290
6162
9741
2058
18655
8316
8112
8939
17335
5152
15458
2728
8025
12125
3621
2383
18407
16794
19448
19556
17840
13269
2592
13078
15406
8007
18264
6617
9386
13620
18042
15866
3679
12221
264
10168
6780
6517
11586
19669
17334
7559
18180
11571
16223
6193
11092
9402
3701
12867
5850
10529
1979
19451
657
19011
18441
17965
10604
3272
2431
11392
16792
15796
3863
1840
2688
16209
5765
4012
10863
5852
2810
6036
19896
19023
2934
1805
10686
3117
3076
14425
456
2055
744
13719
1512
11227
6967
5646
4936
593
11472
12102
3738
16104
17936
149
10115
6880
4822
10298
11883
3263
10448
10030
16107
9859
13458
18716
17325
1376
15304
2224
14799
6676
17264
18606
7426
18097
9055
7714
11017
16901
1918
11933
19094
13672
4575
174
19298
18057
11196
6595
1991
12304
4091
8338
19017
18398
8712
9665
6333
8015
17787
11431
11752
7156
5042
8682
2763
5733
15404
17104
648
8382
18825
8850
19639
5599
12111
1507
19929
677
17003
18679
3994
270
4049
10759
19336
18129
2314
3955
3278
13108
19741
20004
4827
18901
5641
19075
3383
6372
8610
15534
16858
14427
19984
13681
15747
10393
17798
4613
13054
18927
9817
2897
17972
1176
6148
19266
16139
5872
7988
10456
8236
16892
16443
7916
16535
5217
17873
15571
1504
1722
5470
19133
11885
15540
783
5722
10788
8454
15084
8192
6313
13073
7951
4191
6510
3248
10182
17402
561
4760
5176
1470
16855
11713
17094
5518
6227
7743
4160
6596
13264
3261
15488
17263
15161
10280
1787
16090
7816
2816
15263
2537
19868
285
9323
8172
18933
10987
16700
16708
2951
17922
7274
14680
18014
5461
18327
5298
5440
10703
18877
10551
19895
11634
12163
5785
17483
18953
7931
12787
18536
18646
14670
17330
10041
11385
16880
18983
7598
16542
7096
5159
5320
5474
14193
5421
2186
3857
13263
11252
13326
9415
12546
8271
19924
1525
8360
11954
8370
13475
11354
13522
9923
18105
16869
44
11232
3777
4739
5429
4022
13067
14595
11644
14008
3616
3791
14208
13363
8417
11554
18834
12045
17130
1659
9760
18686
7219
9298
3058
9660
8434
15174
7279
19641
12236
19597
7576
8871
8011
17062
10239
7788
17515
5259
13813
10430
13287
14200
17788
16081
11734
11768
2910
7962
13910
3452
993
13701
12429
1693
9481
13260
2778
5198
2552
15310
3663
14612
4906
18513
7567
17800
16886
4630
19302
6673
6901
17045
9217
6767
135
7088
4070
6281
16778
5738
11430
1720
9732
17563
4864
5099
4762
8663
1695
19003
6976
9721
19443
5811
1502
16764
12310
19165
1485
9900
18248
6144
3143
13791
2070
4554
84
1546
9822
13546
4624
7914
20009
3528
5933
8612
18658
11164
11684
4077
7655
3814
7266
5888
2548
11859
12231
14167
15476
1907
3000
9123
7941
8548
16982
10325
8290
7249
18226
7393
10457
7406
9575
4025
5064
5315
4778
5306
13743
19886
11605
3010
7147
15141
9802
8084
17198
11273
8537
12350
4603
19607
8878
17896
15828
3378
7272
17674
3730
4202
15751
15603
13388
4127
11107
14266
9679
16539
16273
15783
9947
3525
14797
7048
7399
16744
13266
11099
19926
9823
6645
2677
9431
10801
4428
11322
12466
4229
10461
8687
13485
5925
10194
9893
4498
17879
15184
12637
18681
8885
18891
3309
12049
742
16326
8137
1782
17164
12496
19767
4273
12857
7840
9111
18971
19486
1400
1392
7040
13257
10385
12209
12301
15888
14362
9855
3302
4555
8264
11448
2443
18631
3322
19292
18108
12665
933
5187
10016
9908
19540
8703
15819
15732
18300
16526
18414
2265
18974
8034
12358
4691
4211
15505
7451
14745
13262
6854
15833
19474
6827
16932
11844
10653
12233
2223
17283
15667
12459
4615
3739
11030
863
7168
10157
2697
13450
2276
17328
18006
480
12927
13831
13294
15627
2220
17916
17175
16378
1014
15264
14815
6342
18222
16366
5979
1356
547
17469
771
12887
15384
11015
1833
15085
17653
7551
14317
11851
4063
4485
14118
6703
1144
3359
16922
1124
7924
13022
2700
13724
8158
10291
9130
6773
9645
8615
3793
3301
14896
4272
16906
17340
4195
3258
4934
19470
6084
14019
11361
9804
14753
11502
15923
16751
6468
14133
10148
12774
5389
126
9316
14974
13058
3804
5347
12182
11151
8895
6754
2558
9333
10241
9531
1964
18113
14915
2461
1859
1827
12847
17208
1962
8004
15614
15364
13574
19357
3369
6655
3200
4510
1209
19460
16513
11082
13044
3995
16640
320
9878
16023
16680
3133
12173
3184
19328
7873
1295
19733
7439
526
10658
14357
8684
12885
19275
2158
17754
8889
8058
5500
7118
7085
2955
9019
5739
14451
7596
4817
241
14476
11268
8686
11298
19116
1801
10478
4987
1919
18415
13218
16895
7075
9416
17656
10856
2638
7363
7139
19269
7712
9580
19362
18830
7470
2725
18808
9061
5600
3756
3413
5246
18313
10840
15340
15284
11135
14740
12628
11764
4558
2973
4122
6644
12773
18450
13451
17422
14842
5911
20020
6274
14708
8543
16688
7760
2310
16585
6188
3092
14449
19248
12447
12451
7020
7626
9753
12526
10977
83
5675
6968
10486
6423
8894
15365
14838
19862
12357
15455
8149
5672
17540
4411
6821
887
17608
11745
3313
16529
19601
11955
12603
9071
2550
7719
14689
9206
6508
9253
6546
10285
14951
19619
13959
12902
14864
14188
11683
110
18739
2632
670
18316
17285
3131
15680
13181
15035
822
6677
17661
13645
8963
5375
5077
18529
9937
8146
18273
19656
16769
2570
12977
18868
16749
15950
18615
13336
19942
7414
12759
8832
8637
13822
14385
5471
3987
2263
10875
15125
11032
1800
7653
19441
11691
15912
17941
2809
1159
14472
2491
17331
2483
14640
4084
16236
108
8212
8133
2874
7546
7467
19708
8467
133
15857
8803
3676
5803
6303
6074
4671
14517
13018
16429
11300
8734
15274
5782
10874
9637
4883
10317
14240
17747
1202
12065
15374
17275
4355
11078
2695
7299
11353
1447
14143
12746
7587
10827
7250
3952
19481
6046
4142
3173
14786
6346
18265
15957
15345
4198
9300
16551
16810
4695
13048
18516
6598
4949
15101
689
2303
9790
10034
14678
1493
9696
12189
5921
9314
17592
7332
16098
19816
9484
17030
2758
3060
10279
10009
14831
16054
11675
9156
6223
448
14565
13943
12013
17849
5031
4529
11866
10201
18991
13081
5710
15481
2906
4444
1943
2301
2911
582
5712
19134
13864
13368
12730
13359
773
177
8949
8046
11205
18700
103
13331
3617
2768
13472
13217
13490
2204
8363
1394
17851
16872
13575
15379
6044
13001
2878
10876
956
16472
8868
7675
11391
1723
15959
6499
8794
6405
7615
4940
10794
1203
13878
19688
11002
16402
6385
15675
16132
11459
6081
13387
12946
6078
16541
10267
15674
17509
13565
4324
17671
16559
16825
8833
2746
20017
1905
9495
11636
6094
8122
5487
19225
9091
16623
14824
3364
8944
5366
3918
15987
1537
4918
14524
10746
8038
8144
18886
11920
4928
1592
19704
7224
4863
19114
15217
1284
10894
12608
6615
15317
14487
1971
14333
96
18368
15556
3900
14522
14911
3087
3747
13965
17212
2650
17852
13557
7584
8414
19041
9357
14289
15496
2852
3323
6927
16659
17966
6307
6440
14328
15860
18419
13888
14152
5506
3033
1354
14160
6154
16687
16227
9705
5143
15971
9619
7588
9713
4699
16887
5554
7970
13506
14466
17633
10087
6698
3019
2170
15360
16404
10785
7514
13723
11582
15905
17967
4780
14717
12843
1554
3025
14787
5857
17609
6886
19371
16653
8381
10664
15611
4369
8053
18232
4360
17136
17210
1667
11687
19241
3244
1378
17762
5119
7549
8441
5759
3761
14801
18714
16831
18075
2930
13345
7208
11203
13731
721
12277
9279
18255
13980
12032
19997
2619
12190
3203
7479
15300
9404
18705
17276
2870
7901
13414
13084
4413
10809
6650
2960
4366
15120
16594
1196
12691
4681
7223
1277
9773
2042
15637
2073
11003
9925
11414
3516
7529
17610
5536
15151
9939
18212
19430
5946
12801
9371
19588
6753
18934
3581
6145
13470
9826
8859
10220
4041
1130
14844
13094
11000
19015
6479
1496
3539
6247
4738
10708
184
19892
8404
9504
15047
3306
6470
17906
14050
9971
11984
8362
18080
64
8171
13422
13405
16032
4203
7025
5200
2033
19097
7708
8423
5845
4233
3643
6332
13468
1900
2190
13617
2150
782
2397
5009
11141
781
9848
14633
5078
5094
411
14161
6309
8388
17226
5773
429
18726
20002
2618
17160
19393
1683
2487
19326
7565
2726
3945
4958
7625
5601
495
15584
7513
19233
1032
5296
9382
16388
17215
17016
8272
1249
19954
3262
16935
16031
8672
5984
1201
13407
6452
13209
15735
369
1189
15901
9788
4175
16603
10092
19386
19403
7347
2999
16645
3675
16943
11748
17037
5776
13353
15074
9480
11419
12022
14305
17835
10084
9703
4282
7370
7093
322
11210
2332
13177
19278
6072
9830
5612
11039
17725
19695
6244
3985
4062
12558
17473
2242
7566
15129
17437
11569
868
3989
1357
939
1122
6871
9965
17546
16515
9966
1846
10754
1405
1990
4924
3230
1749
7887
7313
1797
19307
18612
6194
3876
9598
8072
8121
19593
9702
8017
13693
13963
16294
14798
5835
10610
4774
16514
7104
14981
19613
339
17368
12385
17557
9102
6304
18587
8883
13089
14777
6721
16283
11253
18543
4375
9124
17773
14916
7902
5565
18651
6052
13299
19304
13654
15302
10877
3485
10756
13176
8656
12351
3229
3628
6955
7146
2016
4372
18413
12666
1582
17332
18053
7603
4306
109
6477
1081
3547
4218
17145
1114
12942
15956
15559
16141
5290
19450
8076
16960
11236
19955
3234
8591
19749
6421
9621
11390
6232
16663
12559
14112
535
1344
19426
7242
828
18405
3343
9033
12917
1761
19398
17262
1084
2899
366
8623
1494
19271
5624
5511
7532
15999
19666
11140
10547
6567
3561
1375
16941
16800
717
3685
17883
8763
15050
1685
13101
15767
17426
13503
14375
16436
16847
17955
2141
10537
13228
9725
8073
17632
19316
12347
10775
17186
8855
361
2689
4542
9485
4416
12502
5432
470
16412
12487
13507
11987
8744
10099
8635
10517
16352
10450
3511
9051
8961
6079
15789
17415
1966
18337
1986
1516
19344
18377
3114
6847
12861
18866
2195
5254
18879
3319
19842
18471
1611
10383
8842
16189
15756
14790
4285
8488
1714
17445
19860
6035
19111
1054
6166
10899
8777
3062
17627
16359
13399
14043
17863
18758
5502
12830
13149
13554
7034
17583
3591
13493
13845
7169
3187
4549
14686
5095
15525
1075
6401
8075
18152
17588
997
6634
10080
15156
2052
8000
2082
3296
4215
17468
6641
2133
4097
8408
14606
4614
12248
8976
16846
8556
18018
9410
4326
10779
5409
16747
19517
9240
2959
18084
4166
13028
1011
3753
3396
18730
19871
8835
3389
6941
19843
12144
3862
13339
16741
9764
368
14166
584
2657
18262
1705
11870
9474
12829
1216
18501
7987
8057
10295
17839
18219
9173
5676
6009
19631
334
14156
17558
13834
15386
2503
18141
13860
14137
101
19526
4674
11020
19627
6360
3442
1977
125
1063
12493
16616
3495
10301
2382
17105
6680
10437
7163
18442
2419
13780
3967
8291
4869
8193
15636
10695
179
18032
18123
14120
2916
838
19661
19312
19503
12341
7552
5804
893
785
10318
12966
4929
15715
17000
18745
15459
16949
12088
3693
17956
2239
17449
3486
1381
169
13946
5967
10355
10826
3610
11845
14453
15594
10351
13849
17688
10515
12346
2316
14339
9172
9829
7389
4783
17326
10662
8644
5660
11352
14917
4496
5792
13382
19833
14958
9437
13203
2727
4423
3423
696
6130
16311
5406
16229
8337
2102
10557
6007
19898
1894
19991
11715
541
3406
3387
12619
8106
6120
13911
15754
8985
7290
18525
221
9613
11614
11657
18091
8953
13259
5149
1706
13826
215
11095
4115
12272
9938
18423
7125
13189
2126
950
530
5463
14823
4880
6979
1072
4026
1278
4904
10129
16210
13936
18466
1497
14437
6498
592
3583
17159
5652
12797
13220
5494
9136
4426
594
19759
2804
12662
10774
16133
6137
6937
19574
15894
4477
7801
7097
5131
9650
1844
8502
3716
767
19492
2756
7751
12120
3957
2696
5856
11842
19527
16259
18430
13037
16702
2381
12779
2649
17578
12379
5454
18173
15808
18832
958
6339
9812
6316
18781
114
1346
1280
1970
12312
32
10772
2236
4046
14691
15917
14062
4508
1732
16908
13247
10308
19978
12540
3074
8716
11971
7963
7699
17305
8877
14212
15134
12875
11996
11948
3806
11026
2798
4267
15553
12490
14407
15075
4638
45
1988
8709
3395
4409
5501
16248
8984
5567
15464
15352
14284
11248
10614
12851
8056
20025
6691
2694
17581
4064
5640
5838
6283
13169
1402
7899
1479
3348
17181
12719
14593
7952
10565
11679
18775
6688
15445
1676
3436
2504
12535
7851
2808
6652
13674
1926
2938
19700
11599
4957
18565
1857
8410
1878
6705
9654
7623
18894
17066
3185
15610
256
16583
19566
7804
8169
1360
15679
14519
12655
11271
10839
18319
16430
19136
12956
14814
19356
467
1998
17513
5174
4275
17709
3960
870
17828
18251
19519
14943
3510
15670
15871
10627
15089
11777
9849
18213
2371
5351
12402
7456
9489
15353
11008
2185
17535
19788
19640
6126
1704
532
5586
4998
3157
11595
12705
10947
13309
16611
5477
775
1906
16052
11853
15975
12766
12768
2109
16838
20037
11495
13721
5452
9072
11005
16464
8771
4213
173
14141
1347
17269
1294
16346
18094
17528
19626
1644
1302
2979
12500
1725
14458
9325
11432
7811
1624
15495
13249
19009
11458
7537
19247
12541
4927
5770
3968
18003
3069
13448
1947
1940
11648
1083
19212
9684
19083
7247
2590
12200
19339
5560
15969
10019
17779
10184
9203
255
18849
13702
19502
10778
9380
5324
8469
15443
6107
12420
17477
5264
1127
2293
16957
4107
17355
14349
11294
8066
8225
13961
5621
15949
3045
19310
13170
14710
14962
10757
16916
8443
602
18349
13523
4162
5336
15944
8631
18459
1993
9891
8214
14102
7880
9959
4103
9994
453
12913
9183
39
5538
7463
10846
312
17088
4824
11669
1199
2438
7191
3023
4293
3016
10814
18390
18510
4078
266
14455
8044
2905
15770
6306
14213
7808
15996
17342
426
3433
7408
4385
17015
1158
16466
14498
715
9200
12456
6913
17665
8721
6192
11347
8852
8864
10105
12989
17247
4509
12592
6748
9555
11278
1699
120
11564
9814
9712
12973
2333
13538
5276
10700
12307
4663
13193
12208
14314
10693
18749
13072
16239
8244
4917
17382
19160
8815
2701
14902
12578
2762
7306
10059
8134
1822
5863
3425
4568
17820
19899
16812
5917
19541
19777
6495
15054
16181
17613
17471
10074
16038
2669
12810
3904
2084
15017
11770
15652
17740
5202
13110
761
18315
14442
848
7441
9158
14584
13545
12418
10702
16678
14924
1016
9337
13815
13662
3599
1483
4343
14283
6669
18447
12480
6734
12286
12199
0
3494
12667
379
14516
1404
9234
15882
11874
3190
12771
422
574
989
905
4349
13757
284
14225
8184
4873
2307
3874
19289
17043
4999
2895
9599
12580
9972
12187
17266
15712
1694
9456
18492
16166
14722
115
19175
1506
15903
14602
1931
5965
18869
16716
10644
3764
17076
6636
5757
16733
14775
859
7659
4838
17489
2111
3336
19894
8240
9184
11045
19382
2946
13890
15405
6514
14246
2171
9553
11281
15283
14441
4036
10329
3632
2235
15006
6124
8795
18364
8566
6195
3498
436
10249
2672
6106
1682
15533
6220
3889
2989
9290
1740
4497
5124
7923
18089
14794
17957
8131
6663
8714
19948
9502
7474
16844
164
14667
1452
7875
912
4377
16051
749
4628
3536
7026
9254
2974
8185
10389
19021
9630
5178
3350
19960
17274
7151
5424
12748
16399
4747
11776
14488
5478
3398
16427
1983
11952
3689
4952
5358
1637
8739
16228
10224
17201
6415
19560
10617
7589
1565
3855
12876
9059
6060
14094
309
3381
8221
6443
5942
11485
4493
12893
9393
9262
7756
3177
617
4779
7803
2788
14615
3926
5584
19368
14945
1997
8420
3407
12397
6923
15381
4007
16068
3593
12137
12916
10918
13356
10530
18214
20034
16576
9288
14096
46
5111
5136
12100
9574
12531
7132
7764
8654
8585
13167
6658
19035
15444
6037
12761
10371
4406
10202
11965
1019
17391
18592
7679
5207
1605
8343
668
5720
5849
19482
15745
16703
11929
1602
8530
6718
10735
10274
14809
15331
8841
14387
927
15995
652
6011
5909
6712
11850
16446
14
1206
1660
12944
2569
262
12660
576
3853
11799
15809
17041
17508
18291
5731
890
1231
14985
9643
16496
10720
9218
5818
18027
1017
8758
19370
18068
14191
15257
9306
7063
19658
15785
16509
16345
16307
8305
17759
10691
10630
19333
17761
19819
17295
5059
8292
8215
9005
17539
831
3998
11116
3297
17230
1160
1220
11947
7832
12492
14042
8458
19657
18137
1131
10853
19345
4693
17753
8266
11277
19536
5480
2394
17392
8630
17571
18499
9689
15892
14154
3342
8219
18643
12636
5110
10343
2894
16912
13596
18116
18583
19668
5952
7550
4068
11451
16754
18864
12860
7674
13291
4887
2966
17526
12848
7886
9596
12012
3826
16958
4193
4849
14131
2080
19447
57
4678
10484
13875
6852
8426
2372
607
1774
4253
3749
8107
17887
6837
15763
18411
14543
11655
5227
17802
1804
12621
5696
14825
15368
10482
3212
128
19504
9455
12511
2464
1154
3618
4541
8005
3360
19911
14711
15644
11727
16029
797
14259
12002
6390
18056
15428
690
12833
1140
19170
13100
13895
6896
11662
11057
13846
16231
14183
17450
6502
9570
15121
3570
10128
17345
6219
5997
6212
15498
17522
18012
11891
11262
15492
12676
3654
1674
1463
10668
10095
4422
14719
7181
3399
7346
4606
19649
6649
17734
364
4742
8353
11545
5628
9587
5830
12671
18627
13250
3167
9283
18985
17087
18648
7905
19717
13441
7577
157
4261
1784
19596
18996
19731
10688
13109
4861
3948
19311
11465
7369
8461
13830
14607
16606
10082
9870
9041
18596
8246
12734
6922
9054
1920
8697
18509
18261
5105
10817
18174
14287
2954
16554
19463
5466
11624
4994
13978
10277
10651
16787
2543
9670
9070
12770
13197
1348
11302
12786
3965
10558
1256
3812
7786
2846
16824
6373
13928
11202
3820
9368
7772
14363
8114
15727
8234
10404
12479
19718
7148
11468
17902
8487
548
8796
11321
7180
5673
14658
8598
26
14286
954
463
13104
10621
4148
10324
2273
2822
1027
19748
326
16601
6862
2879
19053
1967
17142
11507
4973
13590
18171
11369
10819
3179
2218
11536
13819
4392
14293
15579
7877
4835
5735
6962
11931
5522
6868
16262
12426
632
16219
2915
1941
1341
13675
2090
5531
2903
15072
4576
8945
4974
6519
11482
2348
4006
2626
15916
15024
14076
17998
2315
2651
14531
271
11217
4034
19829
14391
11671
10156
4712
11711
13521
5955
3614
4653
5608
14386
15450
5626
9439
5561
1595
14420
9715
15904
8333
204
7388
13573
10189
11739
6018
4171
12742
10119
2254
20047
5230
12478
16452
13612
12855
10895
15934
1047
11349
13726
15510
5559
19055
6257
12054
3018
5097
19796
9066
7042
4459
13378
16634
12297
4121
386
5873
12940
3559
2997
17126
15173
17349
2342
4365
12266
18454
16923
6158
2400
5795
5293
8812
17644
17231
1374
1803
12814
6576
18200
4986
6403
12201
4680
5525
16056
19085
2843
19533
15551
2219
13
15182
19404
12353
18329
1343
18392
6020
16106
16866
9170
3242
2502
4173
11508
4096
8344
18558
1005
16914
218
13953
17810
16076
5796
11997
14304
8718
1020
3164
5312
8286
7654
17552
6159
4230
16232
1143
10983
12274
2463
15609
14468
4570
8061
3775
1139
6956
15669
12107
9869
9155
17073
5018
19376
4808
3785
15967
16177
10481
14555
13486
5275
13673
3784
4734
975
8536
18820
13366
5449
6778
1432
1135
18155
651
3048
4139
6190
6832
14230
12175
9331
3014
16845
3608
12820
7783
5428
17512
19976
4071
12290
19852
14766
10585
7099
15978
17518
5279
11198
4715
17400
8101
10626
9513
10379
19341
5771
4408
16406
9423
12844
5118
17918
8678
2953
14637
8081
11010
483
2750
6951
7052
2350
13970
15183
7367
4298
5492
2740
18286
8083
7648
6116
20019
11410
7137
14739
19024
5953
3145
5437
10811
5573
10619
9304
2706
5037
11197
6564
11588
498
4889
7780
18633
12160
19961
2748
8820
17695
12704
15596
10528
16796
16646
10469
10842
1092
3661
12659
4246
1460
17333
7612
8199
11629
18519
12005
11224
16602
5122
15524
9010
16527
13360
15778
4544
15523
6825
7387
15823
14685
16729
20001
18331
1304
13157
14004
13839
5622
3931
18352
4098
2495
10141
10564
10064
9846
14571
4158
16722
3465
1594
3982
5658
14064
4984
834
13465
11942
6966
5319
5161
520
7911
15420
884
6256
8311
11366
2086
12620
17119
862
4717
15421
13945
16899
3349
3475
9841
7130
17917
17123
7643
14523
16898
18986
5469
1236
7155
19167
12943
65
5397
11167
1177
4066
11190
13074
19331
14484
8398
5100
5743
4591
6647
6759
11710
2627
17324
2057
14630
9388
2991
6042
11315
17488
8935
9330
17646
2053
17850
4979
13434
16853
6215
14891
8746
1802
3434
12684
17809
3854
9366
5969
10507
5023
8096
7770
10970
17752
9913
12278
12772
14196
1330
12295
11653
14878
2948
4500
5141
18138
14501
10760
14767
8224
12690
18573
12413
10116
18921
13080
16122
8259
3825
12072
1132
19794
15474
2189
16490
2753
949
18373
5258
6608
17143
11231
6761
13852
13745
4089
13971
9443
410
11729
13392
4831
7453
18145
12525
3329
19757
19122
19663
1630
3193
15104
16185
3291
11147
7569
17801
13425
14465
19827
11510
18984
17827
2071
6727
8117
8052
18889
9910
9210
3118
16075
13547
853
2747
3300
6366
19575
4262
5130
18340
6708
17112
4566
444
2752
1819
16604
15600
13990
14695
16573
4567
8380
675
5385
19930
11118
16008
3659
6943
293
16947
3161
4599
17413
13771
9880
18002
254
6463
4645
9180
7070
1024
16571
13642
7846
7133
341
18369
11960
1570
19156
19060
2146
15160
10835
15780
8881
13062
19418
424
15694
3816
11479
709
1440
1709
11627
7476
16498
19913
6098
8232
7976
9038
18394
1309
9073
19005
18092
1753
13829
2532
1117
9063
11275
9538
17648
10659
14934
4094
9862
15935
2575
12856
15077
10982
13140
16413
19145
12626
19183
1225
9856
4279
17097
10090
15653
17821
1425
11720
9107
4467
5386
4737
12653
13807
9143
947
1871
10473
12455
15587
8018
6786
18829
2655
5670
17572
2939
833
275
16016
18727
8139
10387
3268
12516
5236
16115
13306
4281
789
718
8008
12318
7396
10606
19734
8786
4723
18121
13599
872
12230
9492
18500
8638
650
8067
13799
14805
3235
3597
11166
7452
13748
17012
19713
825
13818
10962
314
4556
5991
1089
18661
18611
19188
18285
6492
6765
18689
3257
17603
4733
19672
9205
182
1311
11798
12567
3833
15862
10005
7445
13784
9069
18533
10323
6528
11638
1204
9285
14238
19818
12180
12067
4665
7630
11969
4602
303
3991
5740
38
8956
18354
10121
6928
13092
8547
18475
16265
3091
18242
11332
7319
9089
722
2174
6954
19889
9028
3044
8766
13656
7830
5425
3286
2770
2645
16674
17214
5357
4119
13566
11435
8180
11950
267
5457
11378
16852
16772
13234
5871
1777
5346
12998
18290
15056
3552
11930
14952
16951
9273
13207
12470
3930
7821
14147
11606
16290
15142
579
10020
3404
15224
12007
19353
1501
14316
7818
3484
16034
13431
16605
3240
6048
12695
3490
4756
6933
14730
2850
1548
13571
17259
2337
17475
5690
10109
58
934
18176
20008
11375
9116
7107
416
8043
11591
5794
1345
18629
1515
17897
1688
3303
16667
9936
19665
16123
17300
6879
10412
8851
605
15055
18622
8164
17320
7214
11785
161
2914
3394
11747
2187
8510
13327
18106
3437
14712
7658
9669
19874
11324
8625
6222
2596
11809
10085
13412
6686
12249
3095
18445
229
10431
19378
18305
16863
7631
12953
8772
8455
18706
10178
4960
12985
16190
9047
6983
11611
14054
1085
16636
16534
392
195
7059
16363
14414
10315
11779
11046
11911
9663
17735
11596
3947
13949
14700
9148
5244
12048
17412
12134
14370
8546
4682
8840
1717
16101
1219
16094
6187
9578
19150
9215
5613
2827
12638
3627
16533
17948
11280
5687
14920
529
14052
13689
1098
14417
9501
4448
7981
4418
19832
15746
16170
7328
11336
15470
9655
85
5427
17726
8717
3050
2928
14791
4433
19750
6982
1080
13091
2889
4617
18899
3390
5614
9179
13622
3066
13365
9820
19072
18962
7079
5630
1751
5842
2845
6091
10058
13533
1191
18338
13444
11612
10981
16804
4981
13543
16407
13226
8480
19755
7691
15977
12901
13325
2554
4505
8281
7985
209
14773
19985
6141
16251
13252
10866
11165
5617
19207
3287
586
3123
15181
9755
19173
19002
16004
7442
10200
4781
4718
19408
4992
11439
8651
11631
750
17689
18197
13753
17564
4962
11697
9763
15486
17388
6613
2981
18704
198
13797
3501
4476
7334
11576
105
5620
1564
10150
10917
4427
4771
6469
18131
10460
3188
6204
16776
8231
9403
3159
10185
12710
14087
13381
7490
18438
7747
19869
5828
5681
7618
1258
14634
19263
15335
14741
6008
451
4417
7509
5483
18604
42
8332
19321
12982
12453
15487
8779
5039
18668
1879
6587
14490
18900
14400
2559
8927
4683
13924
4676
20030
14173
7744
13740
13835
2767
1184
5678
2429
6665
871
19410
4966
13132
3370
4204
10860
19192
18872
17239
13121
447
1950
5468
3353
16021
18597
1648
20048
11562
12685
18001
8248
10847
3438
6263
7938
1218
7849
8019
18460
118
1975
9352
4651
10865
18100
10694
3590
13984
4100
6425
11442
17011
1885
13667
2144
13600
14276
3939
4325
5680
14464
2571
10216
4208
15539
2716
5283
9521
7045
11685
6022
4698
10395
3888
13394
16417
18581
7789
7815
14638
8037
5900
12391
841
2334
3568
1888
11037
19103
12613
6377
8814
14560
10110
7383
6963
19064
6353
8989
12092
437
15720
9448
16654
56
13308
19870
9426
6628
4795
8002
18914
11520
5639
18410
3174
17131
18857
4294
7466
911
11887
3522
11085
19438
18235
12627
13767
16578
18083
14609
7434
15626
7284
15298
4504
6358
20016
14697
8095
9622
15430
11041
10467
14784
10296
6095
10154
8006
13732
17249
2339
16060
2066
6572
11084
3166
476
3441
904
19681
2450
12445
16924
4308
17694
4686
9152
12922
30
10052
14953
12157
14308
5138
1923
9356
7857
12425
9436
14412
13694
15110
7778
4361
4458
4479
19262
13887
12404
19442
13827
7638
2074
6534
19216
12031
1892
15854
17372
2401
16437
9442
17056
16102
12093
19523
15418
17771
3115
7533
5901
2506
5208
10596
3213
14226
17993
990
15865
3163
4395
12019
13987
14971
4402
11617
1162
8010
11801
17710
10413
16803
17841
1438
12663
3537
16771
10525
3453
12217
18902
14748
17834
18330
11613
18759
11239
3566
18931
5986
2744
12965
8503
3318
18037
18119
17132
16480
7498
2987
3289
1649
10769
16281
8696
1613
15351
17023
17654
2978
12968
14492
16710
13589
6654
15370
16163
19855
18308
17166
11794
12955
2392
942
4465
17774
6856
2317
1123
6146
16342
16109
11051
14267
2498
19690
16910
4368
8789
16791
1925
13679
7421
557
16971
6264
4353
1069
16456
7678
18417
61
1066
15880
18228
16274
19971
5880
19727
19238
6720
7609
19979
8862
12275
9735
12
10365
12929
10426
12060
15692
12751
13289
5936
4664
17377
18944
16758
2835
17383
14561
19293
13267
5726
8190
6751
9167
988
13794
16192
11737
5153
502
14991
5949
13795
15378
7859
2908
12273
5964
5870
4033
1763
15389
4752
16379
15377
11429
15124
10175
1821
11031
3878
10997
3204
17256
10762
3822
1185
19946
2032
4177
17500
4776
17708
16360
18239
5133
15437
12715
6771
17844
13358
2935
6755
5123
14724
1332
4853
226
18335
7908
12366
17308
16026
11925
2308
10321
15664
6719
10910
11816
17601
4047
9379
14145
7657
6527
13974
6302
20012
8787
19231
19466
6950
17831
8325
2113
10820
5918
17568
8784
10346
10452
9831
3992
18297
130
14430
12873
11790
20036
6892
12512
9444
6758
1453
10733
5682
15090
14705
17692
16661
14136
99
11500
7776
8495
10054
6199
12052
5944
14765
11976
18741
14511
7693
8856
12862
167
10789
13215
7592
11512
5846
2253
10548
7774
11585
18722
9523
13798
12066
18476
9768
7193
660
17408
13939
2792
9418
11534
12805
7412
10943
17719
2757
10556
10960
19176
1119
18683
213
5084
11980
19724
16245
12767
15704
10420
12755
12196
9057
18845
9720
13230
1552
8791
19493
7055
6260
12463
12311
18269
19402
2496
494
8156
4688
15249
14109
19300
6600
13514
2976
2447
12815
12334
15211
12789
6560
19473
13688
17764
5633
3629
8182
6265
6939
18306
1679
18494
18690
19590
9138
3713
7152
1913
3657
15214
4517
12229
5168
4475
1742
1976
13065
12780
8563
7727
14778
2421
17364
2888
1147
19920
4228
8320
228
3845
3831
2451
14187
7315
9847
27
6774
12900
7321
9952
18216
17240
17818
8692
1858
14903
5391
16422
6119
13562
10190
3790
4359
15046
15731
4782
15237
7570
3837
6062
10072
11091
7950
14485
10783
5384
11460
9993
4648
5754
9350
4564
15053
4943
1064
11565
18582
13711
11833
12997
239
16100
9208
8386
6699
6522
14290
3691
2685
3377
19260
13278
3339
3897
18695
19821
19539
694
1255
12370
19217
4654
5026
12110
18949
9376
8317
19059
13610
15483
9710
17685
4741
7444
3146
7032
18163
5750
14688
17679
12213
5292
7073
13402
13492
87
10360
10900
15477
12489
755
3573
7665
1896
6678
16567
17525
1626
2006
11975
7983
5419
4593
3811
13572
17092
1545
6433
17838
7222
9779
189
11812
4800
4857
14177
9401
19113
9667
4720
13802
14913
19161
17829
929
4768
2859
4277
11040
19513
7483
16931
3267
7814
16103
6798
10425
6619
13352
13248
11498
16711
11146
8473
7043
12096
9463
16186
12251
14849
17344
18204
18487
15531
1861
12158
7884
16921
17162
1408
5932
18287
18518
8823
2179
9955
17542
9039
11990
12692
2436
2828
11550
2963
4347
10161
5777
18603
10955
3037
9818
18276
12664
2404
6240
18915
12514
7167
17663
8205
10648
14731
11423
3842
8489
9905
7353
15511
11261
17745
7027
8450
3999
4944
10421
9571
16690
19531
12654
3670
8493
1738
2656
7260
559
11519
15764
2456
9546
18743
1044
5569
274
18120
6924
11823
331
10118
2390
18484
18023
3872
16124
9197
16137
3533
1222
5809
18298
11898
12703
5005
59
8711
3053
4120
671
8937
5049
9706
11917
15601
8805
9518
13357
7860
11488
6272
5242
19694
1786
10027
5035
15105
11517
1468
17085
16537
9176
10628
4328
11237
5868
11914
18311
3589
5602
4818
18528
13013
4616
14588
9873
6985
5582
3592
220
17667
522
9132
15132
2439
7956
16125
10408
15836
19489
18680
3760
5834
160
18206
13304
2083
3742
13419
2002
7964
11245
7767
18093
8759
19022
4947
10912
7897
6142
17904
143
19377
891
15336
7415
3099
19770
16017
13929
17678
13183
9718
703
18238
645
5126
9280
18628
12218
16753
6614
3508
8981
12164
6164
2825
5034
12694
5903
4990
12428
9789
18512
12433
10972
8304
4334
4163
10490
11902
12501
5087
13581
14707
19352
8226
16773
5719
15098
1547
15422
17009
8774
5579
5801
17619
11735
9048
17404
12355
8460
12458
15506
4140
7752
19677
15602
11566
12299
10749
8116
6919
15434
2745
8750
4785
11150
7736
5145
1551
18130
12865
1328
8329
7423
1436
11515
8732
12698
14770
13445
3962
19595
2192
7530
12635
18404
5262
7245
19129
7348
802
2737
8691
14222
6702
15656
19494
5881
6352
2698
8155
5994
15140
3979
4243
10969
12954
7604
18728
6713
9658
13004
10560
9775
13020
18945
12438
7775
17394
5313
7731
16721
11538
4748
14459
1269
18923
4810
2019
7673
15616
10712
6512
5476
11189
1520
8444
14282
5343
1681
15881
19086
3966
15887
10465
16630
11639
17064
3338
12369
16572
5381
8729
13367
6177
4263
10163
6580
19510
7277
13286
3071
7900
12958
19981
7947
8486
10089
4410
4462
9023
15388
5521
12121
1331
7416
13187
11528
18602
7833
14496
16147
9045
18750
9257
11179
6898
18687
821
1636
18179
7254
13800
2095
14436
10463
6129
17202
5047
11573
9432
12582
1689
7205
849
810
13139
17432
2856
4932
7309
8800
16936
13976
2395
15247
3695
14594
2647
3851
15208
18339
8769
15691
1316
7008
1711
9189
14687
12340
18548
5368
11077
16988
940
4292
10645
13636
1275
16194
15021
6870
4186
15829
12529
7320
11471
6675
1398
11810
11827
5507
17914
117
5441
4652
13916
7392
3949
4135
901
12450
801
10961
2081
5591
7405
2983
13842
10183
4611
8916
2248
10014
8520
9591
2296
12993
17365
13933
18778
259
13168
4608
464
19306
18182
4709
8367
9284
609
13179
16684
16909
18966
18994
2341
7201
4977
10312
17068
7066
19249
20007
15948
8022
9324
11174
3946
14990
19379
10563
8178
1371
12643
2717
9375
243
5995
14871
4844
17491
13996
15266
16084
1780
19801
2468
10025
5495
11159
10790
12971
304
18247
16085
18572
17306
12889
12999
11144
6521
18713
7217
7002
11426
6209
3107
1873
5990
8586
11578
19169
11620
10611
14366
3788
2459
13337
18801
15441
11097
3588
8375
8389
8494
1152
3172
11897
3940
14009
1921
15341
5430
12403
9921
16325
16263
16494
8050
9364
5345
7234
12023
9902
2415
4388
3308
3410
3646
18128
3905
8462
6151
10502
16327
10940
2162
1088
3981
8307
12615
13043
9918
11822
2482
13986
14755
12452
10646
1273
1995
3294
1067
4796
137
7083
9090
2062
10221
15800
5117
2921
17954
6004
11133
1192
2684
19650
6679
9095
4551
10931
2359
4376
5685
6783
17421
4644
14963
2412
4745
5562
4351
5481
16789
12075
1645
8702
11343
5407
7036
1987
10375
8054
1395
10191
9709
14817
3428
15355
9032
1776
8594
10643
2485
19739
752
6674
3823
14300
6291
4579
13960
8479
15558
4525
6987
8431
14022
4083
354
4252
17185
14038
15516
764
4534
17314
823
19654
1654
8508
16374
1521
4335
2907
16315
554
18723
758
8284
19445
5546
3165
6364
16214
5114
4636
5741
8648
11206
14977
18307
17721
4655
2796
508
18639
7571
5286
1303
8843
16200
16277
4649
16621
8979
9988
10622
7580
18824
14912
7187
19877
11601
17677
18035
3909
17519
9216
17038
2616
9231
11222
19458
10352
14996
8905
18160
17898
8958
14070
17891
4265
7982
695
16161
19762
13093
14608
15990
4913
5396
10684
211
8867
635
19752
14318
2122
12854
11805
17511
2160
2430
5885
15414
14239
7015
4319
18050
10037
5442
1580
3470
1952
17006
5786
7794
18660
459
9232
18711
8658
19081
3097
7418
15961
6875
18535
10954
2472
17617
8743
13658
12749
1214
2720
2597
15358
19091
634
2998
1698
11096
19611
11501
16867
5976
14673
15429
7090
14569
3698
9252
11641
13015
7355
3409
15385
1662
14079
10679
4283
7305
1050
13735
11487
8923
1589
16449
18491
5068
4188
12519
15060
18252
5417
10848
10035
5725
8485
8928
7206
15581
19824
17626
19783
5661
2968
860
8727
17367
11840
11922
10758
14928
1431
8247
16348
19286
14390
3582
12033
6640
5884
15083
7809
16208
17555
16271
5066
6545
13393
16574
17854
2877
3211
19629
19126
6097
12554
1427
11483
13098
19766
19706
19535
2589
6155
14399
9597
17717
16701
16340
13430
8452
3513
8464
14205
10878
18421
12441
19921
8525
5962
11537
13918
17909
2037
89
6047
19166
8974
7310
7504
5692
10462
10207
11677
10616
13214
5003
5411
11867
16768
18133
14970
6110
9276
12706
6361
14663
7862
14368
3479
4547
12449
17650
9821
1240
15856
13463
15925
16959
14433
4609
14538
16955
3532
6132
17994
2975
8496
12059
10908
6977
3492
16934
17370
10070
13876
13265
11062
9341
3721
10492
15932
7669
1495
15265
2490
8621
16418
18732
15684
13019
12475
11024
8701
13625
10006
14443
17836
19667
10146
17549
3724
5206
19996
7302
9853
9237
3653
11399
12728
11637
8177
9944
18839
17356
13500
1752
18797
5787
4978
8390
4109
8719
11021
17089
16322
11577
9171
11602
1807
18815
4217
14379
12058
15920
4147
1146
11377
673
17430
15567
17766
1031
7432
5957
18506
14935
2107
3623
4220
7805
836
9631
4367
16596
5832
7542
13994
14431
13385
4058
12305
10884
16164
5067
14063
19061
3052
18906
18334
8109
13118
12287
7485
17211
18757
8228
1836
2588
13268
19682
347
14254
16837
9803
16297
6881
5574
11905
288
2977
14223
4482
17078
4316
8229
1598
1924
5751
17343
14702
16377
11529
13389
18224
7003
11927
11522
9608
14127
20044
5467
12145
6367
19253
1350
17138
17108
9716
1735
6942
9053
5635
8475
15200
18717
6284
5272
691
17971
15033
2376
9731
11374
10196
2761
10226
12362
7898
13288
14558
296
1156
12410
5724
5459
8870
5815
2687
18020
19065
14059
17589
3321
8901
9796
12842
4799
18241
6537
17177
16652
6828
6279
8438
13141
7438
6446
12574
13716
8468
1832
8715
19653
9997
3282
3468
10237
3538
12894
1535
5548
4610
18954
17029
1008
14056
14169
20024
11318
15205
3884
5361
18321
9528
11251
9204
306
15658
2678
3292
3678
2681
5959
13901
5748
2864
18457
2923
18569
2665
10466
4961
5393
14840
14323
17054
15067
9797
3345
6090
15689
7443
2500
2417
9475
12978
1458
13082
2564
1492
403
8792
1059
14544
3320
17929
1428
19265
17079
19516
12689
7035
4518
10919
5455
3197
2703
7828
2628
19185
1260
1839
13318
13117
19196
17498
18422
15238
16019
6952
3564
16053
12326
8884
12227
2012
17712
6382
1718
13494
15858
19936
6038
13828
16631
19983
12150
11579
17046
19226
6848
13009
18360
7968
1719
4435
13417
8689
14563
8210
16836
12551
16420
4954
13096
11425
7198
9810
12197
13361
3460
12547
2356
1061
17448
17155
1727
17129
10582
4373
19361
7534
17405
13932
13432
7454
728
473
11316
6241
9286
10229
9003
6706
16521
9464
4950
7909
12430
8764
5164
4512
19234
11504
13133
7525
19547
2759
17270
8657
399
8924
2391
6059
3850
19861
7889
19903
10951
2214
1935
11154
14294
16757
5945
14277
4471
10206
5325
15915
16504
15648
11103
5919
12594
3800
4362
15400
13206
9586
10661
8186
17799
10247
3106
16485
15171
1653
12130
17206
12109
11881
2054
7437
4581
5585
10077
17962
1342
8554
10316
6714
14125
3881
13464
9346
13341
8662
16202
7380
10670
7543
11686
10140
11191
5288
1890
2274
14199
11778
13324
8482
16595
8208
4814
18007
5596
1632
3666
6397
7323
17758
16353
1478
11145
10945
13773
680
3063
19124
6604
7837
13087
4963
5267
10057
16894
575
17748
10726
7282
8622
19465
17103
9025
16555
2535
3461
14655
8102
9365
7870
2358
10508
8932
12884
8726
12025
10913
5908
11212
19010
606
300
3195
8378
20011
6381
14587
2802
16799
10306
3771
5752
6398
14018
11388
3534
5616
14751
5928
16172
2886
11703
3355
6356
1406
19195
6103
14248
11301
18630
16476
8166
5650
3013
1448
19407
19172
14752
185
17893
2406
19604
6254
11380
7009
3493
10078
10476
18181
19066
15734
733
16609
770
1870
6013
10374
15456
3414
3160
2448
1115
11007
15825
11964
11106
20039
6768
11999
3020
13728
1915
16074
14146
7906
2818
14865
19213
9427
6045
3548
16871
19472
3017
7109
2927
10246
4578
7211
458
20005
8154
10916
7740
16370
10127
2269
855
12191
1765
5160
19168
16735
12077
7016
4348
5515
1517
13568
18912
19853
13761
3122
12961
12586
5000
10311
19618
3231
5826
4626
8128
14040
13384
14665
12127
14346
15662
144
2249
16893
8373
12465
8477
10533
6874
9956
17865
14231
18044
19177
13513
3920
15941
7701
12155
15716
8680
15900
8532
3978
2634
20028
19624
19296
3316
8599
16736
13433
17823
17454
19771
4749
2785
7212
12877
7188
18114
10727
3041
11889
10494
8447
7610
15213
15859
18230
14303
7918
19434
16018
19281
3908
3135
917
18086
18389
2389
14533
15146
18734
19980
7054
19697
4909
13664
14857
814
1264
7404
13440
1296
5388
7119
14696
17406
13126
3108
13400
5280
16001
1575
13160
7480
16891
1616
12338
7544
14771
134
7882
15685
3546
9606
3625
1238
9310
2225
7010
7067
3043
3835
2378
1430
4862
6453
3932
4382
1327
8967
10357
2637
969
1568
3709
17069
13427
16196
17777
16157
18406
17877
15030
6325
16859
357
6490
15308
2449
14499
18799
14645
720
5302
11013
16286
6909
7813
9698
16662
13349
14675
7939
12753
18678
7308
14883
7361
1112
8100
11066
19790
13530
4194
6995
8145
17398
14051
9441
5260
7894
1631
4506
10219
2721
13454
8996
858
19270
6444
14983
12914
8669
12881
13329
10314
18804
2499
19515
2832
19313
16649
1610
10348
11884
11581
4001
11514
19046
19779
17949
10251
9282
4327
9593
11310
5887
4260
8647
18918
10763
13277
3526
12117
9940
19229
19660
14197
15937
18397
4290
4656
18428
17470
7579
19664
9247
10001
2773
4112
16319
2340
1293
14331
12374
19989
10236
283
11109
1435
9355
17120
17607
111
11162
12364
14260
895
18676
19399
13643
13941
14530
11643
10523
8456
12581
7583
8309
14713
3176
1106
5836
983
10075
4110
7150
16266
11726
2017
7218
7092
5314
9524
7856
15719
19039
9785
14402
10572
13676
197
19498
11250
11622
17756
7280
15
6579
19719
12043
6058
14075
249
2901
1607
12427
14956
564
12644
15682
13713
9860
12758
12255
7971
7734
663
6474
18357
13105
14541
15591
2530
14950
15911
16644
14456
1671
81
15203
6804
2038
693
3055
14093
9928
232
2961
12950
14247
1559
9824
17289
10260
17551
19264
8971
380
13640
16320
1015
15703
9458
16140
9545
5916
16797
9505
7294
4412
11381
17651
3828
5191
17905
18802
19427
8593
11808
9269
3149
15672
2692
892
17036
19586
12313
5746
17423
18081
15671
11433
6948
7995
19858
8415
19812
4955
13006
8561
11307
14272
2247
4055
12657
13010
4386
5093
14129
3362
17347
12317
2489
14559
17486
17888
7940
15893
11963
5359
4729
2366
10266
9447
8575
2527
11073
5422
10039
12598
17767
11989
17611
1851
16423
14297
11760
12928
12400
9739
13904
2155
384
16536
14291
7721
11621
17880
6414
14296
1297
8845
3038
335
8848
5221
8020
19944
17397
17942
5732
16276
11878
1364
6411
11807
15954
8148
8887
12280
9647
5445
9685
8277
8992
6704
14906
6335
7766
3703
15517
12143
2305
13593
2213
7883
233
10500
11761
4469
10553
15315
809
16765
9526
13621
5354
808
13297
6456
10205
9625
14253
4226
15147
18788
14007
310
9933
18046
16397
6371
16725
10897
14227
6648
6178
12021
3372
2666
6575
1113
19637
10132
1382
15898
6395
10807
509
17605
10512
7913
7461
4420
9081
11698
6010
12053
3959
1266
3700
102
4845
9620
13853
4441
5671
6779
5924
8822
8584
5390
13886
2729
13592
10282
18972
698
2707
14613
14150
1606
67
8839
19078
12752
14547
1320
18707
16041
1355
4432
13437
15305
4339
12510
11811
8849
18917
17910
8642
844
2605
9983
13069
9967
8492
928
2123
976
15242
2207
15322
18021
9311
7827
12807
15390
15133
13477
769
4590
12108
8336
9335
6419
2351
6817
18760
18607
6080
19610
17059
10391
13942
10518
8327
17698
10422
7053
13781
2613
17467
16264
5374
4595
12883
10173
8255
11293
9697
6380
17070
3246
951
19565
18831
18309
9924
17621
13142
14818
18401
1326
8136
10531
17765
19215
5065
9166
13912
8694
12536
2105
7428
17288
772
7907
5806
14410
6904
7793
4707
9318
7920
6041
4044
14704
2193
9049
12282
8834
16905
6121
959
9193
7005
13634
5249
5109
12906
5062
8013
4855
18882
11168
18061
937
15947
19505
16432
8223
9541
12412
10683
6627
10764
4176
4322
10886
12838
11656
12568
3983
10804
18942
10444
18104
17058
482
14446
13296
2667
10580
16333
10958
16438
14021
15314
7633
12224
6430
17532
16714
15344
2440
19322
13947
2741
16127
11060
17923
11403
19876
9974
2365
15339
17970
14986
11367
9811
11326
18958
16086
4714
2149
8667
16974
13429
5519
9995
16435
13663
2153
1414
6176
6661
4804
16383
16468
16126
10921
11783
2791
10399
10096
1178
10944
2407
1731
9998
4464
1779
4236
4660
16591
9272
3765
17794
10213
7904
5472
18993
18071
1760
4027
2853
2602
18769
19598
13535
12566
9892
7007
10854
19355
5999
10245
5284
12339
7844
10106
9690
16655
9413
4405
18577
4329
1824
16681
9067
1358
15544
18567
9422
9750
18908
6054
1555
3482
12098
746
15921
14473
12432
13061
18571
2880
19413
3253
14575
1362
13665
1457
8517
19506
15256
19614
7394
952
1812
12484
7176
15136
11125
18361
13153
10590
3412
8326
18594
1531
6639
19142
17321
2653
12590
8314
18017
15952
18774
19191
15826
15561
8396
7256
216
12983
3757
409
14151
2898
9497
17857
7676
7502
16677
15814
16145
3134
16372
14789
14835
19758
11259
16416
6089
8153
3284
11934
17953
19689
8446
14514
2402
12405
12823
3400
5941
9384
3980
14905
2272
2754
3694
4536
641
5291
16784
14020
408
15501
6396
6169
11173
6328
11373
18456
13816
2769
17091
9062
17899
15820
11868
5493
6863
16676
14116
14378
18733
10262
4829
17399
6899
13760
2917
4557
10358
9163
18272
1484
12614
19349
3447
11647
14625
5209
11575
11983
15851
10803
5869
15885
1306
4996
5355
19707
13307
8472
1055
13534
299
915
7854
13973
248
18382
13354
19977
745
8865
16561
1286
17179
12987
9707
7129
7000
18312
16030
17242
13551
10805
2023
15320
1609
19786
10068
18347
12262
11932
6838
6285
4798
245
8675
14693
2992
15107
19406
1289
1716
963
5080
5543
9914
10808
12632
12409
18755
17959
3575
12225
13298
1288
321
2117
7164
3448
11791
6944
19208
5365
14074
17892
9245
13811
16834
12731
17329
10332
3523
7106
3674
10
16241
17021
8951
17434
2568
5563
15543
19119
5162
10300
15245
18066
3637
5653
10120
1834
11242
8921
16150
5939
19329
8092
1519
9511
7210
3843
9265
19571
6581
13328
10002
1349
15991
6494
8866
12243
6201
19210
3420
14367
1558
10731
393
5274
18880
15225
8394
20
9550
17997
9614
199
15988
3183
19415
16424
6071
19016
16028
3649
1065
11075
8267
1973
15897
3249
1500
2230
12327
6921
15286
16058
3142
16592
7671
17273
6471
13106
3630
1756
14566
8418
1270
28
7194
3130
14268
15108
8681
13638
2944
19884
17789
18427
17577
14326
17278
9516
19144
10227
9676
17927
7822
7325
16361
7376
13148
9734
9884
17987
9711
11358
3901
7853
1657
10744
14676
15835
3147
16635
7384
14510
14334
13998
12840
19141
2014
13469
12872
6903
15574
8980
12859
14726
5282
148
16373
11346
7874
7680
1772
16713
17846
11469
17858
18817
19521
3154
13032
8481
11484
10337
6375
9917
13311
17755
2077
5399
1893
12123
17681
14139
6593
6813
4159
11102
601
10446
13793
5813
7192
330
13075
4696
3096
6524
12279
18521
6611
7368
10806
7729
6788
9843
6065
17290
7329
3150
1903
19138
5134
9258
12542
17870
18623
14209
94
6607
9491
1587
8432
19594
7915
13449
8666
19432
13750
14077
6292
3222
13409
17373
4694
2950
10597
1340
12483
16304
1018
18350
19105
798
1229
4440
5595
15371
18701
4224
2563
6695
2940
17749
3129
11557
13166
2454
19354
16650
3834
12283
2267
14302
9874
9408
12587
18111
2594
819
14452
15660
5210
6140
2103
19612
6850
17496
9605
9794
9816
12401
8425
4502
18043
6841
16367
15037
15212
12084
7933
16243
19290
16216
3435
11087
15798
8827
11535
16328
10872
10776
4941
12392
14342
11995
2312
12524
17195
11418
713
3509
2424
13151
9694
5645
14365
10302
3507
19532
14337
4472
11338
13755
8183
9151
10857
6224
14826
13944
17141
18301
3379
15755
7761
4314
19508
6859
4061
17991
4565
17639
3681
714
10968
8365
3607
8448
8026
15821
7746
17642
16362
17933
14006
11382
11156
15166
2836
10541
17196
12367
18913
12264
490
8910
517
9044
3641
10327
6234
8070
16207
11973
10268
6529
5711
18910
16065
981
4892
14890
18919
13542
974
8632
2410
2172
395
3011
4076
16782
18353
5177
19559
14727
251
19388
6384
13691
13192
3860
4196
7482
2040
17541
8030
12729
11694
16250
7091
17938
13216
8276
12945
9291
10388
13213
19967
15143
6184
2518
14964
13775
12782
276
17711
503
6108
6051
5150
12039
7754
4991
6053
15278
12407
17958
13487
11704
12258
2560
15207
8731
2072
17975
18393
2289
2025
5610
2442
14211
1746
8640
13659
360
18451
17816
20022
15015
13908
1597
1305
17866
3986
8242
13633
5322
2398
11309
14628
18154
17529
9629
9517
10174
14937
6946
17238
18505
15503
3337
15707
16637
4336
7235
7843
4507
15293
6571
1899
1806
14432
1490
6473
9256
12417
18973
4627
1074
8466
19104
12462
17630
13758
7926
10066
14470
8890
6340
16992
19050
19187
15878
3039
9749
11516
11071
16732
19993
4802
7199
2505
17996
9034
14553
18170
13639
10018
536
5529
2306
15468
6646
11559
8756
5489
11540
14701
305
7769
9751
11953
4237
7944
9584
7519
6337
1845
7682
9186
10685
15163
13759
14914
8251
2641
876
8403
11313
15401
7373
7202
9274
16981
11943
11136
12868
13955
12195
7512
9612
5810
6032
10514
1794
11852
11120
5135
16272
443
18721
8294
15929
15170
2360
15507
886
18876
774
19569
3555
13127
6953
2623
18194
17171
6563
15376
7595
12720
16445
13804
17657
15362
15790
1390
14189
2547
11838
3223
8987
1658
757
2516
1426
11371
7061
9223
3915
12161
1300
18462
2173
11463
736
14577
3155
11610
14013
10583
19553
14311
5695
17912
4888
3273
19986
10394
6286
3541
2807
12252
15815
12309
5805
17881
1640
19019
6409
2140
15285
17862
615
11600
10833
142
8491
18473
1
8142
14509
16715
9052
8279
4647
5996
8174
6770
12607
14734
2202
4677
11409
9728
18221
6214
6826
16332
12361
18192
18940
18833
10911
17806
3652
15058
5839
17156
428
5450
9635
4865
5006
13172
16037
9991
6558
15739
3504
14101
12668
13406
6255
1251
17796
12308
4251
13873
3430
9496
8968
9633
11693
48
11137
1621
1692
12101
1650
4533
11394
5851
14955
12114
1668
16720
12113
19887
6960
3067
8449
11441
19906
11297
16151
18229
10901
12436
15741
355
18860
17341
9242
6794
12892
15192
14944
18673
17669
10929
19753
16195
8293
15465
9113
1773
7072
13070
4247
4807
16552
7065
16737
5197
16183
14047
2739
7183
1526
14435
13236
1524
7663
15994
5814
10053
8973
16918
14660
2652
5876
15172
10366
9201
3943
8933
14880
4550
15924
17200
17137
19562
15717
3209
16589
1697
9907
12099
968
294
11521
15000
10428
13766
12769
12528
625
2892
4099
8633
17360
987
17631
4396
420
7267
18277
19464
17822
9837
3956
747
11497
13027
11036
7121
8896
18355
15290
16709
19966
18324
2722
9864
10153
4315
4646
9887
706
19839
4401
15366
7522
17090
16179
15299
9024
2261
17597
11028
7074
6906
15744
10682
19468
11397
18748
4587
19972
10649
5091
8125
10464
8780
15753
4594
15725
19098
10415
995
1312
16993
7616
2344
9160
9881
4761
7462
15223
16221
6877
1855
10479
5593
738
10676
15938
16316
13526
19317
19606
8490
17055
7990
2453
15673
17018
14027
12606
7
12891
16410
15436
9595
13313
13077
10432
3885
6550
5958
10959
12584
17988
18980
8560
19455
5963
16728
1221
18431
16566
12216
16579
14776
1004
18362
14181
10535
11068
8179
17099
4307
19928
3832
8238
14760
5214
13652
4442
8351
17216
13227
13956
13295
9889
11788
8754
18481
14866
9108
16261
11700
327
10594
13630
14158
8592
515
69
17585
16517
18351
5223
15766
17148
6764
16775
13303
15079
17871
13471
7084
3677
2675
3809
5121
6725
10723
7269
18195
10798
17267
3238
18341
3144
4588
5335
7069
6128
2867
653
8528
5377
12169
1958
19224
5755
1713
9767
3127
1759
7098
2049
4037
1982
13893
18051
10441
2536
2766
6420
4705
16781
6557
15001
7491
9168
5833
7374
9228
17780
1775
4019
3125
5822
7597
16501
1361
11555
11753
16317
16138
6697
3237
19042
17318
16484
6553
3927
477
4735
13762
3712
13626
7980
6801
6684
15375
4870
5
3169
16861
12036
11673
2336
6023
2386
10401
1981
9977
14347
4288
7285
552
13310
9308
2617
19424
19184
15569
10108
15159
11650
6980
9329
13344
278
6772
8099
8917
16082
14954
4483
2067
14440
11949
5412
1456
11094
14736
1009
12575
15813
6447
4535
14534
10113
6830
13340
10657
11478
13416
6067
3672
14733
7386
9600
12016
11548
4625
7178
17635
10293
193
10948
17219
12515
17620
5761
8341
16350
5285
20029
9281
19587
11758
12796
14681
2854
11492
4871
5580
792
12167
15301
15294
19164
12342
1956
2937
8157
1652
11359
13733
7578
6912
5348
15515
14995
6104
867
7825
1757
18807
8498
613
11461
15834
2159
10618
11149
4085
1310
12082
15313
19325
7620
14374
11100
16039
302
4255
6211
5300
18765
4841
10134
14998
1866
17746
11444
15729
7556
10938
15758
2452
17784
982
4295
15002
17989
8619
12408
18895
11994
18614
15416
2538
8645
8471
2363
18374
19332
15812
17168
10562
6189
9540
8364
4523
18970
10013
2275
97
15280
5321
16973
15139
11907
15549
13934
2540
11592
15850
2408
1646
13376
9987
7076
11184
6379
19475
13446
2676
7101
15412
398
10409
11257
13125
15059
8419
4381
12174
14856
5745
7457
11340
5533
9744
2458
18847
10187
739
4939
5509
8457
18608
5594
260
17533
4434
10706
6105
8577
13113
11464
2231
9668
11428
1070
19922
6363
17234
2522
8886
10171
866
17729
12708
13162
7706
16740
16390
654
14556
3609
5973
15038
17544
4126
3795
1215
3077
11295
17697
6543
9083
19817
19395
1541
10607
1951
4743
4029
13777
16648
4879
10589
17575
8167
19646
7154
18472
19765
19218
3391
3818
8368
17616
15512
12148
8605
15471
12600
5154
4868
9244
17986
15953
17433
3529
11050
5270
7433
15545
10307
12589
338
7105
12149
1208
19422
19507
3344
19676
17807
6318
12027
2834
16358
4514
5877
11899
3856
18387
10143
19101
8544
909
1174
636
15128
11651
9730
3347
12257
460
10028
15526
19675
11924
9628
9469
14574
2579
14017
15750
9945
19561
13120
15446
906
3622
2821
16142
611
7349
19638
2774
9963
18756
14219
12030
18861
9040
1038
2699
4460
2765
15791
4035
11701
14987
11114
5310
6006
8797
1318
13865
16842
400
16005
19888
18366
8747
18004
18936
2425
8806
15348
3113
5907
6756
14271
11467
17172
1922
8086
6218
3542
15254
124
2478
9915
14090
16862
12245
3615
1469
7922
9309
4640
11744
15342
18076
1726
10228
14068
13115
1247
2545
3870
16168
17307
15469
11254
16369
17984
8900
17658
14033
5326
7407
9560
4043
15702
5721
4618
3935
5101
3664
8249
11153
1391
10867
18237
10271
6629
176
14783
5744
15425
3206
15201
10705
8749
10697
2353
3181
5456
7006
6642
116
2137
5709
18787
4151
10493
2936
16512
172
16658
5435
18524
15271
788
9611
14863
7409
7477
5649
13052
5228
4232
16524
8357
19822
8187
4572
15855
1755
19396
15068
13528
8745
9259
16321
13881
793
11282
10373
10730
2196
7124
16884
3307
10485
8959
5001
14512
19919
113
5766
2964
7038
845
4093
10029
18234
7044
6631
17705
15547
12915
11090
14000
9895
16985
19230
12702
18156
16070
13809
18144
19941
18034
12800
3660
14281
13238
14897
7499
10587
16829
13710
3451
13629
15439
15204
1728
6958
14195
14529
13355
17074
11762
10050
17733
7820
13321
12170
10322
12477
6467
4383
4424
10176
18959
6393
16465
7806
17376
15606
12791
16780
6657
18667
2000
19480
19673
7493
2789
3642
19459
851
16511
19383
11493
9589
7753
12926
19118
17855
18077
12979
14909
19963
17170
9007
7468
17553
17261
2138
7207
16165
15269
2166
1989
12461
19405
5431
14899
5443
12271
4079
13641
461
18434
9470
8582
4759
4141
12938
3941
15876
7446
5263
10722
9307
4669
1945
11789
11043
3624
466
18957
14214
17236
17701
850
10350
231
3031
13111
2278
12679
14404
16619
17419
10497
681
15757
10288
15608
6653
19826
6191
2868
4903
11615
8340
8497
8071
11303
10410
378
17118
1908
17403
6489
10349
14904
12081
1250
11773
16461
6726
14372
2221
10362
14716
3221
1954
13778
3480
12289
14463
18495
13202
5137
14460
22
15008
3274
3973
273
18767
7382
5807
14003
15433
10447
19934
16405
16258
9646
3112
4945
18542
14058
9752
5512
8300
1359
9692
2114
5362
2890
7011
3633
1437
5598
14921
13584
4129
14252
1451
17675
5886
11526
9117
11411
6389
18647
9562
6117
8196
3531
16499
9060
5816
5937
13002
14684
6742
18184
18937
3032
10898
3315
3449
19784
3405
4389
8914
16458
17507
5524
2851
11563
626
13763
5934
17732
13008
13330
11228
5464
19754
16439
14274
9968
6531
18570
14592
19401
824
3776
701
5002
1600
17598
16952
13598
14617
5742
11869
3603
12775
4299
9520
10522
11892
2142
14242
17713
2177
16091
472
10433
7291
7112
15824
7637
17294
3061
13858
13739
5129
19879
9747
1308
4899
3830
14933
4642
1217
11718
17643
17439
9135
7946
9946
2933
11314
8579
12658
18578
14233
14812
3734
82
2994
1663
8733
11886
13897
629
10698
11699
1736
9519
4030
16685
14802
4571
7807
13509
17409
12809
10252
3996
10750
6136
14495
17995
5497
16268
7171
18968
1909
10225
10055
7200
14336
18380
238
7930
2949
3634
18480
13544
18169
6893
196
9174
9277
15940
19181
11796
15842
8213
15913
9154
597
18008
17150
13866
17338
6127
5305
3890
4601
17481
11901
3988
2116
14875
7895
6438
19047
16218
572
8611
569
17750
15773
17824
6480
14179
16146
17853
11408
7672
1980
5867
805
17396
9037
8347
10591
14583
4249
100
4075
11402
5667
13968
5583
15795
4463
9428
3239
19117
187
2076
15014
1056
5590
7528
5896
9142
12302
19815
6671
13005
10199
19201
9169
9006
12527
712
18999
18511
5604
11276
10588
6969
6231
8227
9932
11723
17699
5331
12743
1690
17772
180
14263
3283
6118
16929
8201
7506
539
5106
15337
16371
1796
17560
14568
16915
3514
7419
11956
18688
1818
16972
14249
5333
18135
6971
655
12741
17837
13563
14781
7379
4484
13147
9653
9641
7424
15019
3871
16408
5985
7548
15289
3773
17220
7190
2829
11607
19414
15620
2646
14536
17315
12040
9858
4256
16698
13438
16246
20041
9194
6426
19546
10398
16042
11011
18109
7666
19245
12237
4830
7910
5444
7447
371
11725
14661
3604
19034
4155
8285
18150
3476
6520
16557
3295
11527
1235
13788
8506
17277
5050
9031
8359
12957
2984
19257
1573
11923
2922
3895
2096
15721
13669
3647
9868
19112
1889
19584
16129
13756
19259
16699
2281
15479
16518
5237
2079
15032
9494
15659
11398
13850
14851
2577
12959
1572
2460
7690
4080
3012
3950
11121
14126
11180
13690
11466
14657
10825
10924
4706
15566
2291
19792
19219
7698
4777
9188
16002
5170
3838
13347
10051
14471
