4462
268
5871
15277
14485
11477
15999
2512
1751
8967
18805
2668
6554
16243
15021
14541
19926
7618
16484
7355
7079
18453
19605
14534
7381
15830
10483
11220
11307
8221
6403
1826
8941
19127
2245
12737
5979
17821
15201
18485
12692
19064
11043
16635
7005
362
3242
2336
5909
4704
4412
3611
12035
12297
15416
15863
10840
14796
19600
8770
13707
6828
10835
7942
1882
1431
9261
8238
8253
18971
3072
9163
16924
11349
9334
9903
18154
5588
14388
14041
10694
16162
10056
11962
13072
2503
3353
18696
1111
7309
174
11453
14839
231
1066
17752
7605
19436
2994
12280
18828
598
3774
3773
18221
17779
19249
9931
2446
8755
17006
6570
5948
4013
16118
14018
10791
10072
15323
10212
17374
11030
8001
5935
686
15432
5757
17433
8857
14284
15688
8453
10945
14419
15908
19451
13579
14044
11068
4638
6534
1609
15144
14457
3656
13972
151
9283
319
13910
15596
9958
8061
1552
14791
18859
6996
19607
17555
7863
3304
18481
11516
15388
7558
13437
12501
13967
15513
11036
14542
7884
17038
14537
16456
2847
10961
14215
19958
5794
12698
17840
4942
19349
17781
6914
2738
8806
18413
3847
11561
17784
12945
53
13935
9845
5936
15714
16756
19773
2684
9965
6417
14968
282
6268
12428
14774
17688
19633
18794
7947
9415
2752
19098
8722
10606
15791
14783
3316
3756
6957
5775
14325
4710
5030
1772
9251
13138
9254
8086
7287
5042
13669
8029
15481
14636
3785
13412
5525
11804
11850
15631
7718
3445
12106
453
9106
8296
14417
8469
7663
4584
6683
11892
11764
13738
18933
15820
6377
6652
13076
6334
2258
19398
4611
19322
10496
4886
1072
8492
11712
9688
3814
2013
3149
18032
7190
2867
12631
10324
14733
7706
4668
12797
5533
251
19782
19811
6967
2754
3803
9551
2694
10484
11936
6800
18644
4992
12552
9681
8072
18019
13971
5879
8151
12282
4269
8727
18377
13122
4671
1813
18750
5876
19833
2674
6222
16354
14319
9015
5605
8229
10772
4326
7393
3007
19997
4829
9338
435
11677
18925
17285
15965
3173
6960
9340
8940
2487
7498
10027
15932
4808
4478
3868
2484
2788
13155
6043
18882
507
8333
13055
8031
15854
5691
10644
16307
13117
6482
13546
10983
14037
18542
18522
9830
3900
1945
12592
654
7218
909
4938
8914
17417
18375
17832
5908
13465
13301
19879
1275
2727
19949
12005
3059
6381
8196
10044
19823
800
3791
8608
5065
17296
8487
11280
6805
840
15199
17153
7018
9687
12968
2161
16755
16305
517
8630
18230
13698
2836
537
10349
7912
6423
14614
15608
16137
19429
830
1407
2749
12076
13790
6824
13613
15395
13234
4917
3253
10739
18870
5517
18263
19652
16941
5476
17937
18649
7653
10105
7439
19706
7376
10294
17167
150
16709
18384
18533
877
856
12180
1064
17163
1984
9027
2797
18043
5872
17277
17534
1463
15302
11254
8513
18414
11697
18840
12643
1358
6819
3699
15924
2776
3251
3601
4749
19655
18642
6934
14521
4631
15377
16883
13526
141
8545
5147
3539
2145
9898
12300
17866
2780
17005
11044
247
9562
18978
18018
2986
5503
12222
276
288
16906
16296
5897
1276
11041
9529
5842
8937
13899
4507
15485
10968
5377
3328
13517
19801
18292
3806
15668
5358
12056
14058
4169
14720
12573
9160
11520
20015
1057
15781
15048
4770
5368
19142
15268
15778
16325
6342
16618
9812
11095
1412
1725
11833
616
14206
15402
3516
19330
2708
18372
16690
4228
19015
4967
8603
19985
11719
10287
8555
290
4564
18245
17135
4415
8974
18179
19956
10757
820
16792
7436
7946
6635
8625
17532
13746
7251
3306
15605
9120
19380
4972
16262
18407
3684
13983
16238
12990
5108
12931
14557
17968
2399
8905
5644
19534
14563
12699
17242
4562
12842
13635
218
6616
6953
16500
7890
15544
8496
18157
1664
1151
10401
11728
2895
12855
3314
16855
1458
5431
15160
17272
18186
4907
19222
19752
15717
1382
19525
4430
15008
493
7352
13166
875
8475
10752
6492
17798
16707
1021
17023
13456
18783
4838
15444
16503
13070
17315
2888
10248
7750
8149
10476
2918
1827
13923
16517
16614
266
10350
2168
18486
12493
3037
1815
13519
12211
19293
13840
16016
13350
3944
10885
14151
8159
1287
13124
20003
4859
2492
4100
15347
17550
16034
2899
8991
292
14769
14548
8823
9600
10646
15122
6324
9230
4968
4434
8003
13980
15384
18982
12161
11406
5716
10354
4504
4509
9990
15540
12460
18999
17095
16703
16297
3730
8428
18526
4317
6752
15666
8826
7978
19230
10113
1904
14590
19593
5270
14153
4666
9733
1242
19638
4497
18854
8056
15419
19778
11591
6911
14863
18145
12110
13805
9718
13092
3484
16603
580
8209
9543
4233
13508
12485
10184
7740
3363
7411
14864
278
15118
9162
19870
7317
13821
13429
8753
1063
10884
12810
15397
14766
13031
5567
15036
510
14421
8201
2318
5382
8038
10317
601
15139
10413
2820
12374
14334
16260
11123
8032
9670
7066
668
11450
11018
13024
18990
18068
17101
726
1811
1229
759
1808
15617
11975
17191
5712
991
6495
6520
14404
4592
12283
4432
7633
17174
5504
15593
18816
1142
12834
9947
18257
2689
3871
1175
2800
6374
2369
16528
681
19232
19149
11162
17288
5298
5133
9213
2792
9048
11326
708
14071
3184
12007
20020
210
18073
9918
13249
14116
2810
854
17621
10634
19483
10513
9197
12739
19110
1895
8527
7180
3755
3681
5040
16216
12826
5184
1036
4288
10024
3297
6969
14019
2085
4404
12550
1094
1444
3310
10494
15340
16534
1881
487
4179
9441
5364
11085
15547
15928
13874
16177
924
13107
19448
18142
19614
13223
6314
7430
16935
3654
17879
2963
19353
11442
4355
12531
16538
9650
10498
3216
19023
6017
2734
7239
9507
2838
14174
8771
947
11607
7489
18571
7573
9700
8290
17638
12770
7780
16510
14811
262
1140
11210
18312
14842
6728
14471
12919
2397
2404
6254
1329
10364
6609
1687
5225
18223
10514
13364
13860
1183
15576
15161
8409
12730
1599
420
952
869
16868
8839
12960
10676
15793
19592
2101
13497
15816
614
17331
10803
17252
5965
3252
5278
8654
13735
17093
18169
8927
13056
6566
433
11791
11227
8365
14258
3086
1525
196
9287
7657
3943
2084
11776
5693
8373
9781
2485
16721
19596
17415
19859
7674
10604
3879
17996
16541
19447
18394
11595
7751
8530
5003
3590
9961
15026
13714
5166
351
12048
4701
7202
9589
4915
5550
17860
13069
17339
16863
15049
5310
18906
18295
12620
13294
17420
3598
19645
4047
14340
6433
5660
1711
5889
15811
7427
9737
17773
16157
3867
4673
14473
9878
17965
19379
16179
18923
6612
6380
9434
7723
5116
9401
1176
4191
13893
1624
17133
13382
4041
6574
1500
1798
2835
634
14122
4339
18309
2434
11396
5458
15209
16545
727
14539
1996
2194
9709
4235
501
3078
9367
10896
7243
490
10810
2049
7442
3157
154
12178
17981
1477
19218
10372
19939
7327
14843
8125
11724
1215
17983
5682
10895
6658
11433
4000
5866
16407
12822
7130
14084
4073
15005
9989
16310
13664
2247
2240
12665
4819
9262
10462
3207
12129
4604
1069
2120
560
18827
1073
17559
16771
5093
19395
5974
4807
14944
16174
3865
2825
3027
11045
77
13402
9638
6233
13048
8483
18771
7587
15570
5744
10426
14642
14376
14411
2153
11337
8999
8751
11524
10062
8628
10927
2094
5581
18518
765
13682
18064
16455
6990
9899
8491
17033
8787
8081
14175
19059
9354
2686
19630
3700
19873
18633
7877
4313
12086
11469
11008
16544
14513
3457
8643
5081
5961
13059
9595
16333
2297
6705
12749
1247
14744
2406
8002
13181
12188
3221
19754
19166
12014
5547
18508
15183
10145
6490
13279
8169
14108
2124
13204
18700
11225
133
932
15934
9149
296
17407
6906
10549
4909
5136
18575
11233
2844
10357
15724
7987
19291
15656
12712
1596
11797
16790
19866
3515
20014
17912
4927
5375
16797
13813
8388
5759
19344
9443
4361
3740
9396
7368
2839
15498
13920
6793
17528
6282
11431
8851
7170
7414
18716
422
8700
11535
10286
79
4956
10375
9935
3425
9327
12220
4128
2293
19978
17588
13576
19994
9645
15359
5069
6864
13784
2074
7462
14806
19004
4251
15181
9824
3999
1019
5007
19317
20039
5200
1560
19121
14735
11866
5076
12621
13398
8077
12175
17337
2617
15920
17148
2433
19786
647
6869
5989
7494
2993
17031
12524
12260
14360
11286
11642
15339
9389
3837
2930
927
2959
5719
8818
9217
8460
272
16114
18928
15245
2616
6369
16063
7006
19558
5809
3872
4872
11706
6985
9123
3443
2323
6384
8873
13013
9504
5867
962
5413
6588
6191
12344
19867
145
20050
1138
7503
10599
17303
430
1476
15967
8523
12782
5675
10310
6617
6062
14955
10010
9937
20018
18028
14096
9360
6927
14709
74
9639
18799
2304
9552
4475
7250
16754
8369
6235
14131
10834
7610
4031
1098
7336
16616
18830
2917
9212
317
5057
2877
6115
10087
3618
8136
14583
16342
5412
1283
7193
3463
1918
10992
12651
6029
3974
12003
5201
10469
663
6901
19848
8220
15945
17891
15643
3988
10228
17160
7792
12503
10112
4243
15563
3941
14500
12488
9640
17452
6709
7132
18937
16452
19686
4919
11461
10288
13768
8869
898
17979
14841
14566
2043
3377
5155
5718
494
15680
3270
3839
799
4843
6023
11490
12764
5216
5561
19802
9846
19138
5443
13327
13287
9116
16513
13267
5340
1955
6138
5548
6697
6956
17843
19572
13073
15500
17489
10571
4330
3780
12334
5874
8231
17753
4997
13000
18536
3208
1733
18682
2374
3393
10568
7922
15797
10059
13310
16747
18341
9132
9914
1819
12591
15748
5883
16233
355
4188
2615
12406
2496
11798
103
10688
14218
4055
14862
4418
19962
1959
14030
17146
5333
19047
2936
17327
11772
15073
7727
17574
14509
5004
19825
13571
965
7644
215
18952
15938
13861
9227
13356
5973
15891
961
9807
4279
7269
10706
1374
18842
4076
6569
7466
17809
14762
3511
742
17513
7589
3312
19509
19674
3884
1571
18060
1513
17059
16851
15089
624
16686
19463
7772
5546
11310
13164
17025
3625
7779
12095
4110
2649
2
2036
17786
2417
15678
2102
4130
3211
19521
13723
16737
9623
12824
13952
1782
1237
12884
14286
18260
5668
9134
18433
19661
10617
18591
18266
796
7844
5917
4135
741
19693
1931
17858
5459
12597
3552
9943
7853
10728
5297
6799
18093
15840
7972
5127
9370
3852
18615
17283
17003
1574
19274
5839
12001
2826
9867
17251
11971
19182
18875
5893
13349
2528
19399
13033
225
19164
6489
18678
3753
4351
19044
7305
14729
1371
15654
19217
1695
17884
8728
5591
5681
19721
12205
3826
12055
3285
7543
2753
20031
8665
15762
4815
7937
9988
14073
5745
86
4500
9775
9870
4083
16649
3373
17182
10180
14573
6512
8165
5589
14812
9324
8384
4023
6738
9741
16025
13379
4331
16826
6513
2699
16250
4573
8725
1112
6279
15952
3908
6771
16218
13771
16110
12551
2885
11155
10141
7671
18980
18347
5130
2542
6355
7698
3063
12315
19849
12119
4823
6912
14506
63
5350
4936
3830
19214
15065
16421
8299
4624
18
19864
2929
15062
14574
10727
16928
3380
3360
15833
381
8185
3728
17878
19391
1387
13171
10783
14901
16193
5262
6568
3610
17168
14789
3948
2456
15929
13444
4999
4214
9508
226
14001
11106
6278
17330
1301
20030
13208
2141
17184
3329
15013
4845
12190
858
15953
16938
3626
3287
9930
13950
11405
6110
12804
11473
2902
13176
6320
7467
15689
10748
15676
5010
13764
9436
10152
155
10035
5056
5464
12947
16567
2218
4734
14702
13452
4712
6842
11664
17468
18402
17570
5138
14523
13959
4126
8747
7956
15084
18300
3187
16028
5103
16173
5107
8576
12686
1605
2624
16153
14963
5669
7715
13319
47
18156
10653
11466
17504
16023
9142
15433
13104
1719
10314
7769
9452
9002
2757
8248
3822
3953
22
6886
2104
6622
3036
696
1226
5401
738
14337
14748
3003
2287
15506
165
9299
19392
12630
19490
6291
13665
6474
19299
4210
3986
11613
6758
19420
10358
1087
18158
9738
1166
8561
18605
17681
1348
19510
10367
5284
11870
10086
16617
8614
13892
9842
19682
12329
18320
19236
10999
6397
10848
11755
4248
5433
1981
1291
5966
17299
3586
3419
18029
7288
13934
1928
12352
9094
4540
8631
6597
13736
10304
5463
10669
11766
6401
6543
5058
7204
17791
17881
17953
13152
10438
1971
9131
14651
3581
11281
17954
14654
7513
2619
17547
9357
11138
6814
9603
13997
5942
11478
11784
14718
11640
10667
17856
8593
14095
18733
2261
18751
2962
14946
16830
14102
19091
17847
17893
232
4943
18454
19090
11365
9497
5599
739
6560
4175
11991
15374
19264
19829
16678
5734
8119
18495
12054
3973
958
4096
8802
6541
8797
9848
4662
14271
19499
2550
15990
10075
15284
12918
3416
17143
1439
9067
8675
7187
10920
6105
18769
8391
14845
17077
7773
18638
6047
17775
16288
625
9809
5179
8882
11170
6844
8300
14808
7385
15353
1645
12328
14077
6899
18362
15973
18954
14029
1264
14033
13513
10110
15813
19845
740
1416
16045
19613
9675
11928
11272
20048
15354
972
19150
10455
3317
18370
3085
13453
2599
16504
11985
5780
6902
12736
17311
11063
13615
11079
3433
6109
2799
10201
5940
18024
17393
15880
3718
14220
19790
10326
1911
4801
10982
5082
19454
5263
10068
5150
399
6815
18160
18484
525
10366
4910
2518
2714
17403
11597
5683
338
2882
15363
6354
9459
6692
11896
19692
11318
11908
6462
5193
12093
10650
12847
1113
10663
11655
563
1516
666
13008
15045
19729
14515
18383
6511
11703
4451
15826
15124
1084
16212
1876
18490
9176
14967
18421
6181
3640
2705
7280
18373
17654
6717
20011
7683
16013
15169
13595
14677
19968
3579
14520
13743
11151
1947
8354
13734
9377
3259
13856
10448
6776
5461
10985
136
7645
7855
1768
15667
2637
10978
884
19361
16953
6075
12659
5516
4002
4630
14634
15028
17069
1517
5132
3717
18564
1699
18722
4095
10517
1693
17517
16337
6371
6929
13697
1610
16175
10239
3734
1274
16160
15983
16499
5485
18690
15476
19196
3917
2741
2306
1775
8096
12304
16952
7620
8033
14214
2751
5983
10410
3222
13659
1563
1271
13321
7547
5855
13597
6649
7899
9266
18681
19248
15351
1781
5579
7397
14164
6363
6042
7540
7067
5632
18023
9546
13752
17034
7560
7197
10703
8263
10762
8992
8118
17453
10868
7737
8942
14109
19078
11847
2230
17950
15095
13496
935
5880
3061
11698
4429
19341
5355
6480
15099
15051
5540
4056
18915
15963
1894
10594
16139
12298
16326
14007
14569
16128
15514
13691
9292
18141
12207
16512
2602
18181
5153
213
9179
3547
8478
1313
3383
1987
14714
6630
13101
19590
11322
5018
6114
7636
674
16823
17157
8278
9460
16058
12058
14680
4543
342
349
3100
6379
11153
9289
6888
13148
9440
4984
5743
2290
13009
7454
4769
7738
6294
17215
4054
570
19936
2781
1559
1804
8228
16880
17714
8792
112
13051
1390
4690
19180
7739
4715
19390
270
6979
7862
5361
17815
18955
12042
19852
15698
8546
6206
9195
17189
1634
15800
15097
4133
15003
5260
11899
6267
12867
1929
4670
13556
2395
14226
6026
10190
684
1546
2604
14870
10911
16029
9579
11283
6940
11858
9521
16176
4567
17697
6762
9172
16090
5620
18360
6951
14163
6773
2821
6686
7741
7803
17925
13548
7100
16900
9117
336
10795
1922
5856
18665
2988
6177
10544
8605
4431
2558
10775
10672
16592
5600
14203
16940
17899
13799
12355
9821
18513
18390
10281
12993
17469
15532
7227
19733
17985
18476
16565
18253
2981
4568
9243
16530
8217
8660
12044
10497
12995
18546
18675
40
1650
11845
13127
17682
6950
11417
11206
18298
652
18959
16602
1043
13346
12224
17120
7982
17459
10611
15527
9480
16449
7584
7860
495
20024
10015
9547
18973
10218
9979
8433
15041
13211
19803
4677
16082
5447
19507
5208
9318
1239
18368
11480
4837
3483
1794
18796
13432
15961
5343
13812
2783
9669
12347
6325
13390
19789
15861
14316
18480
18660
19116
6577
10215
9345
3293
14751
1001
7693
3276
11362
15016
8505
1492
424
5305
3696
8833
13687
11564
13242
8744
8971
19018
7832
10493
4268
16166
7484
13701
12088
9499
5593
987
18708
19880
8405
13459
14637
12159
14059
2212
3763
10126
8194
5649
14212
4301
2181
3188
2216
13507
16493
3209
19777
12242
10419
7901
13756
10329
12310
4629
10429
812
8689
11479
17312
7677
526
18574
11053
5427
17702
6472
549
16598
7058
7405
13230
13661
3069
1642
12002
19074
16948
2966
20021
13064
18987
7387
6700
5384
17482
10545
1543
2109
6280
16062
17564
17560
4699
644
5629
17306
7873
18288
2123
17988
4502
4620
14383
10247
12946
7206
7424
1916
4746
14416
411
17210
10235
11901
10749
9542
8024
17882
14931
10198
18643
12160
15701
4474
15271
15214
19896
7152
18632
2678
5211
2596
333
3014
19470
7041
10390
12831
18369
8113
17171
7667
1875
7500
9658
17614
19065
7153
3954
5039
4211
11140
5428
12104
14693
3189
999
15587
8264
19876
19565
18175
9316
7712
13825
1932
11758
3442
9747
449
2154
10891
3111
5731
1095
8989
17659
3318
2302
10307
10225
6983
16933
3226
5299
17503
1545
18121
1205
5172
18788
5175
13260
4783
6750
2564
10435
15839
12752
19488
10554
12795
5388
14777
1161
2110
835
19346
18164
15443
7145
9505
3559
5746
11372
2997
7233
9874
695
2195
2227
13775
7710
14054
12836
14409
13603
12753
220
4896
3066
8013
6153
18379
10253
1631
19709
1443
11555
14117
589
1660
11558
1124
18839
7711
11245
14093
17335
4220
1780
1455
6744
15805
16537
17997
16729
10586
4643
9503
2082
18180
9306
3224
14824
19646
9771
10479
3239
7139
10074
1335
3583
2628
9897
16580
6148
6157
5539
7812
6147
9794
3117
10033
2455
13549
10331
13283
15031
7356
19086
1555
10293
11305
5180
770
959
2042
14996
19021
6853
10530
6253
6448
16385
3048
12259
12987
8452
8449
13674
13901
18616
6168
4616
13946
9277
16322
18122
19818
9739
557
1092
17715
4359
6685
12437
2176
8328
11224
3926
7725
3666
7857
2875
7408
2828
13087
8065
19665
18964
9766
13982
18543
10887
5102
240
17836
17229
17360
12585
12848
18850
14986
10383
5864
3939
1311
4019
14615
14635
5290
14134
7969
7271
1785
1319
16261
11857
3392
10048
4022
15980
8743
3479
5554
12955
6338
4639
10633
16777
9660
17088
14382
4059
6605
4493
18934
8699
14259
1344
7092
16912
4644
16279
6207
13929
14314
14982
14906
17388
11136
11399
8175
11589
11203
10721
2782
16604
17308
7292
13800
10037
19800
14243
14857
2815
19201
10402
16838
19458
3880
4739
14779
18212
8317
17118
9926
16577
4356
4457
2508
10058
1354
17739
3615
8519
14213
5845
13401
19887
11581
15398
12905
1050
17515
17536
9576
19505
18515
4834
6129
8361
423
11519
9894
4755
16615
15718
14296
9890
3637
4522
15489
14787
2594
5984
1034
13837
13410
376
19820
2814
3398
7298
10032
19404
18607
12377
353
17237
1544
16844
10146
14972
2294
513
11509
4238
8291
6323
12
5677
10089
714
6477
15716
4312
16646
18749
6538
12548
13228
950
736
11801
10681
17736
321
6195
3965
16234
11754
9964
18464
7686
19145
18676
1194
16381
8063
259
1734
7155
15070
15658
19157
5101
12923
9337
4791
10864
11704
14387
10274
15023
16973
17065
4470
18721
6590
17587
5311
19828
13648
18932
3020
1582
2027
7541
11176
4119
17317
14750
313
2004
618
12529
14349
688
8890
6409
2728
5520
17058
14835
14378
6440
10270
19571
6571
15128
19555
17895
6891
4773
17543
18852
17128
5203
11809
19314
16597
2656
4062
9323
6366
7717
18725
18863
6586
14928
1805
13582
12886
14282
4892
2556
13527
18446
13512
3577
5282
9237
9702
3309
934
5071
11794
18853
14323
15511
10319
8723
15205
1260
7881
17203
1528
15068
3343
8284
7553
16825
10725
1077
15954
6732
17250
5486
2857
13889
4973
18041
17848
6438
14844
2673
11482
5269
6855
11443
16392
2889
20025
17115
18492
19751
4787
14289
14498
16390
18276
1623
11481
8952
7460
16429
9304
3797
12348
2739
1328
14318
1864
6729
19501
19484
8898
11580
11267
15611
19160
12274
15589
12690
19130
12564
2342
17763
15580
17716
15572
13913
1488
3958
4246
9081
10718
13377
1225
7533
12249
14688
11959
19566
18534
14545
19292
14326
12402
8906
13369
18784
4552
14827
19233
18042
17745
3644
2359
15626
7790
10913
4190
3824
18443
2973
3245
14166
17617
8108
16265
17109
17719
3582
4955
3561
12295
16330
4764
14159
8095
4593
8377
761
18410
4398
846
13859
1292
14670
5404
15802
13679
7050
17943
12839
9326
604
3603
9535
6785
15042
15774
6016
5913
10269
13695
19304
128
1156
12059
3655
16332
450
11835
14369
18559
1506
11769
6476
6150
16992
6085
15899
4177
3690
8924
14253
10133
17499
10729
1769
10899
9335
5737
16227
7275
8477
582
8473
9957
17668
18726
17591
7241
17814
2148
8762
5209
6821
11631
16411
4103
8784
6420
5015
11799
14874
12876
8192
3646
3334
14623
5048
16293
19532
4635
14307
4223
9559
12608
19209
14368
10654
18810
4745
5230
14678
15818
12844
13462
2790
2664
12373
15047
19785
7040
11512
17924
1498
19016
8612
11900
6055
14025
11346
17233
8518
16711
9014
14110
16057
8497
7630
12714
847
19881
3901
15695
4104
4203
3213
9071
14699
13338
13320
17673
9011
1653
12367
1926
12405
2444
10137
11667
6076
14228
3026
13358
15648
8008
3403
12366
10714
4874
15050
2075
15837
2640
10765
7412
11687
1747
5182
13838
16744
16485
18836
10948
15446
17810
17831
7444
3088
12598
6582
11237
5684
11134
12468
414
10821
8111
8349
15677
8916
13430
3284
15305
8667
1204
6852
6469
19301
8521
1726
18222
4674
12471
16527
13045
19761
10912
7535
16494
17944
18992
4088
9303
7465
3710
16120
9314
17474
12798
10407
5426
13047
19854
14031
4676
7279
14199
1524
18380
9451
13308
19469
10457
15154
7604
12397
16170
651
9665
12375
19442
19685
14577
19427
8647
18969
5868
753
19327
11627
2677
4848
18087
11990
8506
14691
17221
18691
7016
11740
175
3512
17106
2737
19407
11099
9455
11273
9624
7172
14121
340
17820
4684
7538
18636
10223
14285
18314
8484
8738
13190
1633
19058
9948
8222
14665
5922
10356
12707
2946
18855
7212
781
1531
18849
72
287
747
19279
10781
8697
12140
7679
11585
11699
10673
9727
2571
369
8089
3504
7452
1039
19144
18357
4440
12138
17030
3352
10918
3936
5053
9031
16432
17275
7325
15783
2029
7989
16568
12872
3842
9099
1717
19844
19295
5207
9884
5043
12715
15763
9414
2246
18674
17049
13229
19081
15644
16334
576
17787
12168
13492
11514
2116
16638
15510
4320
5140
3108
12050
5740
17634
1977
4226
994
6131
14997
13075
9668
7098
14767
17426
15447
19676
13275
13014
4926
16839
7048
3071
17437
13810
2201
6769
9991
10925
1598
4364
14264
18099
4520
12221
17592
10346
11741
4089
15898
2333
6830
5563
419
6759
6567
19855
11911
11549
11290
18856
6385
9539
19238
7469
12250
390
19906
4586
3604
7025
5610
18793
13212
11639
5736
12618
15864
515
18110
3311
10119
12099
16064
15966
3703
7179
2702
3264
16038
19235
19530
4800
5538
17471
14652
6360
18335
12068
5739
995
12212
14167
3524
8670
5637
17794
4657
1420
9851
1896
7746
13617
12989
6546
11274
13004
19812
6664
15232
5212
3980
15502
10050
3146
11710
10532
5002
5646
11073
6106
1010
10947
4358
10953
11672
14335
8930
5982
17454
16903
6046
7954
15366
5308
4597
421
19582
378
10463
17556
14168
12571
3411
3379
4381
5479
5026
10301
6408
8079
3246
4594
4329
7324
15367
4905
15754
10124
15959
13640
18148
14526
19125
17044
14679
15401
5634
16396
16472
2855
9622
984
18363
14181
19115
3175
12067
10525
2173
17238
12983
6608
4893
4334
1927
10567
8362
4180
19792
1162
16714
18885
1504
7136
5805
62
3553
18463
12788
10179
3335
12628
6754
2112
18146
18963
9922
13610
18088
4725
6611
356
19634
7123
8556
11251
5993
11297
19687
2205
6378
4880
10418
9625
6442
19009
14902
4122
18400
13561
9752
275
17824
19165
14373
2134
10811
6596
7189
16178
1848
17975
4212
8155
5678
1679
16076
13898
448
1656
17740
17062
8618
13311
19012
14027
9843
17877
756
17072
3436
12487
867
1937
4254
297
2840
16362
1621
4299
12060
14668
15234
3892
9910
9661
11320
14620
3674
10577
6446
9019
19342
8215
16426
16910
19159
19480
5918
194
13302
17675
6107
7885
7777
6764
8438
17102
14190
12394
12719
3720
18735
18975
6463
10763
19567
3817
14519
12217
7684
18673
3194
11733
5702
17923
2244
14809
11351
15281
9029
1788
1503
9858
11727
14613
8657
7872
8395
12023
5535
13420
4737
4012
16252
5549
1635
8050
17004
18767
2354
16347
4934
10832
14664
9472
10582
19347
16389
7719
17361
16154
12351
4610
7936
3992
9653
2552
5556
3857
16822
13781
2059
322
9445
896
18986
12724
12484
7578
9631
7502
12120
9643
584
16225
13143
8105
8223
10991
7228
6186
14125
813
11428
15365
18618
124
4861
15461
574
1221
808
11506
13763
4560
1023
18137
20022
8602
19747
16487
14629
14274
14080
15244
11562
5851
109
2720
16187
11605
4537
7959
8790
9269
11430
3055
682
19625
18901
12299
5846
17195
15032
12026
9201
190
10946
7713
11108
4569
13713
7318
552
6216
8455
19088
19807
15449
6826
13718
4625
11818
11898
3765
12748
1454
811
13473
17451
3178
16971
7285
1651
18710
16275
13010
14139
13503
11879
18011
18566
18127
18107
16457
16097
16572
6772
9419
7800
12949
2719
395
16180
7379
16151
4079
2951
5354
1155
16431
15439
379
2069
3855
12803
9311
2744
7194
18063
7156
19612
8364
5020
8218
2107
19925
13324
13585
2926
18669
7300
2767
16000
6132
1952
18220
11420
12410
9381
16444
12675
11796
14517
4206
12193
16931
10047
5013
19977
8160
3505
15875
7341
13557
15155
4767
17117
6436
12414
12902
7753
17676
4778
1976
13988
12819
17073
14144
7104
9001
12972
7786
1273
10799
2641
13747
6825
11622
1368
2570
2657
8936
10651
18791
9028
11375
6144
5409
1290
1505
4977
4121
17231
14070
1403
18200
3935
10964
404
13869
1332
12065
19475
15884
12731
19351
5781
784
9479
12247
17177
2185
17834
5391
4239
6092
19443
16998
14949
3147
11107
18631
8582
15979
2209
1758
13668
12781
1144
4343
14062
14885
9545
7847
1566
11942
13272
9168
380
8437
18697
10534
9697
17908
14757
12398
2574
3650
527
17903
13254
9619
11822
18118
7134
4332
17652
4776
1364
207
5303
13194
2132
7178
2913
463
17273
6723
12430
18892
8261
9941
18503
12976
7932
2458
8726
4310
18706
13696
13716
10936
3514
7110
6746
8843
10993
17246
1090
6619
8000
1849
3849
17457
18237
7149
8106
874
15469
2238
9478
11487
11956
15858
4182
10259
7253
14936
9720
14659
10036
1294
7017
13608
18773
5239
10475
6727
8611
8329
6716
16320
2587
12694
10886
4259
15881
10417
16130
3575
2762
14965
17792
8078
13629
11221
5518
6787
11495
12514
5537
19580
9649
6357
8965
8133
873
7835
15607
4813
17916
9366
10249
15657
12648
19632
16014
8226
100
13832
534
18100
13914
14288
13477
16566
1299
5882
6963
5115
6807
13985
4571
11252
18871
8978
387
5542
12717
2164
14306
14261
2831
16190
9667
7672
14492
12292
15024
15441
8692
6703
12517
14119
14039
7225
12447
18417
4966
18334
7128
5826
18926
7744
13407
19610
9511
11732
4719
12472
9708
13091
18847
12251
4681
1967
1170
2846
13241
12018
7209
7782
13385
9391
11464
11092
13598
4930
12610
10981
12928
551
5717
7755
2269
11064
1925
3493
9750
14884
18265
17389
5758
1608
4711
2130
11228
6315
18787
6656
13977
38
15852
6971
15
8961
3338
6050
4506
12662
8668
5852
3008
16199
19035
1880
16078
7237
3212
1074
12971
19735
2221
439
1451
5704
12985
14551
14742
5353
13144
60
16152
3612
10064
926
11033
4115
19636
12072
12453
10627
18282
11098
17928
11914
6065
10951
12012
14094
9192
18279
9035
12909
5790
18878
9932
10869
14616
18651
8178
5821
11175
12452
15376
7511
10131
1422
9581
7804
15196
9637
8691
15405
1641
10399
8871
1107
6171
10005
11953
9900
4242
902
5914
18185
19626
11586
12473
11110
3095
12157
18953
20049
12461
1045
2178
3432
17363
3319
8230
13475
9972
949
9281
729
12794
4215
3647
7322
11572
16460
8542
15583
4508
6293
17359
9995
3886
11265
2644
19037
2462
8587
6657
508
13334
16964
14741
15768
12445
18017
968
20053
4685
2985
2393
1235
4165
1832
9475
2356
18079
14267
1377
18529
6229
17455
15334
9450
7889
14160
14935
15815
17323
10730
6199
892
7918
7088
5895
9474
3767
6283
9966
14452
4298
5113
10019
19739
19992
5357
16693
15240
1278
1160
14361
14328
16962
16899
4706
13823
11760
2064
9533
16158
12775
17255
3776
14449
14900
4384
11652
5252
15193
19117
2275
13396
989
19681
19672
9487
8846
18311
1143
10940
15188
4286
2893
8372
15404
8067
3130
16295
11538
11248
11360
2339
17969
1396
11910
3438
7154
12477
7106
14544
11154
2026
12474
4964
19242
10759
5953
11109
18790
13744
11319
13905
16119
19430
1238
3017
14710
19489
8750
7949
3536
11205
15623
6424
5604
11191
7824
4460
8262
10636
5074
13626
7756
2357
12915
4321
15146
7252
14822
4607
11523
13868
1324
9139
8781
10231
19310
10100
14390
7268
7081
5666
4660
7425
13395
10151
12627
16920
5482
16458
5452
2607
4098
5250
9839
478
19210
11312
15311
8841
14977
8955
9520
4484
19421
4344
9181
14694
17193
17410
819
6599
6710
15743
11838
1115
6285
17796
18218
18613
16542
1890
18458
488
6123
11114
4494
1012
14036
101
16955
7562
5397
7474
14184
14217
17385
516
16556
5752
18108
12904
7670
15943
15757
9698
1958
16684
538
11096
10471
1703
14012
6943
3679
17698
2816
15812
7103
18365
14179
10299
19183
18455
126
1602
10216
9755
6549
12664
8739
13371
1080
10241
12716
13457
5511
6172
1553
12927
5492
3447
697
4229
3937
10464
11246
4578
4583
10309
15951
7087
9473
19496
12829
2147
14486
1245
4371
261
5562
8995
6057
14458
14278
17557
17386
14069
15950
3351
11012
17039
13039
12309
18625
9221
4726
14682
19474
1191
18950
19520
201
19352
6214
1728
804
7955
15006
14380
8565
4709
13751
19813
888
9602
19508
810
2504
13300
7579
2330
12554
7124
7159
10665
838
19579
14089
12446
8730
2248
19851
19482
13801
3508
8814
6022
4976
15787
17909
9319
4615
13392
6124
15278
12162
10405
13115
2310
9344
17705
1991
7925
5345
1705
8548
6721
16587
16030
2343
7455
15996
845
19303
4051
12634
18473
17472
10573
3931
5139
4534
4623
1812
794
14132
7034
15516
9855
17132
15203
9760
1770
14178
14608
12866
6396
18228
1059
12434
3844
12269
2018
9783
15460
16812
17927
16892
4318
4654
9037
10858
10382
7771
4687
13945
18008
18742
18802
138
19853
7328
16890
13586
10007
2266
10668
11753
12087
1822
10719
6857
4081
1262
8146
16316
6589
7654
13079
2129
16335
15121
4885
14915
19748
15430
10474
4707
16575
8104
127
18330
5109
6066
11788
2005
17484
2490
4939
7926
5763
6464
18462
19875
3645
5228
19698
1836
12196
8962
9375
11257
16946
1259
13450
3291
7591
13878
10692
4173
7996
6510
6537
2068
246
6866
13487
7417
12684
3661
5450
9996
3176
14866
17507
13829
9285
9993
12722
17712
2787
5089
6781
444
5327
16026
17230
13631
16794
5205
15452
157
9598
5131
170
8448
11144
1692
18030
11284
17485
9204
308
18857
1118
17376
9257
19441
8830
14803
9268
5830
1479
13271
13758
14886
5545
4278
19175
2813
7163
15794
17889
13295
7938
2627
18945
1423
17679
497
18753
11141
18129
1663
8040
5920
12079
9692
6954
5497
1933
2940
11263
10016
11531
7053
8638
10859
13941
9350
15914
13086
7921
8311
8951
18038
7950
3877
13875
2150
19954
17897
18491
4512
767
4372
7652
8807
5658
14983
19552
15290
17483
5534
9348
16734
1697
4348
16768
13553
19386
7960
11197
2759
3984
12652
5104
4136
16451
4249
7219
13214
9412
14529
2755
7290
4854
4922
19003
16898
245
5264
1467
15206
17341
9416
14198
15551
11747
7031
18203
16722
4796
2065
492
15986
6313
2865
17939
7839
13581
10486
10610
14942
11880
4
18988
13266
19911
7349
18826
11624
16274
7340
8669
15871
7994
15926
3576
15176
7213
16814
18467
6227
1577
3760
17465
8537
11209
1058
1437
5259
1232
7010
4530
12614
4876
11778
3587
10140
7774
19862
15233
13252
828
12034
6485
8845
18908
402
17083
17963
14136
17284
10874
1886
6494
16515
7958
14778
3123
13147
1982
6747
11946
2207
5090
18318
17582
7597
14024
6573
13231
12780
5710
10519
19965
6973
7245
3012
3813
3768
3089
11924
19462
7135
4477
474
15175
9392
14882
2214
9191
16800
2235
15014
2493
15515
9020
3387
8970
10423
5603
16311
4744
4057
6475
3648
7389
5242
12680
18545
11649
5927
3546
18970
3096
11142
1682
8167
9782
3258
8754
16437
3863
18577
17645
3678
16633
1787
16555
8889
11121
751
11397
483
19695
14479
19822
9076
1765
2477
14919
16222
19935
13545
15349
8043
13926
20027
2099
2549
7530
7143
11777
14660
14860
11345
2078
8381
8642
15810
10291
2299
969
2595
18630
2851
14339
8760
15560
15230
4367
5962
3807
8337
2353
12760
8251
19372
11088
17123
14112
1178
18711
15775
18348
17480
19639
12286
11013
18420
17087
3875
3477
14628
6938
1378
9970
12555
4300
11388
6053
10237
15197
4511
17541
13547
15482
14384
10099
7528
13806
6768
2817
14920
15870
16148
8640
11671
824
4866
18035
8120
12238
10246
10002
15723
14985
8968
8682
7377
456
11903
8886
4395
18558
9171
2378
16067
10227
18092
3339
19973
14645
16767
3082
14346
7125
18890
11593
7446
9822
16705
18128
15916
14904
2451
11424
19187
2252
2583
6916
1432
15704
3529
368
9012
7701
17164
3497
9065
4875
7583
2031
7215
19034
12333
17710
18264
17693
4981
6936
14317
12132
1099
17382
7407
5715
19998
19569
6838
542
15182
1884
19309
13672
9272
12179
16901
4932
13986
6918
1122
2229
6322
4373
9871
18482
1435
16393
8357
9923
13423
12809
17379
8041
3805
289
13904
17822
8831
6639
16488
7586
10689
9408
559
6077
3315
7027
19168
7060
3049
3771
1281
1774
12109
16200
18262
13207
11049
41
13146
9745
13141
16781
2165
12874
16075
17569
7798
19267
8646
11923
5797
16736
8237
13021
14570
16376
15946
12417
17811
3629
12234
14630
17548
6373
15756
16520
11637
19432
12499
16975
15001
4750
17803
1490
5174
10434
2534
17199
15554
9138
7993
19174
17769
1821
7365
1701
16784
18782
1307
3570
670
5960
4832
2089
6515
16453
16314
9252
1006
19305
18912
11547
4556
12019
3025
2328
12616
8972
14441
1093
1051
15254
4469
2567
17636
4675
14734
3046
8474
17776
13439
4609
4199
6865
17707
15969
19931
16409
2952
17658
11634
7876
16244
10824
14692
17140
328
7762
9763
20013
17116
699
15849
1554
2289
17942
11344
12391
1866
14032
7631
10275
2743
3713
3978
1746
15543
6672
3924
16733
12582
18376
3672
9573
2284
2635
17067
17666
17506
2023
5087
2911
6158
5527
1988
11723
1320
15985
6876
2812
6411
16205
12174
18310
17494
14889
19122
3370
2340
11964
7819
19708
3480
9110
15492
14681
12535
11456
7423
14066
6836
12969
17687
8627
18612
16658
13992
14461
11648
6152
5247
5500
1681
2499
19559
9684
16862
4538
285
16103
1865
19659
15345
6155
1744
11218
13620
15098
2438
16991
15853
4441
5475
19097
18027
2208
8949
3473
16766
4760
743
5881
10416
8314
14619
16255
7063
18250
19403
7749
13651
2056
15103
18845
9566
8090
18189
1686
14895
3861
5227
16126
12021
19909
16289
14758
9881
11717
12342
7277
16511
1892
1025
18091
15803
18661
4614
3102
6907
1309
4923
3628
15145
8712
15710
7373
4378
5626
10335
8100
429
13436
147
15387
17594
15559
588
69
2645
12613
1220
4213
6493
3105
17259
8219
3428
3641
18537
5168
12262
4617
1534
4826
12285
17514
13292
19779
8664
19531
18731
13205
5442
17398
13427
18489
2017
3140
14528
11126
9716
14514
9818
11067
1150
19202
689
15975
17318
15223
12490
749
8283
13404
11139
5938
1829
6675
9805
19953
11821
10879
1227
7150
19278
4505
13721
9026
10170
11694
15066
2326
12064
16027
12308
7632
13858
3324
12338
10695
19908
12950
3120
11348
1803
14090
1330
1868
3267
19002
5484
16136
10959
13958
199
9597
13895
5967
14918
15264
3182
9560
15389
11035
19251
15844
8585
18894
2643
3090
14607
14013
2529
16138
9634
3168
7320
18117
6924
1539
18887
9454
1125
7781
8277
16725
13134
15892
16403
11566
17605
17805
16751
8084
18650
12424
8536
745
4111
16465
16983
6061
16159
11657
19689
2735
10499
5066
5389
303
3676
11270
10111
16727
6091
12952
12293
10441
10564
8899
10587
2345
11241
12951
227
8092
1449
5287
14958
970
4232
2683
301
14656
18645
1580
1470
15317
13103
10592
13636
15638
14653
14393
18176
18806
19385
2279
7765
13313
19891
1040
19749
8849
6449
15573
8145
7463
9154
12306
9100
16194
13374
12279
6873
646
758
17841
8948
4935
445
5021
19882
2198
5831
5014
1337
13233
2856
1026
14336
3042
4112
7177
4581
3154
1254
5687
4698
17092
16373
9762
7491
135
7422
9978
9219
10547
16410
16570
8763
17190
5884
9540
12271
9728
9642
18431
5045
5776
16107
16904
18395
4369
18104
3092
13502
359
12133
417
12083
19766
11767
16084
10849
11321
8985
11200
10747
18679
13760
8590
3976
88
10470
19513
16329
7952
5032
6012
10509
8788
14295
16113
3414
5470
1834
2375
18904
16183
10460
6715
4414
19642
19446
17408
10815
18629
12629
11598
5068
5572
13568
17960
19929
1303
18995
13973
477
7078
3870
8087
17460
13257
13273
4405
12566
4417
5490
17007
4588
8827
5985
3942
11824
11361
11455
9310
17422
1304
16399
13818
14193
4788
9122
17387
11240
7483
9439
7114
15292
5690
8183
8895
16786
11166
4273
3993
8705
15173
9220
18036
10233
87
19133
1198
11242
2675
2925
5628
1799
16815
545
18415
3858
6156
6786
11536
4700
352
3609
8861
7013
13518
18102
19298
19619
10054
4026
5762
6243
14555
4929
15590
15740
13438
16146
3444
7682
17920
13151
12522
13965
19594
18416
4421
14142
6059
5796
5975
2631
10535
13850
12407
3812
16540
12657
14465
18775
14303
16644
17637
16470
8541
4688
7316
8132
850
19798
13646
11022
690
15888
3290
2871
15646
3368
6198
10660
17119
16865
10917
10503
1380
8121
843
13348
1613
7030
14591
8450
16645
19726
15341
5662
9025
3594
3475
13441
10321
19284
2726
6623
14330
19495
5276
264
7398
4420
5217
17134
3894
17521
6741
15018
2537
18641
2106
15832
12942
14480
16660
946
2373
4149
15984
11508
19261
6897
4608
16416
17759
1662
15358
9271
16318
2527
17510
4077
16671
13849
9352
15907
14275
14011
9321
3702
12734
7201
10337
1341
17984
1898
6481
17060
3859
4756
13911
9982
16258
12745
11751
12713
195
6402
18195
4274
1460
5446
13317
4117
1356
13394
4833
12575
1997
7747
20029
1231
13263
15123
1739
2073
16425
13614
7072
19871
9662
13016
15270
16486
3741
10255
3295
7861
11590
43
5817
10502
5526
14488
5291
6813
3410
13206
17978
1979
11060
15822
211
12206
7332
14943
4802
19740
4152
16404
19503
10155
12700
7879
6426
12939
16557
15601
10712
1716
10353
7961
14478
17446
12801
17929
1939
2842
12744
4985
685
10889
5046
3384
5641
12863
17931
467
10621
2548
6429
6997
15253
19135
5052
2014
1433
5084
11293
622
473
8182
5091
13277
2581
12208
15408
18709
2944
7807
3873
4020
6757
9872
12210
17018
3434
10143
1638
8058
14211
11071
9787
9823
16719
6089
6262
16879
17461
19869
18634
8134
7973
3321
15842
3005
6321
12921
10118
17918
17127
15725
17691
7639
8996
19847
11050
7561
19316
15450
4601
18435
19103
14813
6883
7660
8431
13709
13038
17016
18989
5012
19105
12204
12301
17009
11315
12219
4227
19354
408
7492
9919
3663
9659
19921
9769
6978
15083
19574
976
15942
9954
4851
17653
7590
5415
2655
19022
14858
9115
705
14913
12379
839
2681
12574
5249
836
8694
19711
17869
2380
15691
773
4184
13720
8271
15562
15152
4774
1007
18440
16984
17086
9999
14818
10157
12332
10359
16858
4904
11522
11100
2975
2322
4535
13535
15550
13265
7086
14951
10904
19357
18232
6587
15915
939
19684
11709
17540
6668
3651
2494
3652
17181
12465
7979
18051
113
10533
11288
12988
6909
14711
2426
12491
13414
15100
3846
12879
15941
2010
9279
10866
9895
10339
1912
13862
10713
7198
6269
16550
19259
13289
7806
9356
14191
16135
12607
11981
6329
13909
9815
3828
9228
11889
14437
7934
10731
1447
2428
6484
9238
295
18197
13815
17952
8480
2211
3152
489
19219
6024
13298
9066
11173
19738
19306
14713
16532
19889
509
7015
17295
9537
8394
10882
4109
17475
7473
180
18397
9249
10323
18152
14186
12860
9073
4039
3489
15567
18798
20
13126
11544
19901
19671
14241
4516
6000
15382
9022
8420
1446
14333
13133
5524
5543
6892
2066
7256
12679
11915
7690
7896
12027
2704
11130
15581
3277
12143
364
17185
5515
15229
19325
12273
2632
9527
2033
19584
299
5720
12776
8338
11559
13504
13161
10122
1597
8550
13380
7814
1862
13370
19967
7842
16724
16914
1502
19241
4337
11385
9347
13336
13994
10320
9361
5939
18471
3158
15578
12498
16210
3907
5801
10280
16496
14352
7477
13058
16400
13627
9300
19736
16696
19154
16642
1652
16423
595
5405
18864
15473
14684
12645
11696
18507
12139
2905
13835
17669
19637
556
648
16412
42
20055
19170
7567
19326
1086
14358
17002
4352
2136
16350
6103
9831
834
6877
16077
19764
4265
7223
17586
1193
13632
294
15660
16377
8189
17643
7102
10488
14481
412
9492
18877
4482
15690
4345
11358
6595
8812
10322
16613
5558
14474
18436
15464
18048
12202
1784
7468
19358
10987
15886
17012
13715
5086
5587
11553
3422
9927
19746
878
6702
15702
7728
15686
441
692
8350
4151
16398
3540
13947
15726
3766
20044
15767
6170
2919
19070
7615
9608
3054
14597
1251
2998
3366
9657
996
2213
7619
13677
3736
1184
16950
19129
13027
7440
14400
596
11658
20023
13528
12561
30
17419
7289
18916
8954
9694
14183
9975
3617
2778
11891
16167
3282
11329
19368
2222
17735
18921
17699
14048
13803
5711
14268
2500
18272
14641
8979
7915
15368
6631
11578
7599
9575
2660
9992
11576
14512
7419
15633
10148
5118
13870
4716
1712
11600
11381
8832
15728
8717
6117
14297
2520
8239
8399
15582
7565
18406
5454
11792
11132
15734
18354
7913
1131
13417
4827
8322
20008
8759
2242
1885
8140
16065
6695
20040
1445
4870
7789
9904
6935
20009
19573
15684
11770
1659
26
18075
7364
11894
7859
737
4752
8341
16875
2957
5779
18056
13060
17646
5244
2565
12721
11682
18332
8214
18364
11363
807
6466
2429
4941
6073
9726
14016
14129
9685
14532
17553
14960
8746
14850
2711
1802
4315
17478
7995
16266
17052
7296
5224
11521
17169
17583
14028
14172
15295
653
3265
14308
19324
13195
13943
1089
3602
14476
9405
3241
8510
19014
16209
17404
14671
18664
13381
4290
2300
1825
9735
13163
17047
7886
667
2250
8464
17022
5529
7692
11204
18281
331
6643
11748
2794
10986
2638
2270
18132
7382
4811
15944
10022
13137
8713
11476
18825
1129
17497
18895
16774
11128
14180
15597
12705
17024
11437
3800
4456
9864
9695
3112
16115
12272
8171
9852
9751
7077
10551
1861
5977
2688
403
18367
10250
11848
3230
3050
4618
8109
6804
11977
9514
19732
10805
6078
3796
2276
3174
12880
19768
9155
18210
15694
17081
8415
16866
18720
10138
1298
7044
18136
17551
1708
19893
14602
9590
17524
11768
1164
10548
2806
16
17432
4107
13963
10079
5055
17085
11105
2676
2502
10209
3981
1340
9939
4433
13480
4640
11219
3769
153
11032
10922
7529
14327
17565
11913
9051
18741
2858
6118
6327
9567
3186
5531
4018
14196
7402
11188
18204
11189
798
4542
18914
7793
9616
6795
13949
13514
2898
8736
10556
18506
19148
7509
635
1326
3545
2335
3052
3571
8379
18050
5078
11201
8245
217
8376
12526
11815
13368
11560
18993
8820
187
15011
183
18071
4200
18527
6539
13786
14469
8931
9531
10512
19262
188
9210
14776
9611
1256
16571
5995
14060
6393
3621
16657
1824
2410
8255
6209
19892
8279
5903
14432
2338
18715
15636
236
3093
531
9489
18922
17518
2718
2188
12462
1565
11333
12577
6192
5941
9248
4416
1903
17956
13097
11743
4865
3062
16280
2098
16917
18530
2765
14930
19271
10600
9796
391
10812
10780
19270
3750
18058
3783
1217
18053
8798
17045
9074
3991
7506
19162
1300
14273
17137
6256
19063
18745
18688
9173
8456
9141
18350
13922
7580
18588
17282
1846
3274
14643
13482
12935
16659
16352
6113
10073
9180
9959
13554
12525
19288
4554
11069
12711
19224
17421
1213
6662
1710
9860
10696
13154
19601
11258
15275
6288
5466
9004
15772
14905
5471
2243
14149
2670
3667
5958
18562
2553
7448
19333
2273
2480
1297
16655
17355
9621
14494
7089
16704
1190
851
1776
13609
6430
2864
15940
2801
13434
107
11243
3732
13584
10622
8973
16239
5240
14446
14266
18966
15872
5671
8672
3195
15521
4218
16088
9148
14772
3631
5521
18477
14947
7629
17563
14067
12085
10792
2009
4632
17309
2538
11378
1083
12875
10652
6290
2476
17294
8517
6316
11239
2892
6634
12605
9008
3275
630
19181
12030
17297
1972
1790
3558
7234
7569
12807
11078
2431
14413
12075
10090
10852
6734
14207
9302
14420
17859
2347
19700
18046
6903
6163
1028
519
9424
3584
19315
8026
2422
17392
7003
19045
1427
10431
18729
4918
1973
16949
3294
7676
13259
9827
9779
2535
883
8416
10589
14701
4692
15314
12336
341
17209
19643
5129
11037
11886
11551
18274
10428
12636
6681
4533
14587
10316
4208
744
1269
8752
2379
17999
1367
8522
19570
18229
2948
11493
8980
7184
19923
18275
11922
3808
13007
17055
2007
14511
11722
5732
859
4824
4761
14980
7117
1366
6372
15592
13099
1801
6008
16999
1312
7552
17290
14907
17516
15661
17322
2843
17152
19884
15429
6850
6286
16559
9577
19032
4809
8292
6031
14263
4860
10845
15269
11806
7856
19266
12346
3883
1629
13494
11949
801
11124
5602
14353
15420
14351
3966
9444
3997
13347
12229
16061
9270
13093
12439
4622
13888
11885
15390
7576
9984
12580
4806
11935
15069
9746
14952
15753
8559
164
98
16930
1128
14365
11601
3462
15112
17050
464
14281
9673
6135
15632
8987
1960
2610
11412
19537
6471
14140
4963
13903
5288
12617
17438
3607
7984
13203
505
14978
11986
12425
17958
19666
1428
2079
17694
14730
14575
10766
8045
17537
8659
4954
14205
797
19498
15968
5560
10998
9226
17876
18938
9229
16595
9398
3231
14428
5926
857
462
5186
18525
3816
1999
826
13539
5158
2568
8507
14644
5774
13656
7238
10790
19905
8052
10994
12356
12495
1893
17509
18173
15104
6486
7261
14799
5672
19118
18779
1408
7945
12069
725
16127
10726
1321
7818
7998
6244
821
6833
18581
15889
1956
19799
8227
5307
13839
15027
7207
19008
957
9265
1029
9236
129
18198
2097
16109
16483
392
3623
17343
10082
14568
354
17778
15299
14483
13256
14848
17414
7507
4890
2605
5674
9974
12187
18844
8308
2662
2122
15262
2482
16018
8658
13001
18378
19907
1762
13332
4561
17439
10829
7304
5665
10295
9119
2350
3967
8524
17212
11016
12587
7891
9952
19838
8489
2389
10938
3790
7242
347
17099
9428
3243
9491
14501
18876
10480
5943
4147
9465
2561
19830
19715
4075
6063
12590
13663
4114
11208
16141
11023
17865
13036
15220
18818
2621
18639
12877
6761
9518
16186
16015
1840
16564
16612
10857
5416
12442
19485
202
18593
4125
15286
6037
12359
16050
19697
9290
16094
13550
16049
6707
10213
7990
18078
8495
19988
11498
17372
9938
1533
7138
14933
14518
19057
8959
15263
7525
7616
2932
1075
5436
7794
9950
19577
18268
18760
9185
7097
11279
1930
19481
1611
10195
9587
8324
11700
11742
9663
12578
919
15922
3482
11844
13616
15585
13274
2724
2830
5371
4166
15219
4498
18062
14493
18147
17593
9934
6980
12838
3683
9484
8584
9420
15391
8197
1216
6215
5438
7866
4154
14374
5912
4297
14726
3019
5606
18439
12032
7716
8622
3240
1014
17757
2903
13647
3909
12147
18584
10609
177
2991
11325
2497
17368
14246
12144
2412
4459
14234
8607
3793
14389
3950
16165
1950
15692
1372
19548
723
208
8553
19587
14784
14966
452
11789
3486
16344
16775
11040
12994
1789
10189
6362
3041
1838
3556
6353
645
19835
5160
1224
4134
9564
2827
16116
1280
12184
2710
3
11164
6684
20056
12646
12689
17901
12456
7574
8131
12070
18586
5387
16833
19000
10716
16870
17818
1532
17036
8526
2421
19190
10003
472
4091
6763
10942
10169
13757
9064
16888
18331
8168
1535
1296
5611
19225
16738
360
5145
12789
15472
18405
10232
4563
18763
11178
12291
12673
5615
5788
7831
2680
6020
2174
19215
11669
2958
3132
2317
8260
181
7036
848
6823
6002
8907
8500
12903
16818
3129
8824
5904
13537
6305
3113
19153
14838
1661
5272
14463
5493
15140
343
2413
11093
18227
5037
9585
18177
712
2775
2058
4722
4257
673
4840
7733
9940
8259
603
5902
1188
14547
13678
19094
5449
2983
6331
11451
11917
17145
16181
4453
7457
20010
7720
18101
143
16876
15862
9382
16608
3961
14237
3983
234
12426
6542
18909
11261
12568
16021
15821
17568
18685
5331
15910
19079
19493
3528
10956
10205
19029
7437
3116
18958
2298
7362
7070
6422
2591
2961
5916
7596
3569
7785
10257
5334
3426
13084
16024
4856
18939
3889
15470
16552
15375
3882
18686
1689
3301
14221
16675
14745
12859
19302
12480
4822
17598
13219
5617
2383
2398
14482
15326
256
18236
13418
14236
1282
410
6273
14366
7566
19400
13745
4467
14392
13960
15213
8835
4947
719
8990
12182
7456
3471
9127
8653
11168
1606
1667
12570
19467
15565
13700
5223
13753
8447
13339
3657
6669
9997
9488
2598
9983
3964
13118
10901
12961
18565
17427
4754
4965
23
2249
4636
1908
12380
12062
9468
15329
4613
19975
1246
1919
613
9534
15978
8347
17729
5700
8837
13809
6982
8944
16248
2391
12101
4740
9493
12225
10282
3503
2511
16052
8800
533
5365
15457
16584
5624
3244
12203
16628
12096
16927
9776
17094
1657
10707
12663
17264
15218
6770
18935
1044
11244
5679
15962
11731
12913
1674
9773
13872
17864
11295
13932
11047
10616
5574
1253
13165
11131
1199
19188
6628
791
16990
14464
11599
4030
19277
7182
19005
7761
7980
8875
15020
2180
4403
4106
7331
7338
18045
6593
17442
6219
11419
7297
9467
12395
2464
4574
11721
7129
14924
17628
18033
14280
11062
17857
16886
6640
11366
18270
17580
140
5394
6711
6942
18494
3692
8791
17597
6306
7791
990
17276
17946
13470
8619
11448
7614
6766
14046
13344
7431
1823
12954
12626
16978
9233
5921
10826
16006
17266
16817
10656
1963
17429
9267
12237
16507
16653
1558
18315
19788
19229
15846
9437
9861
9456
18026
335
4735
13403
4501
16820
2260
4187
7678
11393
2445
7370
806
11061
9680
8544
10452
5673
992
15136
2020
18919
4271
10521
19683
18504
14455
18172
10166
12049
15319
13532
19087
8044
19339
6389
9610
6965
17228
610
12198
8756
237
16328
1853
18677
7510
15503
16689
18977
7140
311
12857
12743
12112
7827
5099
13278
4862
15586
1588
15905
18983
8051
5522
16698
19658
13198
698
8093
20035
3474
8885
4170
12766
8572
12427
8124
10628
10605
9784
1943
13448
7721
775
4990
5017
16147
18512
13600
19670
3047
3752
6358
13822
16708
4443
16355
7625
11714
3580
7941
7977
18541
18792
7046
10436
18168
4247
5338
18807
12853
10343
7270
10597
19370
2394
5992
6265
2698
2220
8060
9092
2682
8074
12281
17450
9799
3163
1858
15957
10242
18163
9107
13574
17945
10709
4033
16796
10495
7888
18608
2307
12706
16626
3087
2453
5457
3437
5122
16298
9754
5854
17010
9077
17826
19113
3361
5356
5512
1668
12321
11829
15930
7369
14755
16619
2566
4082
7830
6143
14820
13807
20028
4436
10381
12454
13638
2324
2629
228
9955
5707
19384
10252
687
19050
15414
8774
280
12201
8250
18022
14496
8865
3196
17664
12403
17887
1031
2590
8156
13285
9276
1478
7968
2285
13065
12854
15566
5577
76
12176
10085
18014
4394
17124
17867
7047
7255
3396
19378
10890
7203
10
14754
10831
8997
16419
7021
9054
2965
10199
6645
4483
16122
1793
17488
12089
19950
844
1715
15091
10865
5703
6130
9891
11287
8463
13891
19444
10443
16047
3128
4881
1897
10114
8367
12466
10693
9797
2316
18428
5036
19716
2950
12709
7122
6555
16795
15467
19979
3548
14124
3903
15241
1096
17941
520
6395
10236
3256
12277
18824
17098
8501
2588
17170
18303
9561
9183
18809
7594
15751
13415
11048
15719
6862
5134
6986
1707
13315
15421
3960
10851
3781
8053
6428
3565
2770
10971
4400
1508
13996
15614
9524
17054
14719
17218
12965
8016
8066
12532
12998
631
14605
19644
9409
9063
16323
14887
19506
17994
16133
1816
1024
18946
10807
8018
17271
18233
5760
1993
12767
18838
15217
3876
2860
11969
6820
17561
7360
3454
12808
5619
8190
5804
4757
3841
7120
2278
18286
19667
9418
19924
18556
1738
12676
2159
6834
5528
7582
1646
19960
628
9778
13018
13094
13096
20026
14399
15613
16269
8779
7487
19640
9435
13011
15248
17265
6120
5411
11331
9144
9588
4036
6653
8482
18153
12228
7192
6809
2746
15080
12674
12248
10303
2955
762
637
4944
7928
10091
3945
12672
15850
14126
5273
13572
11579
6347
17409
17051
17862
17896
6502
2288
8801
11418
6160
1940
9791
7278
13857
5275
1735
7165
363
2922
6345
6284
9209
3254
3169
16977
14240
17904
12450
19957
10207
17321
15190
6054
11980
8598
16986
16042
10894
15407
11394
19617
16418
9609
18744
15949
18258
12687
18924
19486
18819
17021
15484
10008
11705
4363
4003
3818
17609
16086
106
12341
15785
6910
2506
1628
16667
10430
14610
8295
17982
18727
7420
4053
13269
19412
6088
5236
13119
9494
15337
10839
17377
19194
1234
18532
5571
18130
8143
13365
18241
14065
9023
10020
4335
16249
18520
10277
4048
6333
14082
17987
16037
14219
2543
3968
9235
10575
19762
3402
8274
7944
9802
2202
11059
3015
7351
19281
6706
3468
7970
13062
5946
8202
19589
19054
15348
17738
9704
10108
7438
15627
3101
16893
4219
4255
5795
14853
11800
4732
3371
2601
12115
4160
16594
19240
15324
15034
7390
1424
886
4058
15418
15342
6260
8862
15520
12015
1376
2793
7658
11507
12612
10624
13739
14798
15948
15508
12929
9912
5049
17028
7893
2530
14342
13054
13845
13397
2667
12806
17684
12463
16163
11807
5832
2440
18820
17885
14443
3675
4510
12851
17307
12360
19487
17849
9199
17261
13630
19657
5924
2761
8884
9214
18873
5455
10980
17192
19609
19694
1127
17302
17538
1255
7935
12710
4086
12400
11384
19084
14362
8426
15406
9888
14385
12401
8461
479
7687
4124
18498
16560
18191
6673
14910
12268
15835
2974
8173
19459
12191
0
2461
12924
16171
7112
15438
1182
4084
4375
15848
12218
132
12470
1863
16415
18159
14624
1493
14260
14556
788
18866
14118
629
19234
6987
711
19888
5152
6958
14560
13282
14381
8819
11034
9859
19651
9386
937
908
16235
4649
6111
2505
17785
17626
6175
11919
18609
10921
7991
19846
12432
8690
15318
5566
1783
7851
7221
3715
8715
499
16643
6194
9696
17655
3345
8457
15545
8137
9676
18761
7099
9942
6975
963
5313
15071
17121
4276
221
11409
11502
5164
1592
14559
2281
18256
19177
7313
8650
12858
6694
19204
8769
6670
14250
14531
16359
1030
9816
9933
10924
3470
5399
11400
1350
12033
5050
11194
14310
7522
572
18393
18671
18585
2387
14415
17542
19336
13003
735
2715
1101
4468
17161
11332
3682
3994
329
9293
500
8796
12078
3191
5858
3227
17260
8716
12541
16315
16473
575
11702
17911
8773
17487
2071
9641
11612
2555
5316
11080
11992
10566
3947
10164
14700
12387
12094
12677
14292
10040
12469
263
12052
17371
15640
2190
7026
10385
1210
16272
4035
14703
4958
7911
1295
9378
3643
13621
6125
4479
3592
14445
8441
15298
4037
15279
19653
11160
9404
6952
17627
5708
569
171
4619
12008
13216
2861
1461
15867
8085
16156
7611
10979
1421
18305
10412
18535
12701
19945
7061
8921
14558
8164
6444
7217
15322
14617
9654
18514
6665
11195
9146
16046
8301
8964
8963
12506
8019
17187
530
15035
14715
8244
4547
2513
7169
12382
10217
7607
11403
19172
15786
18418
16816
10761
2463
10990
12404
1130
13650
8439
13373
10240
5441
19903
1771
16092
14865
9421
16442
2654
19917
12492
18479
13717
11662
3567
11686
16824
10384
10264
10620
12603
17147
10520
4172
3549
14646
19439
9803
3541
11091
15766
12036
4831
13969
4667
3927
1415
14223
5541
2139
8494
8445
11082
20045
14829
5925
10700
1704
1519
6976
14072
10908
606
5135
11314
19576
11542
12661
5302
2881
19381
16242
8356
17789
9901
7267
14425
13488
3331
12911
8305
8799
16251
17552
7001
7450
5705
10558
6102
9041
6084
2157
19203
19518
16201
1381
12031
2910
2170
7266
3322
17519
2385
18271
2457
16286
4027
5890
5306
8339
6867
19628
11113
2576
16343
11031
11213
3589
16008
8683
5523
10552
2271
10638
1515
8547
19323
7795
17562
1961
19426
14074
13699
4731
7416
15210
8950
733
15732
9152
1250
5907
13305
2874
2736
17076
13035
12849
13634
16443
16378
901
11167
14427
4648
8681
7868
9498
3430
5198
18217
10603
15466
561
11989
7118
15356
15150
5233
7406
18174
16620
10373
159
3249
19981
14169
1618
16846
12530
15153
18717
1203
1690
7095
13633
13180
18010
14524
8520
19066
12017
17604
3185
4292
13458
15974
4582
10755
7985
17727
11842
9586
19895
1995
4225
6398
2055
6051
16668
16828
14210
11978
5648
1035
16586
17056
3376
18216
19705
1471
4263
793
1497
15524
10069
16702
7429
8423
1806
298
3933
502
3619
19137
12681
70
9568
2103
7843
11066
12962
6245
15129
18131
3440
5726
11684
6232
11179
17256
8926
5001
12372
19056
6178
2348
8275
15355
4600
13210
16551
5226
18572
11970
3134
2516
2472
12604
8498
19184
5888
8162
16954
3233
12758
19376
156
5578
11814
1263
16360
13706
3714
16256
11302
3299
7655
13153
757
15923
2798
1359
15163
11444
1003
1397
4461
18918
12313
10437
7882
14775
385
11376
19993
13309
1157
18880
3606
18551
19042
13052
6281
1568
17940
9024
5011
4871
17458
5474
5689
12097
1620
15177
9583
2934
18718
3662
1567
18962
10262
17498
8047
15752
17957
548
555
1375
16925
11324
15202
11912
19631
6572
6647
4868
8252
5870
19139
2890
7602
11025
14854
19857
15061
12666
19522
6201
6896
3441
9554
17795
764
10862
15195
7523
9413
1575
11938
1279
10683
3160
46
13827
7224
16963
5277
12596
15060
3764
3119
1949
19428
8114
16271
3068
10916
6133
6407
7635
5429
4001
15458
366
6904
1615
14477
6272
16700
14279
7559
19586
8859
18765
11222
1752
7988
18133
12433
8844
18080
16835
17573
1935
13189
12169
12908
19345
6693
10296
10162
89
6592
5430
8868
2452
14868
15651
9606
1429
6545
1820
9273
11202
4393
5709
16074
10165
172
17166
13297
17492
4350
18961
9317
9246
9525
11328
15906
13290
15053
4463
7116
6220
16203
12167
19143
1308
5469
18578
5035
9364
8112
623
19197
9674
5506
13239
18427
8811
3788
17280
15132
5191
17223
18246
4314
13471
7634
5569
8695
8570
1033
13185
16589
12856
2219
18143
17651
13855
13999
8504
5769
1501
12004
5701
18084
7157
8285
19568
6504
2021
16430
6239
325
17823
2647
13690
11354
15487
3148
8558
17227
4302
15116
4424
19834
20001
11738
8538
5451
19405
7852
12481
12774
10661
5969
5614
4898
9010
4162
3084
11816
14504
9250
10550
6518
13883
10368
10585
6779
8179
15344
14873
546
15529
2254
14026
5190
12464
19102
19409
7476
3574
14690
17630
1434
17395
14051
2301
16236
19714
10756
18001
6204
4962
16254
13108
19767
4382
9240
1871
8382
9278
11762
6961
17105
9086
11968
1576
19554
19280
7260
12396
442
9671
186
8128
18698
14786
1748
10333
75
8172
8578
19124
10776
10595
18213
960
11494
8332
8976
15747
9080
922
5800
19831
3990
9164
14588
4539
8766
12513
8581
82
5281
2256
17247
16087
13466
1139
8036
1953
8676
13375
2785
9182
3103
2035
3761
1779
11787
6497
15790
4599
16576
14596
8932
7626
12619
15549
12307
3388
19328
4092
7295
9328
17
5322
2906
14626
10881
940
17258
4891
2268
1975
5820
2184
1267
4650
12527
13578
9351
18356
12186
12362
10487
19067
2355
8057
13777
5859
1047
2692
15553
3141
14023
4266
9394
4028
15699
1722
3407
7887
13588
11855
8908
16692
8825
8272
11247
12386
11955
5063
11916
3356
12540
19821
4007
13286
18822
3668
10355
10001
6648
2901
4360
14738
2424
15380
8809
1126
130
16896
8307
13357
5324
4897
5777
1530
6898
16294
18570
16270
14522
14064
5959
10454
11054
8945
