4145
2420
369
2687
1007
5859
5776
2292
2156
6582
6532
354
5113
5420
5707
7808
7449
4075
1376
5333
1368
6771
2452
4113
5130
3834
3542
6566
2377
4500
3642
6535
141
1390
7069
3024
5642
5590
7589
160
2555
1257
1995
248
5799
2307
7365
1009
3193
7354
6231
4829
4965
3601
5898
4309
4351
401
810
4102
5083
2464
7973
1278
4877
1537
6787
1910
4633
2506
1011
3038
504
4810
4028
6662
3607
7619
5180
1471
5950
3424
7905
3798
7605
1206
2126
2959
3408
4152
797
7011
3254
2573
4088
4149
7173
3932
2855
5473
2153
3550
6113
229
6052
15
7104
4366
5531
6795
6731
5605
3677
3185
2925
1548
3898
1364
5481
1418
4693
2708
857
2438
1716
2778
7845
7041
6208
7120
6559
1832
6660
7929
1828
239
2334
1070
1513
494
6124
1776
7473
4847
4026
1482
3258
7888
3334
5308
673
7314
393
7804
1988
40
5673
36
2250
5194
4479
784
7264
7477
1582
7394
1382
5926
3565
2719
5563
2653
5520
556
1619
1908
1118
2274
170
3891
6912
2905
1970
2327
2435
1906
4
6156
5348
6609
7424
6956
5967
2564
7784
3743
3275
3530
4595
267
7249
3240
4372
5622
4101
5867
6480
1965
748
3733
2830
3277
4939
1230
7215
5475
7516
5363
7678
2709
3287
5316
3528
1251
2150
4930
5725
7852
6021
1391
6217
224
6674
7223
6909
3911
955
997
7959
1750
3115
1554
3281
4249
3179
2085
4297
7519
3346
6011
3288
6621
2465
7816
3912
305
3484
4608
6823
7233
7602
2781
5103
7676
4548
4912
2885
1964
5461
4383
5717
6617
238
679
1249
27
4193
6595
6814
2743
7509
1602
3472
4824
4481
5536
7478
839
5253
895
7691
6673
3958
7872
3367
6733
4851
553
1799
1547
5382
644
5540
2912
7147
4400
4437
2761
1130
6218
5962
325
6075
1356
4390
479
6004
2168
4534
2340
1371
2545
7337
5819
862
5015
6152
7259
2866
6797
4063
4189
4093
6732
4385
4330
6530
4854
6031
4561
2848
4575
3203
6784
1128
5379
1526
4849
4419
7091
414
6858
4237
6946
39
5422
7034
726
1592
1475
1704
2602
4139
938
5712
7087
6216
2055
5322
5824
2519
7003
8003
1883
1386
1315
3068
1464
6938
2994
334
7573
2835
7668
4644
2211
1037
1311
7332
5572
259
2458
6368
3197
206
7985
5429
568
7078
3312
444
1843
2146
3427
7413
3035
3000
4879
2395
777
71
510
5663
2461
6211
4821
7202
1221
3002
3037
4869
1076
9
5386
179
683
3881
1071
1166
1236
2428
5567
6878
2523
6419
4354
7240
3297
6751
6439
6940
6389
4199
482
6294
4499
1867
1955
3036
2575
1441
5346
6560
6240
4226
3850
5186
1124
457
4329
13
5519
3773
2655
781
6908
2217
3101
2080
5350
7311
7097
7505
6082
3902
29
3525
5715
7741
3709
6071
4679
6923
2852
2716
6461
575
7135
4212
802
5694
4188
582
6455
474
3522
7276
4228
7665
3852
5490
454
5452
4526
7422
913
7065
5672
6352
6413
3603
7352
4183
406
1016
7675
6562
3560
4664
695
6757
1458
7918
3201
6592
2759
2398
4440
1446
2194
277
203
5120
2279
396
2362
7093
1778
6870
1381
7928
1421
1826
1435
5625
2976
2572
4661
3529
4823
1095
3944
2583
1722
5155
7127
886
4163
7586
731
6118
1538
4488
5133
5343
1967
4748
4143
6356
343
5910
7778
5688
7999
532
5132
729
3482
5868
1044
6037
3842
1143
7829
6650
5787
6223
3430
2208
7560
7299
7984
3563
4074
3280
812
21
240
1479
2475
3224
5933
2012
5496
1201
6884
258
1972
5378
1925
2680
3785
7502
3985
7956
7197
1741
7406
6867
6309
6890
7016
2758
5247
6982
2784
1608
5724
4812
4813
336
5974
1552
1119
1564
1216
7348
4517
2105
2553
399
7170
607
6509
6393
4498
4897
5623
3764
3462
1578
2384
373
2605
2993
3732
6761
3114
671
4654
4270
577
2626
3584
3222
6726
4655
4294
5303
6121
4159
5226
6242
7484
7770
5527
7488
3674
1745
6593
5138
2138
5199
137
4072
461
1084
3981
1510
4689
6485
3959
801
2347
3121
5479
5352
4635
4860
2244
1931
2800
798
3713
2178
3823
5606
5800
6066
3585
7030
4800
387
4305
5289
3375
6789
184
7647
6105
7994
4688
547
3804
3304
7868
1715
4620
6505
2891
5425
180
2895
5864
4756
6690
7688
7545
4895
1977
3545
3398
2199
4259
4914
1764
276
7782
5403
3906
5835
1835
7844
615
2253
4065
6935
5454
826
4502
470
652
6474
2812
2130
794
7751
5131
4765
579
900
2972
1275
1971
6998
6092
5627
6550
3608
6006
7517
2634
2622
440
1043
2433
6274
7407
5805
6049
7239
5499
7228
7638
4574
1539
195
101
1141
5123
5402
1898
7496
2152
1700
3722
6811
7771
944
1802
6725
4949
5055
887
1920
3774
3961
7851
6070
6961
6029
7898
7075
4077
6882
5714
4920
7942
5803
2672
2530
7580
6396
2592
1180
7399
1227
5214
6668
5564
1958
3690
3362
7822
727
7174
4584
6712
7776
6379
5650
5447
2025
6691
1921
1508
1164
2580
2603
818
1321
6931
7423
845
6588
1594
6848
5836
1942
4993
1170
4480
758
1813
5459
6547
4931
6568
1855
4549
4951
2195
3066
3524
3343
3247
7740
6384
1031
78
7351
1053
5324
5107
1895
2516
4010
5227
3831
3925
7106
1354
4593
4133
5489
771
2103
5469
7978
4525
4837
660
2504
6930
6634
1820
3696
7965
6402
4210
5174
5463
4563
7926
2391
3439
7773
4284
931
75
7085
6897
2552
5674
6446
1162
6176
2450
6355
7739
7513
3935
6374
2517
1522
5234
692
403
7210
196
5566
6620
153
6755
58
6015
2742
7148
5435
3717
5976
5749
3486
7236
4767
5102
2520
5780
6365
113
930
891
1669
530
5797
5266
7626
1285
4216
3252
1729
4207
7374
3376
349
6512
2280
3231
1146
5116
108
2479
6244
3953
5493
3316
5817
4409
3227
111
7049
411
1570
5311
6874
5114
1086
756
6276
1887
6670
1873
2873
5431
1150
6086
381
7564
5695
1416
5263
6857
940
1271
814
5988
7961
6349
1461
4120
5763
2174
3502
126
6447
7592
6943
3900
5284
73
5997
4840
1546
7904
3437
7892
1615
6980
6493
2290
3216
876
1335
6556
7599
7799
1520
6197
6346
1875
4433
960
7282
7452
3295
1803
5404
6202
6676
3651
6889
6850
3282
1378
7531
6549
4555
7707
3219
5056
736
2644
659
5675
6671
1529
5992
764
4567
231
7854
6822
3220
2919
2315
6796
2240
7713
1998
2859
1919
7485
1413
5585
6181
2753
98
4049
6887
3927
5070
3391
4315
7230
6160
2143
5003
6045
5203
390
3880
915
4459
872
3102
6068
1981
4025
7347
6260
166
972
6008
595
386
4192
6899
557
1937
5251
5874
4969
422
3381
5001
2161
2562
3148
5122
4613
4375
5415
1777
1370
3924
1622
5982
4253
60
2410
7058
7143
2924
3719
6213
647
654
5677
5549
694
608
2621
7350
5392
1244
2932
1605
270
704
6307
2522
894
7418
5087
3930
26
4298
3414
186
6844
5782
1286
4007
3814
6069
3519
7393
3233
7153
6314
3141
6933
1050
1597
1973
1200
1889
5862
5523
484
7453
6476
6863
6007
2427
1173
4277
4463
7720
7911
934
4347
969
1664
6094
449
5529
4962
948
2715
515
6721
1638
542
1110
5608
4275
4474
2597
7732
2588
3418
2303
6078
2200
4285
3664
2028
7262
6999
5908
6910
5964
3832
1198
2381
7053
4667
3248
5261
4032
6441
5708
6247
7807
6261
7572
1861
197
4081
2568
2013
7382
6300
1500
1129
2151
747
819
6739
7795
5391
1218
7160
6311
741
2748
811
7511
7333
7090
2029
97
7685
4370
7641
1041
6039
2456
6579
62
6473
6174
5533
1033
1739
7809
2658
6862
1511
584
7476
3967
7263
2031
3443
6576
4211
5071
4352
6418
4475
2415
7398
4109
6080
2802
1661
5236
4739
4260
4317
7006
563
261
5759
5049
4771
6077
112
2123
7788
2019
7130
6577
2242
2518
898
3621
3515
5687
5072
2589
4131
1289
17
6263
2249
5021
2563
5237
3118
5658
776
3518
4789
7080
5655
4557
252
738
1922
5949
7632
2482
4906
3127
151
1120
3344
1374
4673
3872
3276
246
5515
516
3564
5959
7646
4744
6398
1065
420
3641
2533
1939
59
6803
173
1601
6911
1992
3075
6598
4295
2270
5297
5912
4020
6528
6515
3195
7748
5374
6983
7225
6770
1334
4268
7162
977
4171
788
31
6116
2696
5260
138
7315
2313
2955
2470
4538
4763
464
821
763
5074
2878
6146
6669
5966
5436
4245
171
477
5290
2083
4431
1064
7054
2501
6974
5530
6448
4061
5588
6076
1611
3073
544
223
4994
66
2795
554
4582
1177
6043
5532
6977
5681
4242
2018
7284
7603
5372
4520
4281
5157
2158
1447
5276
2772
7042
2187
5020
844
5468
1655
6818
5295
2952
7341
4460
4527
4511
6555
1233
993
3844
5288
5646
7554
6906
1890
6830
1571
7277
906
2318
2951
5080
4012
2378
5682
6506
621
1517
5383
970
6853
6281
7320
6647
1644
4124
975
7867
4806
6748
5541
3267
4659
2393
4795
7071
7705
2511
7858
2793
193
6583
1209
5878
6780
3678
7617
6088
1842
3940
1757
1262
3876
1312
7465
6724
633
5077
1494
6837
1660
268
3919
6622
2691
1625
6950
4273
3218
2365
6287
2566
739
7417
5408
4522
7811
2364
7094
269
680
1707
1098
4873
3749
3205
4943
3433
4974
5018
967
247
7457
7672
5597
5645
7635
273
2596
750
6338
5342
2352
4762
3742
5337
313
1127
7673
6278
2147
7983
3747
5464
7451
3916
4052
6954
7411
5277
5373
447
7552
631
1559
1697
6428
6457
378
292
3828
3663
4573
5851
6131
5218
5441
3243
5973
5034
7968
7212
2139
4266
7329
4586
212
4436
4213
7704
6144
5961
6267
4239
6546
5354
2503
2077
7436
5611
3128
5600
316
3357
1882
5671
5170
5124
7569
5037
1015
3286
7717
5442
5023
4830
6363
1748
1453
856
3014
6102
2606
3561
3862
3509
7660
1900
5770
7445
6883
1038
3531
5105
3429
5361
7322
3027
4501
1746
2201
6258
4444
2780
2248
2471
5255
4334
6540
6941
3108
2124
4892
6976
2436
7590
6589
4742
6414
2613
1568
5599
6239
32
6616
4448
7444
733
1760
7772
6880
266
690
4686
1935
3623
288
7150
860
4740
1756
1304
7853
3505
2913
5230
3988
4418
6519
1634
3551
3594
2635
7480
4388
3620
5336
4472
4184
4807
3043
3788
1406
1495
1577
5553
7269
1823
2612
2763
594
6644
7630
7000
3629
7317
6050
3393
2950
5729
7021
5757
5287
5574
3095
4402
2733
6345
5743
2276
1623
1940
1485
6210
7579
4766
7474
921
6533
6833
7050
5471
7550
7725
4675
6735
3235
3799
2992
5212
236
1671
5814
5179
3660
1028
1136
2269
3206
873
7141
3052
5711
5200
2207
623
1457
1681
2549
2799
5914
2814
3145
5667
6934
6155
6584
745
6359
6695
5483
592
2774
5558
4778
7460
1030
3848
2375
7857
4487
5073
1099
2707
4157
7195
4540
3849
7779
423
4005
5513
3697
3741
1492
7182
620
759
4300
5999
394
6637
2366
3921
2689
5149
5158
6575
4029
842
4258
23
5700
2363
7518
371
2359
5089
5502
6537
4141
7014
1167
609
5142
6788
587
7558
7939
5069
3340
2831
2844
6087
570
2508
5406
1443
3830
5793
957
6285
1726
4363
1558
4111
5294
6599
6339
4449
994
2965
6114
375
7132
636
5365
541
6798
3013
6511
4250
5409
5925
1789
3192
6091
85
6296
5676
1210
5238
7839
4636
1893
7111
493
1705
456
3553
3445
7917
7145
3838
4057
407
3215
4086
974
5321
3652
4254
4870
1909
182
7454
883
2917
7925
5025
7290
571
1765
6161
4780
213
6001
2729
7582
5701
340
6988
3939
910
5395
5293
3922
4125
2532
880
5036
5666
1853
2304
6369
5691
2256
6638
2350
6381
7218
6014
7103
3702
965
2498
2093
4267
2560
7298
2936
5460
7860
3539
1250
1733
1884
6963
3971
0
2841
6773
5656
3759
6567
2185
6989
5801
4728
4822
3494
6199
6179
6711
7901
7161
2408
3368
7700
6816
6713
720
3491
6189
2684
2333
956
6689
4089
1179
2262
2685
6145
4333
7248
306
4955
4961
6252
5728
5396
1375
1279
2486
4677
4937
3962
3995
363
1325
3385
1974
6756
7323
7261
4340
2808
1560
6280
3683
1769
4934
861
1178
743
6200
257
6166
4704
893
2041
7924
3707
5661
2692
3727
1075
6438
496
1161
1299
4314
63
1444
1807
2779
7164
4337
3977
5765
1903
7621
4003
1269
522
2695
322
4796
4991
6184
1993
1916
3589
961
4788
6891
3479
4045
1877
7661
800
1214
6416
4827
6489
4736
6618
2432
4083
4999
5115
324
3468
7817
2092
2472
3686
4524
6742
7099
4241
4413
4753
843
7498
641
3129
7728
795
1794
613
2942
2894
6436
3190
1886
1020
3470
4173
2665
7079
6096
4335
6026
4580
5769
1478
1093
6150
5246
7489
6536
2219
4604
7537
6255
1706
6629
2722
3268
2311
603
1342
1980
1954
7
1219
5143
2931
5148
1497
7974
6308
7172
7733
5013
1256
854
3994
216
6165
7687
686
391
5440
1316
2407
4023
3796
4100
4954
4191
4293
1264
1385
3107
5840
2117
4745
3535
697
5815
3546
5690
2988
1004
3933
5081
3474
2745
2061
4043
7535
5723
4056
549
1792
4046
5968
7123
3386
7033
1338
732
5183
1747
471
807
1187
4339
3480
831
2205
7459
5901
565
7486
4714
6901
4876
2102
1999
867
7464
1574
1489
4394
3138
2062
1800
7931
1621
5417
2847
3569
7722
5900
4936
7136
2756
6591
6157
7686
6672
1032
6115
6464
2179
4982
1744
3824
606
6719
4774
717
2792
3952
7611
3110
6250
2349
3465
4953
3088
194
5136
7536
3009
3658
6699
2302
3331
1470
41
3871
5101
4842
2073
4132
4321
5368
2682
5795
5027
6209
4015
3348
3273
30
7364
5816
3687
925
6025
7774
52
936
954
4552
7946
4276
4464
4832
808
4805
3157
6442
6744
383
1394
1991
4923
4799
5944
7669
4536
68
1731
973
3754
1927
6316
3791
1414
7375
3726
1152
1361
3059
1545
1252
4087
6987
3099
5482
1287
2447
6190
6378
7840
751
1159
3617
1055
6137
5678
265
550
6612
6000
7448
3478
3366
176
6401
7744
2881
4804
4787
2938
6809
7330
5485
7894
271
1346
5209
1367
221
3382
2319
7715
4140
201
3829
2133
4091
177
2237
7856
5767
7286
4665
4983
1131
5751
7759
1502
4435
6051
2694
4373
3503
2769
564
4022
6270
1010
7863
2693
5617
6395
7879
285
4044
5783
3225
1360
2788
3017
703
232
4280
6752
5856
5871
3378
5171
2091
2462
346
7752
4825
7567
3708
2331
4858
4503
3460
16
3156
345
1610
2614
4410
1317
6158
7721
7137
3887
3794
1566
804
5058
6730
5465
2057
7470
5761
3973
7539
181
701
3597
5565
1126
227
7587
4583
4457
619
3926
1258
5310
7833
1819
2125
48
2218
1968
5550
7755
1398
7865
1228
6020
5223
1645
7760
1905
5855
6048
5208
2442
6720
3067
7324
4554
4423
7416
7199
5239
1562
2904
3624
2277
2104
7922
2513
2529
3336
2251
1147
6282
5438
5256
6109
6538
1063
7187
7869
1586
1107
6103
626
2510
4042
6411
4786
4623
6675
4286
347
6981
4432
702
5250
1357
5875
5014
2418
2323
5934
968
799
7238
616
6574
331
4579
5335
4793
3397
1080
4510
7105
1451
3523
1676
6539
5609
2754
2949
6846
6898
5084
1782
3390
1072
3441
3716
7578
6782
4485
4601
6193
3210
1876
1220
7493
3795
1728
6054
6573
1330
4116
242
5312
2627
7438
2246
1062
6268
5281
4909
3968
3166
5581
6302
3401
4972
4709
99
7426
1254
5894
3983
5811
3167
2293
1023
200
7696
4881
6101
1885
4751
6557
5035
6207
1829
4080
6507
483
3714
3263
4438
6924
2908
1524
5146
6132
5051
1805
924
7709
2660
2495
3577
4154
6687
6271
7758
7540
5610
3573
7950
2764
7022
1798
3735
3302
7310
3586
4386
1810
3896
646
5639
1997
598
1349
6606
5680
1821
4374
1109
2698
7458
6544
722
1852
1292
4776
410
1701
5201
7947
192
7553
5443
3964
5779
4033
3526
5451
3025
308
1410
4752
7328
2132
5853
5040
4027
5309
5340
685
1108
1565
1762
2015
2110
7504
1670
4095
452
2849
7640
2818
207
7334
2189
7899
1318
567
7221
6305
1027
1268
5744
6881
2231
4262
5262
2119
2095
3082
3756
552
573
3320
3611
3272
1580
5987
4802
6939
6089
4864
2289
2561
4627
707
1846
3309
2192
2060
4950
209
4040
2578
5706
7387
3510
1536
6205
2836
907
6801
1
2159
2086
19
6921
2964
6292
3213
2272
6453
964
1324
6387
481
7342
3903
2273
6918
2798
7039
7463
7544
1172
815
933
5917
5088
4916
5500
2215
1527
2670
3692
6136
3072
712
2827
7526
188
93
2326
107
326
5494
3822
1735
4357
5117
1377
666
2892
3008
1008
1913
2731
8000
7102
7134
6683
7455
7192
7490
3230
1326
2749
6079
5915
3232
2072
6327
2633
7122
1307
3
6354
2346
4615
6767
642
1424
2584
1914
88
604
1409
7870
6163
6812
7533
300
5511
1569
6984
4342
5785
5735
7960
4493
367
2725
413
4839
4196
5202
6625
442
6083
5660
412
1651
1719
5579
8008
5095
7479
5980
3975
6110
6475
1294
4857
5575
3294
6655
868
1192
5516
6802
5096
1618
672
7073
4395
187
3284
2330
7117
1870
3761
1791
6553
4977
7229
1583
4779
487
7180
1243
6894
4658
4195
465
7092
2688
7251
2116
5842
5762
4692
5813
725
2184
6423
6180
4599
6230
5873
3143
4603
6865
7927
5913
4166
1313
639
3960
3093
1892
3363
6968
5057
368
5085
7419
451
2579
80
3694
241
342
5699
2554
4324
5503
7158
3184
2082
5975
350
3416
1261
4187
1241
2404
7764
6806
2746
4036
5837
7076
1636
3941
1431
6521
2712
7971
5160
3951
1169
6763
1848
2329
8011
2379
337
2822
7723
1709
5086
5939
5965
4672
766
8002
4716
3005
3319
1674
5159
3909
6328
816
2228
2007
5217
7534
6172
3797
3825
5899
5993
963
3253
2226
5285
7521
5809
7404
5888
3372
1849
2397
372
7591
5242
7358
87
3457
472
3096
4699
7128
2823
7743
3006
1212
2128
6044
7885
7977
1496
3532
4232
3840
4791
5850
3139
4781
5059
4282
4071
7747
6914
1738
2872
5893
1222
561
480
4473
1678
730
2998
4224
7495
699
3725
665
7988
7154
6854
1217
4634
2198
3588
5455
1465
7183
2413
7662
6972
7216
7620
6142
4338
1795
7797
7447
1245
7194
4247
7028
3778
1059
1541
5905
1068
1001
7441
7731
1680
5794
5301
2515
2539
6913
5009
1617
7013
4190
3649
7827
4797
1499
4610
1205
6810
4683
2002
4820
723
5187
6471
445
3383
3387
2181
2585
6129
3800
7825
1894
1711
2451
79
7015
4186
7613
2064
6740
7201
4458
2394
3870
2521
3377
2850
5732
6624
657
4828
5731
7313
5341
7126
2191
7861
1145
5323
5984
7108
3105
3859
4231
1456
813
1175
5626
6852
4137
3321
3214
5091
3454
6334
1550
7381
2666
5615
295
2512
5745
2858
2101
1160
7689
486
4486
3162
7542
3682
1407
5932
6335
911
817
1825
4416
4255
4425
163
2577
304
5936
161
6917
3643
3866
2675
1691
6948
2220
4341
792
6718
1553
330
4518
1755
289
3423
1463
5865
3202
1985
3174
7023
2387
5477
7642
220
264
7976
5480
3134
3116
870
533
4695
4406
949
1753
1534
3913
1049
5153
478
6009
5750
5833
1639
35
2681
4454
7242
3942
2182
6686
2129
5458
670
1235
8009
1384
3001
4096
4904
6295
3492
3311
361
6126
7338
696
6902
2870
5885
580
4060
3888
5848
7113
1575
2010
2766
5628
2995
6059
7727
3481
5067
4760
2659
1957
7980
235
5692
4135
7694
4251
1005
5022
6317
1959
1535
4175
4706
7749
7832
7706
534
6643
7475
4127
7257
230
3169
512
760
6178
5017
5065
2353
6
6768
1960
5718
4757
3455
535
5994
123
4885
6168
1006
3070
2171
2645
4434
4754
2094
5644
7159
1347
806
4222
3329
4922
1393
3606
1445
7514
1962
7933
509
1013
6656
3673
7007
4265
2355
7982
1752
3417
6569
4316
4590
1229
6405
1632
2325
2649
352
4957
7677
2623
2370
1182
5703
2718
2699
7270
4992
3048
2609
966
3136
2667
6872
7639
5960
2026
7063
638
835
2000
5636
6360
2797
4894
3100
7838
7874
4172
500
5332
1827
1343
1190
1101
3998
7067
3703
3187
7283
1082
1692
7389
7963
3679
7897
3369
6257
7841
1047
7140
385
6169
3250
6610
7624
4622
5927
3131
6778
6631
86
678
4011
6633
2416
4924
2048
7037
5884
7585
121
4862
2821
4775
5026
3766
3046
2109
4738
4030
2005
5952
6140
2615
569
2111
7146
7920
2322
2238
7217
3978
3151
7357
5181
7129
6366
6164
7165
7325
5197
11
2097
846
4302
520
7802
2770
7031
4304
7820
1720
4215
2406
4940
467
2389
5741
2934
4542
3497
1814
719
2310
5039
3837
6900
3566
6645
521
4886
1949
2467
832
3103
5882
2678
4283
6920
6919
3438
5630
1530
2937
7306
1725
1771
1203
1593
5869
7243
6238
1721
430
2826
5812
5820
1488
2903
2230
3681
7421
4128
4445
3598
7571
7754
5129
3396
1225
2968
2737
782
282
2996
6098
3076
4420
1542
7010
4456
1912
5580
5571
3291
4322
6831
287
5371
2674
4000
3365
5283
3613
1310
6040
7303
142
2040
6095
6654
2977
4150
6112
7919
4521
1429
1419
1194
7018
2804
2869
6259
2356
4733
12
6353
865
5977
505
335
4794
2236
1866
4272
4092
6344
2099
199
7912
5841
1454
1094
5971
884
7653
2177
5657
3581
4307
1083
5492
5766
2525
2842
5370
4021
2487
1963
7953
4356
5427
5754
7196
5877
6774
2489
1425
2884
979
2646
7157
6241
6794
6628
3752
3112
5356
1584
6832
7372
4288
780
4311
581
7281
6605
3415
7742
3826
912
3583
5839
5919
2586
2899
7793
4888
1039
7193
6277
5231
3328
2706
4415
5679
7659
2324
5860
4430
1696
1306
5613
5902
1653
4856
674
4506
6627
6188
4484
133
2357
5063
6074
5376
5518
4053
402
4669
1629
3626
4597
1121
5632
1392
4343
2344
583
5109
2131
4725
5946
7719
2341
4798
5537
5351
145
3744
687
6154
5955
3638
7428
4809
4576
4750
6864
2164
3196
297
3839
2940
7288
61
4252
1824
84
2930
2921
1040
57
3207
1662
5592
5079
2958
4981
6162
1847
1628
6243
1362
5748
5659
6469
2500
3333
1026
6613
2278
1135
892
5221
3063
1713
6063
7300
6835
6372
2478
3130
909
4687
1402
6313
2697
3483
4871
5082
3854
4013
3575
6666
5733
6326
6942
4562
6570
1743
2204
7847
5954
3040
418
3163
2524
7203
1514
6432
4387
4621
7520
7250
7936
1248
7734
6041
7383
6320
4833
6565
5016
7753
6829
6526
2629
6962
983
899
1613
1140
6204
4155
6245
47
115
754
1781
4746
1280
3869
3361
299
6971
7667
2402
2571
5798
1267
3948
6090
3051
2927
6347
5472
7570
3802
5252
2239
1466
4031
1282
2305
5099
3605
1436
8013
1899
376
4959
3364
589
5196
2259
255
278
8007
355
5318
4320
5331
5048
4899
1193
2661
4676
7483
853
1519
90
822
4732
7600
5887
1990
6108
4694
1288
3513
4001
1092
7308
5150
2300
7231
2537
1114
1856
7775
5670
6871
1774
208
7051
4645
6016
3237
999
769
4332
489
253
7227
5466
34
635
7800
3400
2813
14
3646
7655
6630
1266
6783
1426
6183
5344
7222
2724
1100
3792
6828
941
1809
1708
5890
2392
6860
7012
154
3982
4185
5176
950
6430
2227
6807
2999
1380
1598
5551
7708
643
2839
3292
7296
1859
5486
6221
919
5720
6714
6117
7072
4047
7379
4703
4867
903
2740
2776
3996
3928
7297
1395
3763
2989
1259
1332
6849
1314
4230
6716
4715
5807
5325
2738
6561
7047
54
5569
2224
4587
3425
4004
4966
4913
2701
2481
3347
4236
6876
4997
139
7813
1246
2933
2474
1531
6495
3209
1627
7125
3986
6286
896
1649
476
3239
498
6861
4759
3729
4508
3700
6002
1938
5347
1408
6904
2947
50
3054
3004
6153
3552
2247
6417
25
2853
3637
124
3402
5320
3567
6514
2225
2598
675
1994
2970
1498
3537
46
5616
7266
2056
1841
6058
5978
3308
5173
5271
6340
95
4907
2973
2255
4244
4887
6619
981
6283
4988
1484
4264
6422
6219
4319
3724
5742
2345
3355
2854
4680
7864
3559
4571
3730
4624
3349
3847
2752
7433
2425
1978
4666
4889
7949
7664
629
2809
4441
1930
2704
2630
1945
3579
984
2620
4903
320
4770
6951
4670
7289
33
2893
312
980
710
7402
6452
4803
4018
6558
3946
7882
3303
585
2437
2243
7618
3251
3661
4875
3610
7846
4865
4090
988
6590
7430
4168
3571
3541
7245
1616
152
2118
3405
283
849
1474
491
3449
6525
6017
6824
3352
5068
1658
56
7349
5777
2203
4292
6097
5462
4720
6491
3042
4657
6362
1438
5734
1982
3089
7356
8005
7434
2197
5291
5512
2098
6134
7219
507
6978
4325
5668
2920
3426
4649
2946
4219
5135
3781
2108
1242
4407
3475
7052
650
7944
7235
5444
6233
713
1817
1603
272
2477
833
6743
942
1646
4547
4246
4495
7814
4598
7045
5895
6707
5044
1839
847
1947
5126
5182
7997
2662
7831
497
7500
7255
4891
5510
5166
7930
2664
5258
2100
3556
6467
5568
2039
7862
3345
3181
1211
3098
1433
3757
7066
1337
4927
4331
5995
5956
4452
6705
5818
7027
6019
1223
1450
366
4971
7429
952
3501
7783
1996
5047
104
5000
4353
7563
1932
7541
904
6776
2710
7265
2538
3918
4476
6333
7343
82
120
1836
2148
6965
3260
3771
888
3969
1061
4396
7951
3549
6435
2683
775
6709
315
5245
7532
250
5118
7344
2229
6684
3041
1208
7954
7548
5315
5922
7594
1952
1516
4544
3246
446
4734
4312
5904
1204
1933
5929
7115
3914
1614
976
72
7101
3431
6888
6772
114
2468
5326
3803
3330
3058
3301
1018
3874
6704
4108
1600
1749
4009
6966
3841
2514
5546
3965
746
6459
4708
1540
2505
7812
3461
1388
1863
4690
1754
7112
5264
2169
4455
219
2001
309
7119
4900
5456
6470
4099
6130
4515
3705
7339
5478
5228
2676
2441
3079
1944
2820
3669
602
4831
3765
1081
5254
4773
3633
6523
4204
6332
3576
5920
6358
167
7114
263
7683
3548
3078
1838
7302
6407
576
5562
1467
2014
6534
5154
2491
1103
2371
5576
7805
4014
2024
7648
7916
4855
879
7139
3299
2926
1685
5935
566
7903
6206
2081
7824
1734
3221
7401
3074
7035
508
5591
4964
4054
6964
927
992
1401
6275
6234
4274
5224
1284
3720
4411
1158
5313
3290
5338
7992
4443
5144
3493
6679
2421
5981
4364
4446
4310
1888
3057
6522
6614
5100
7144
2863
2914
5937
7456
709
7318
2096
7412
2543
3062
5106
2969
425
3672
4942
7551
4361
1111
2840
4758
5771
7855
1105
3884
5858
6046
3751
7990
851
3699
3007
841
398
1434
5339
2193
6228
5705
3065
89
6410
4843
3685
5169
69
2035
2260
7189
3298
6434
7987
5028
3772
6804
932
6611
3992
3019
4727
6737
6710
1924
5539
1874
303
772
5640
4371
922
2860
2569
6431
4596
4301
1104
6032
1486
7408
1695
5156
3109
4451
7377
118
6678
3504
4588
2338
2796
5986
5137
3324
6856
4637
4641
6667
2343
7986
4428
7207
1189
7883
2862
7596
1148
1650
7746
7181
6056
513
5508
358
5400
1758
7060
2828
5958
7209
1106
1642
6572
5108
3161
5991
4723
6922
1472
162
3496
7702
119
2845
5544
6038
6415
7692
5041
2336
7615
6808
1518
198
6997
7440
4114
1412
4414
6351
4938
3289
3980
4995
4151
2864
74
3710
1232
5205
5145
6061
6745
2206
3527
3806
6478
2473
5831
4512
5830
3897
5832
2877
3820
4002
4741
6468
1440
135
4556
7442
7191
7494
7370
3955
5857
6841
1448
3359
5651
1181
1048
2962
7294
3111
2440
4631
4844
5394
7907
2008
1052
1231
5328
5501
4271
926
1505
7002
7761
1818
3322
2736
4073
1599
4110
6462
1353
1699
6601
4427
6301
3945
6693
3164
4600
6380
1581
4722
1633
2016
3858
7529
1657
5273
6323
4768
1387
7107
4639
2786
682
6845
4290
4696
6805
2810
3081
2328
3411
388
2960
1561
3770
3245
10
5233
2574
3711
2155
7205
7508
3693
7914
3394
3950
7301
2650
890
611
1283
3767
294
7878
5604
6498
5791
519
3736
3264
7469
3413
1273
7981
1637
617
2762
2651
4462
3867
1078
5398
5094
7169
6399
1352
6440
6765
217
3085
5662
5359
6892
1046
7796
7152
529
4553
5198
4838
7208
3194
7566
1333
624
44
2052
5032
83
2556
7190
1506
3632
3453
485
5345
328
4179
5948
4790
929
5369
106
5367
742
6404
1300
4929
4960
4107
3360
3310
4412
4079
7501
5773
5603
2390
1635
517
3265
4205
7780
658
6424
1557
4987
2058
2294
4632
525
7293
4921
3335
7083
143
1857
6688
3851
2750
920
555
3244
5240
2009
6450
7703
6042
129
6603
6400
1801
450
5942
2202
4467
5397
3030
4874
1079
4616
4568
5951
6288
4577
6151
2339
147
2668
2245
2945
1640
5983
4382
5506
4117
3536
2445
5192
5906
6510
3808
527
7652
4296
2803
4496
7386
6196
7843
4933
3931
7309
2261
3972
3782
3790
2054
7693
1069
2982
3469
7629
91
3784
590
649
1389
6524
3432
1490
3698
1732
1871
6694
824
341
5357
3133
3957
103
205
7512
7368
6825
7610
3211
5385
426
81
244
5134
1428
3810
1155
42
2570
2638
7409
4558
3379
7622
1953
6929
3639
4235
2741
4986
7055
6723
2439
7806
4482
102
2358
3341
1918
1238
7279
5006
1891
2728
1339
2188
1983
429
1090
468
7198
128
53
1723
6330
6571
2431
4142
551
5076
1904
7701
5093
7810
2594
3113
5810
5078
3662
664
5319
5177
5892
7561
1961
7184
3178
4565
7627
3843
6641
2409
3305
5781
3836
3860
2531
4365
3255
663
3155
1350
1833
4652
982
6791
4896
5883
1730
76
20
6749
4094
1363
1042
2493
1665
574
3307
7781
6826
6663
7910
64
7716
3737
2209
4691
1549
4035
6734
1154
3104
6916
6779
5327
7252
2017
4578
6658
7654
684
4880
7836
3636
2385
5244
669
4016
2448
4617
560
2837
7109
7327
2429
7873
7684
1521
1686
2144
5578
3325
157
2671
1191
3675
6508
7046
3612
165
2791
4119
3731
6304
3191
866
4483
5849
2726
3558
3050
1427
4471
506
2234
3648
1881
4165
4162
6578
7167
2430
4223
7830
2957
6855
2656
7274
987
3463
2166
2559
1134
7138
7163
5075
3554
528
3106
7763
1439
3619
6013
4174
6194
6586
2980
7932
2157
3060
5647
4497
443
2411
1188
7185
7024
5139
7124
4234
2027
7084
1417
4845
3485
3712
1606
1290
1319
2047
3269
2721
6420
6895
4209
6840
5685
4279
2732
4611
5112
6237
693
4531
2983
3728
3314
7074
1344
3124
7835
3404
5011
855
6254
4815
431
6659
7371
204
3901
2499
49
6747
4967
7913
1956
2509
7044
5941
3313
7285
2829
7712
3793
6293
4529
4532
405
2348
1702
4389
7432
7789
1480
7875
7556
28
7234
379
5844
1858
2494
7492
7612
773
1174
4006
4698
5306
2967
7171
1022
5437
1948
3890
3448
1951
226
5834
6264
291
1270
4628
1379
6147
2790
7975
5686
4380
4910
825
3327
4737
2115
3572
5768
2997
6499
4345
4318
4614
164
2744
4656
6952
122
3152
5098
4504
5584
437
2981
3442
5334
2652
793
2548
6222
408
5307
3893
3177
6834
5178
6479
6173
116
2717
3016
6975
3180
7179
7068
2935
1224
67
848
2295
1717
559
3894
3821
4908
1656
2898
1087
7896
7247
2266
1308
3150
518
2417
7142
1712
5698
4507
5257
191
3740
4784
7568
5097
6062
5789
3855
5652
7450
7214
779
1509
3676
7989
625
503
605
7601
3684
2154
6139
6937
3498
7403
7996
6759
280
302
3315
7555
548
5491
7821
6465
1844
5947
871
5280
4465
1153
1185
4177
6229
5399
4980
5561
1156
4605
5542
923
3380
600
7881
5633
4541
3351
6249
4640
7009
2557
6182
6337
7880
4674
7291
1034
6597
5775
4214
6996
4668
5846
4602
2127
4998
2558
3135
5696
4289
5487
2700
4747
3064
1226
2777
7175
7487
5111
6460
5517
7549
3917
5634
3189
4682
4218
6262
453
2632
2979
5957
5185
3395
3718
6429
2354
6581
7680
2760
5889
5684
2765
1837
318
3023
6028
4956
131
7643
2843
382
1322
7768
2466
5596
2405
3182
3892
7396
6701
3815
6928
4489
2454
314
3671
5872
2961
4535
4996
4684
2757
7828
6122
6992
3590
3846
4978
5497
7061
2069
7057
6529
5162
4148
4167
421
6926
6985
3212
3271
6692
2773
7767
1097
740
1000
1507
3419
158
6148
215
5911
5722
290
7020
6057
1442
1019
6159
7757
3768
4926
5896
4391
140
4711
6741
1365
6343
3738
2043
1654
2943
3228
5845
4626
2089
1132
2673
1415
4469
4528
5104
5557
4975
384
2948
2876
3508
7118
7472
3459
716
6227
7631
4817
2607
2601
4051
1411
6785
7038
2901
2887
7666
5484
7346
3119
7969
1703
7211
3159
2287
5796
7515
1572
536
4970
7745
653
7697
211
3758
2257
7887
4808
1907
2412
6486
691
5543
7970
362
3780
202
959
5822
6357
1576
2811
3819
6225
6760
6143
5916
4378
6266
596
2145
4618
6879
3631
728
5127
3618
1274
6877
3865
5548
2361
2669
5738
6516
4702
1797
5225
2608
3353
3083
5445
5778
724
37
1430
2088
6766
1923
2298
6520
3920
5737
864
7367
3755
1336
1682
2654
4990
2641
2090
5618
1854
4883
2906
3458
3596
1783
6203
6195
6543
3142
3809
2317
3873
734
6064
1481
3835
3356
4853
7607
149
5418
6269
3420
6886
327
1088
7100
989
6604
6727
436
5838
3350
338
2023
4651
2426
6394
757
7818
1340
356
1831
6642
4059
7625
4918
7397
5125
1396
5709
4648
3011
3044
2775
1851
7636
8
6167
5241
971
5716
3296
1449
4872
1420
1806
4946
3956
1452
4115
2213
4685
7204
1652
5381
353
7506
5380
6580
6141
7765
469
6273
3434
3863
991
2604
1240
2180
2535
1573
6953
2316
2460
2928
5275
6501
1115
6635
2502
4225
1035
3695
2422
2546
7151
7850
6012
4359
7523
7663
3593
2806
3223
4360
539
3934
830
2071
6596
4543
174
5804
3371
1281
2106
3734
5439
524
3490
7362
6185
4134
3022
7241
6868
3126
3657
7224
5619
6955
2600
4478
5267
1780
6291
2165
3776
5401
4792
4783
4707
1710
3616
7392
1295
6003
168
3464
7574
3091
1523
4560
218
6866
2480
274
1176
6081
3337
298
6297
2484
4705
1399
4313
4712
1666
4859
869
1631
3086
5062
5587
7305
7086
7363
3929
2861
5029
4721
1775
6348
172
3045
3332
6253
878
7391
7176
4376
380
5204
3487
4818
5753
357
6466
4973
1400
1297
4377
1171
3154
3938
6458
6702
7388
5005
543
645
175
134
6994
796
612
610
6979
2399
7581
2210
1679
6175
7345
6754
2567
3875
364
3077
397
5641
1869
4068
7633
6022
5163
2463
511
5191
7275
3407
2285
228
2051
6970
1779
1984
1694
2971
488
4785
22
5243
7935
1025
2897
1902
1915
7962
7695
5215
677
2268
7593
2142
6800
3644
4097
5953
3326
7254
6503
3816
6646
2149
3175
1183
5450
2288
5614
262
1397
146
1901
6256
2087
1331
1074
3853
7724
990
2372
4398
7166
4581
7837
5525
840
7538
4082
1969
6099
1555
6781
4559
92
6758
7376
4136
5140
3543
1668
7565
5963
1759
917
5045
1369
3789
251
5514
6125
2469
953
762
2059
7410
4546
3466
1975
6408
5235
6084
96
1718
6265
5637
6034
65
7253
2076
1683
2755
495
4814
5375
490
2639
4176
4076
3899
6492
6412
4519
6936
237
7043
5066
6907
2383
5943
5432
1253
3813
5164
2986
5299
591
7819
4570
4229
3186
737
523
5274
7543
2954
5052
392
622
5577
2871
1329
2196
838
6991
1234
7606
4505
2582
5366
3614
637
4180
3094
2321
4928
1291
6065
5474
827
2874
6224
5607
6232
365
823
4238
7886
6708
1462
3999
2214
4530
5407
7921
1785
6653
3447
2527
395
5602
5259
6859
5907
6680
7679
859
2882
7849
6957
3534
3450
4424
3665
359
6324
2453
3628
4306
5931
6682
5002
5774
2216
6513
1002
4401
6764
6715
1737
2107
5669
6120
243
4841
4629
3049
4078
5213
3818
6851
1276
2172
1096
4979
681
5507
7366
5172
8004
6390
4243
7425
3595
3412
4919
7287
5092
4146
4017
3879
2275
4902
1787
5554
2496
321
1533
2611
225
4777
7595
2875
3144
6623
1551
1865
105
5190
5924
3039
189
4612
7082
466
5282
7658
5970
4643
2889
7893
4037
7226
3165
2720
7884
70
2122
5784
100
5589
5594
4901
7608
1404
3090
3602
6817
640
3963
4868
4144
6023
5268
1503
2136
4422
5736
6836
6192
5556
902
6437
3591
3097
5195
1934
7876
323
3374
978
5413
1403
6681
234
1643
7895
4269
5061
7373
7584
2807
1860
601
6753
7359
1761
7736
5861
4650
5621
5638
7246
4893
1247
3003
6201
6640
2053
6119
2944
1663
1987
18
3241
6700
4039
1260
715
6769
4761
4381
6969
6449
2824
7698
178
6299
6792
438
473
5790
6545
1626
3170
2
3256
7940
7900
3723
3080
5229
6426
1880
6995
5476
538
7499
2565
3476
4346
803
3403
4328
5292
5248
7267
5624
3817
4932
4850
689
1736
1199
5886
1277
4749
5010
6391
5302
2173
3122
2065
2817
6306
2922
1372
5726
5601
2856
4349
985
4681
5467
7319
6729
7025
1830
2011
2332
1698
3056
1137
3861
5054
667
1591
3807
6651
7272
6777
6915
6648
5286
416
4619
4861
2252
6319
2299
7304
329
4948
4811
404
419
4848
2536
3915
6847
1689
5903
3943
4069
4989
190
7278
2382
110
5788
7056
144
6477
7786
1102
7859
962
1058
1950
3500
1303
3495
6554
4572
1112
3015
7507
7644
3514
2902
6632
4062
4539
4468
4477
428
897
4976
279
6375
5410
311
3634
7823
3966
2296
2768
6451
6060
1872
2896
2541
1672
946
1864
5945
2747
3010
5806
7384
3249
5504
254
1620
3506
1483
7178
2819
4220
2883
6214
3746
6793
5042
3053
4863
1003
5272
3533
1943
459
4240
627
3856
3318
3555
6427
6746
4084
3653
3886
6325
6367
836
1091
7312
5119
1770
774
5388
7481
159
7993
4263
1986
3300
3976
7316
6376
6842
6564
4985
7729
1151
7096
2789
310
5683
1437
6813
4646
1790
6487
3544
4227
2990
4447
5826
7794
918
1590
136
4203
648
1123
4769
1673
348
4326
2042
7295
3990
3020
2314
1186
5390
4050
3650
4826
4816
6128
3630
3668
4066
5560
4835
7577
1816
4592
3242
7307
2449
4719
3666
4379
1515
4516
2879
7866
1405
7877
4755
3640
3278
6187
718
3715
4663
7525
6403
3428
2624
7260
805
5928
6010
5918
6594
6433
4287
4671
77
1587
3857
4129
3499
1138
7787
6171
2267
4509
1684
3259
6927
5534
7576
5665
2297
5038
2782
5881
5792
4700
6392
2987
2403
6706
5426
7188
6484
3339
4399
8012
705
6843
7280
2723
6226
7575
3456
7081
2617
7671
588
5434
791
7155
4878
7019
3032
5279
1305
7972
2021
2388
2162
1624
6073
5355
7133
1077
5405
1021
1501
2886
4156
2066
4153
7001
7557
5940
4278
4327
7395
7471
3691
7244
6563
2281
721
4103
7036
3609
2815
4801
3132
7530
1116
4678
2679
786
2006
1366
4194
6722
5265
8014
1239
4323
3026
5990
3236
1688
7670
4466
1149
2233
1309
4429
1979
3568
1840
8001
3204
7415
2400
7437
2265
3323
4662
2734
6893
3274
233
6494
3625
4169
6186
6967
5449
4947
1928
3262
3979
7462
5654
6750
501
2044
5648
6552
546
7650
2141
3440
6820
7958
7738
3622
1383
4344
3279
7826
2703
1786
3883
7628
6905
7598
6838
4393
1073
4217
7443
5419
1773
2254
3489
5168
2909
4308
2497
4911
6290
5050
6717
4537
5825
3342
1139
1237
3087
7871
400
2975
5689
5314
3261
5453
7995
7482
8010
2271
4941
1351
5870
5545
38
1057
2711
753
2036
958
3993
3923
1675
3071
3748
4915
714
597
1641
3592
3406
3285
7527
1989
3877
1298
3670
3864
3488
1751
6626
3021
5631
3160
6973
1029
6990
1133
2642
2751
5710
4070
1772
4963
882
3200
7032
463
2941
2367
4158
6149
1459
4105
5349
1784
2540
6033
6497
2550
1117
2121
1544
7908
2140
2978
2032
5
1742
6949
4256
1327
1056
5296
1868
6236
5760
3283
2483
3991
6018
2616
5304
3615
877
7503
7906
1609
4106
1122
5509
540
863
1432
7439
2423
7331
2135
4170
214
3547
2212
6067
4717
3775
1012
2631
2374
7273
1563
4653
3409
1504
6385
2590
4048
4566
3399
1556
6106
4882
3422
4024
2320
6350
6657
2070
6364
2335
6517
4038
4905
5704
3600
2587
3358
1066
4126
2890
2190
6500
4638
3627
6272
5827
7656
3477
7756
4426
1293
3760
2787
4417
7842
3421
943
526
2167
45
2050
427
572
4233
3306
7405
7891
5740
3168
4852
3137
7834
2112
5808
3384
1202
1215
2037
1812
7522
5362
4450
3753
6551
6284
7649
3987
2544
1589
1157
7062
7088
2834
2581
3908
6685
7714
4925
2369
3147
7790
4660
7597
7955
7785
3635
1168
1477
2284
3511
1373
3392
5582
6762
5220
2816
5854
6518
7468
4085
7528
5747
3146
4221
7792
2907
6198
3954
6329
2235
1085
4453
3557
3739
6024
6993
7682
1296
6615
7335
7750
2595
5938
4206
4607
5008
1142
3562
2690
6111
5147
5852
2223
809
4968
2953
3123
2735
6652
5488
6925
7902
5756
502
5330
5653
4369
7336
4008
2034
735
1788
6377
562
7077
5573
3451
4404
7116
1125
6944
1567
4181
7710
3885
1727
3354
4164
2551
5505
6736
2368
7070
5222
5758
7766
2702
5649
6336
7156
2838
1687
4198
5232
4439
2593
2258
6454
5033
8006
6177
1323
834
7040
1301
2476
4710
275
656
4550
2337
634
7952
3769
7292
3033
5802
2966
4182
996
2647
7614
2396
4421
6738
5358
2232
3172
3370
6490
6047
4697
7769
5317
2916
3084
2046
5298
5424
6664
2490
3317
6035
1469
3069
6055
3655
1595
901
2063
4299
2974
1677
6677
5739
1468
3647
4348
1767
7674
1455
599
2424
5329
284
2419
5360
5270
1345
5278
7380
928
2038
708
5897
618
1207
6488
1014
6873
210
6482
2677
945
2455
2825
7991
3183
7048
5985
7726
169
2857
4958
5060
222
1878
3120
4718
7340
3055
7634
3153
3521
4112
3517
434
7848
3389
1355
7271
2686
744
374
7909
6289
3984
1793
409
5930
4034
3471
7121
2078
6373
593
6310
3574
6481
1144
1460
6445
7645
1612
6775
2783
7149
433
7385
4952
1936
5412
6541
2637
2373
5847
150
4350
1659
628
3338
5305
2805
1422
2911
7360
1588
2160
7945
1036
127
5421
7735
6697
5457
1473
2713
7431
986
5206
7059
5635
1976
3217
5843
3436
6235
4130
1054
6531
7979
7206
749
5972
2939
6600
2628
6406
6170
889
3473
6639
6932
2767
293
6386
4647
4819
3512
417
2291
5891
4367
7131
4368
4291
2794
2833
1265
7651
3878
339
1163
3604
3018
2120
7815
4118
935
5167
5269
249
4397
837
7890
5448
2610
1487
7467
2033
995
3786
5024
1822
4261
7941
6903
7623
6030
6342
7998
7718
6093
2956
752
1051
7964
7943
4123
3656
1213
2485
4058
2003
109
4492
3680
5535
458
7361
881
7923
183
415
1491
5110
3034
6215
3745
545
6421
499
5752
370
4724
6036
1017
3779
1724
3516
2282
3787
439
55
4138
3012
662
2360
1341
6397
5772
5823
94
3833
7562
5693
7378
5921
1607
5746
875
2929
2263
2714
6248
2526
5053
4202
3444
2923
2351
1113
914
4890
3226
2488
2176
778
2067
4726
4764
2170
4551
850
4701
6790
1196
2771
6839
4585
2183
3176
4735
7110
2880
5046
185
755
3171
6608
307
2444
4743
4257
4731
3388
7098
5528
3599
5446
1667
5030
6107
7232
4208
578
3645
5377
1896
5909
1585
6220
6959
2264
4533
2446
7681
3507
6388
1763
3889
6496
3688
1320
5612
6383
7089
4041
1184
4935
2113
3689
1879
3047
2868
6298
767
700
1263
5664
2547
3117
3125
7616
7004
7237
1604
332
3467
5764
351
3580
344
2915
7427
2985
7711
1897
783
43
5524
7200
2492
319
5414
2414
5495
1845
6322
785
4514
5969
1348
1060
2625
4782
706
4729
829
4513
5863
947
7957
916
1630
2648
6483
4944
1917
2918
908
1423
2079
4945
2851
6585
5996
632
441
6053
5031
2528
6960
4248
2376
156
6456
6361
4846
5152
3578
5216
5713
7524
1808
6085
6191
2030
7213
2020
531
586
281
858
4122
2084
4494
6370
6027
5521
6135
1359
676
3970
2657
5043
4362
5979
4098
7321
6958
790
5697
6607
7168
7326
4442
5211
2401
5207
4491
3293
6212
2163
5643
117
7762
2049
537
3654
7948
514
5559
6100
1045
3208
7256
6696
7017
6786
655
3446
5189
3029
2785
4067
301
820
5923
7258
6127
6819
1272
789
6661
4606
7889
3905
5300
5423
7510
7095
5498
4197
492
5151
5593
2074
1862
6602
3845
7400
4019
5721
2636
4642
1543
360
7937
3198
770
1647
7369
4355
1850
6321
2309
2705
389
2730
6896
4713
2846
4470
6548
5998
5866
2286
4591
2386
3706
7220
4200
2643
7546
3140
3173
5219
3031
1815
2801
4630
787
475
6341
6444
3587
1834
5387
951
6947
5620
5538
2991
2619
4884
1328
5829
6869
4064
4917
4523
424
5128
7005
7268
1714
5090
2134
1067
5389
5428
5547
3805
2308
2534
4178
2900
6409
6665
3540
6504
5004
6827
2865
2221
7497
4772
5184
3570
317
1796
7008
2380
3373
6472
245
6072
5552
7583
998
448
3234
7967
1941
5522
3199
3158
2910
6728
2114
7420
7730
3997
768
4730
1966
3937
2739
5249
3149
148
3538
4490
3949
2591
7801
3947
1197
2222
7461
761
6312
7791
3238
4589
5555
333
6133
5175
1579
6703
155
765
5470
3667
4358
125
2306
5416
7934
7491
1528
5165
3801
6885
4303
874
1811
630
2832
460
4564
5353
1512
3452
3783
6636
4121
1165
4147
5821
1740
130
3257
6527
7466
4609
5393
3762
4898
5430
256
3520
7637
5012
1929
1255
7446
3812
3910
6315
3659
711
2004
3721
132
5210
2663
5629
2599
2727
6649
5064
2075
7547
2342
5433
7966
51
668
558
6945
3229
1926
2241
5007
3266
3811
6104
5727
6123
7699
6815
6542
4201
4984
6443
688
6799
5595
2576
6246
5583
3704
2045
6821
6331
4403
5989
4161
3092
852
2022
432
4055
7798
1195
4336
462
5719
651
5141
5702
2443
7414
5880
6502
6303
5411
1302
6986
2175
939
7803
5384
1024
6279
1768
4461
7064
5828
4625
377
1525
6138
6875
2963
3410
24
6425
1493
3750
905
1089
3907
3827
7737
7435
3188
3028
260
1911
7938
7609
2186
3882
7026
3895
1804
4384
7588
2888
2542
296
1693
5730
4160
5786
1358
2283
661
2867
2137
4569
7186
7777
4866
7915
5121
1946
4408
2457
828
6005
1690
2459
4834
6251
2507
5188
1532
1476
5019
2434
3701
3777
3061
7177
5526
3868
4104
6587
4545
6698
6371
2312
4405
7353
7559
3936
1766
885
5876
4836
1596
6463
455
7355
5193
3435
286
2984
2068
614
5879
1648
5570
5161
7657
3974
7390
5755
3270
937
7029
5364
435
