17689
11515
7686
15905
8754
14633
5062
19854
13414
6632
19135
14315
11707
14920
16108
18903
2021
4992
16345
307
13646
8106
11781
19924
15360
11941
18759
11916
10887
8910
6283
13050
13837
18354
566
156
8993
13943
17108
16740
5297
2685
1635
19889
9708
14655
11991
10533
1305
17344
17280
3736
2304
19047
2050
19171
5516
9920
19177
13840
327
13250
16275
17857
2130
16491
10716
19571
4954
18650
19782
709
7666
7560
14362
15726
11944
5882
16103
7641
8019
9939
15440
2545
13077
7169
9449
9946
12008
7904
13940
11317
9231
1896
736
10817
15719
14713
18938
1122
5585
17550
5319
2515
15264
1433
4322
17250
18113
13916
2991
5790
2218
12543
19422
10284
2834
18589
8776
13305
12664
10212
14823
2435
4309
6704
16393
2293
3732
3313
11438
16834
8396
2703
583
16099
9167
16661
8159
14519
309
9856
4972
16956
3978
19348
5536
11958
17978
7720
13113
4049
2289
6942
12796
5153
13336
16945
34
16869
13337
2405
5379
1306
521
13001
3676
17443
11653
13252
11853
7474
5912
18453
3562
18313
13987
17630
4408
10531
18768
892
10572
18568
4170
6716
15387
6178
11678
16971
7505
13878
9816
9906
6651
7297
9917
16680
7578
13519
15257
10298
5068
12768
2775
14608
3585
5857
17846
18263
13213
9254
1601
737
14326
17221
7987
695
18171
13582
10389
14919
3002
1671
3921
16861
17690
6534
2817
11893
5353
9976
19520
12491
1186
11015
14413
17809
19821
5195
10247
3420
8305
4289
15735
1700
18292
9319
19730
14025
11498
12652
18619
18223
15696
19051
930
11025
4961
7115
19823
15479
5570
5311
16344
18817
13716
10752
9732
12743
4824
16013
10464
12434
3713
1525
18334
6918
9327
870
19828
4966
13684
6095
16184
4442
13314
9699
6056
5023
13270
17656
16017
17658
9559
1456
3236
3226
19128
12997
16825
2257
1990
3710
4960
8781
1726
2964
14035
9373
19616
7777
10776
16387
17841
9648
15245
16773
17137
18235
15217
5324
7522
3913
13583
15779
4985
1475
4642
18899
5783
7800
6932
10954
13713
1462
19186
18009
17714
17219
5854
3868
15285
1294
3210
16348
10503
831
5848
17080
759
15017
13841
1811
19311
13915
14488
7724
3631
8327
7065
1547
2713
10033
10831
11907
14474
18314
13860
12962
6230
769
12987
839
3779
9517
10101
11729
11981
19685
14758
11315
15649
6437
6331
20037
6243
9164
7682
586
2121
20035
15243
10736
19366
7306
12459
10329
88
20011
10055
1304
18831
13632
8476
2667
15833
5681
5003
12999
682
13158
17666
958
4410
7726
2276
9367
15938
12499
1191
6714
13804
13471
16807
11934
17764
7763
7346
6595
18616
2186
2894
9406
1018
8224
5881
17470
15202
11437
2919
8916
7760
19402
7629
3949
2845
6397
4537
2072
8023
11382
11929
12654
9530
2397
1589
19020
14836
13824
1766
189
1792
7735
18830
351
5883
3745
9046
4507
15469
13853
11769
13555
8665
4063
10946
12540
15491
18347
15539
11399
2087
3114
8229
19156
6696
8319
9043
12661
10427
8248
243
16002
2867
11007
8207
2325
19956
5387
16347
1167
18867
11925
7736
7928
10986
8800
5161
4534
5279
15652
18005
11835
560
10543
13817
18251
4986
13253
16589
17158
8580
13618
5473
6144
15043
2682
17817
16666
11820
5017
7766
17514
5289
13811
6844
10662
14918
4000
15899
19287
17698
1785
4783
6139
2513
11428
13003
2756
2722
19458
6252
15727
19547
4535
18172
19584
16618
13469
18869
15352
5805
11134
15595
5505
423
2310
19016
8403
11965
366
3301
18444
687
9111
9239
10132
5768
3674
5197
17027
2559
4090
10270
1941
19576
1088
8315
14318
19142
12477
8549
7281
2400
17487
4204
3278
1770
16036
5851
368
8918
3724
17702
3192
1944
13965
17785
4475
12704
13989
4855
6112
405
502
10729
11126
9002
17793
7588
10092
13929
17540
16354
4030
9173
18256
11276
9037
5127
10750
15626
422
19085
16905
19112
5443
4547
15738
12804
2784
12342
19492
18780
13998
14791
3244
16107
7859
10782
4682
9652
15967
14430
3931
3701
14347
5546
8621
10062
18983
8346
4314
17333
2511
14121
11717
12023
5523
18749
7431
2603
1610
10827
15411
19772
18424
16878
7357
6408
15946
6006
2982
1867
11659
19503
1372
7383
15604
3140
10899
18343
19938
5067
16200
11092
10290
83
18741
13370
9763
10544
10225
7539
11461
18210
9838
17408
14377
9431
16249
7785
19428
776
12325
323
911
12402
16217
6259
8804
14801
8876
4785
12532
3099
1060
10953
19215
4028
18197
11877
16271
9734
17746
1501
14024
19599
5987
3558
8623
15776
5792
4432
13848
620
17070
15703
4372
16711
5731
6313
18232
7623
8153
3795
14383
10098
678
19725
14544
16262
16284
9728
19638
11975
5005
2000
8525
8747
7120
19220
17175
14380
7702
5746
11348
8089
5665
11141
16009
18032
18261
18688
3174
9598
12122
9447
18853
13949
7793
7361
18536
16702
1844
13661
5664
2736
1168
14549
17177
19450
12883
2542
9784
11879
5006
19591
15878
3564
5938
13036
19620
7791
8612
1866
17518
12630
14405
16403
4153
16236
10976
4767
18596
17326
2451
12594
5892
17418
3766
5419
15792
17564
5832
18063
14870
12239
9521
8328
16882
12780
1366
15276
19401
7850
6564
643
4731
13275
9141
11719
13842
16137
5902
4285
2443
1008
17589
13425
18601
11917
10521
16110
8961
7305
3271
11567
8749
12063
15511
14534
11474
5385
400
12510
468
4937
18900
7601
1069
5031
4811
10412
3404
10391
16608
13625
15184
15290
4843
10034
2402
13545
13397
12432
9762
4546
10764
2522
19506
13834
19767
18364
525
6871
15922
8909
12956
9169
12575
13267
19440
2233
12375
1937
14012
12523
18827
17822
11127
9335
18649
202
17488
18406
19498
3257
4396
3885
2047
11808
17845
8318
7861
19048
8886
1674
37
19861
1832
18008
12901
6656
15897
11431
15903
4279
3816
19508
6943
16201
10307
4672
14056
15848
11022
16614
5785
13539
19601
10501
7514
13991
8654
13658
13382
16142
6386
3666
11770
17682
15071
5478
11604
1716
5633
11743
9042
887
11205
17330
6276
4680
15373
15612
12364
5164
4789
10588
5120
12317
7179
1835
4856
14794
106
4047
9008
5595
3352
7811
11868
13960
10240
10714
8929
2932
5544
4338
11128
8368
17209
13099
16353
9446
16813
10864
16858
15619
6207
17813
12568
8582
10472
16379
17701
5166
19257
11882
4677
6615
5118
1537
11554
2119
19768
18247
1200
16325
12923
4773
8762
5946
4577
12819
1852
2205
2606
1032
7222
5131
13801
14872
18198
584
19038
7454
6597
2983
13666
10732
3940
629
10932
720
15568
19521
12562
1757
15744
11101
19386
17084
11116
7387
10223
15672
6838
291
19667
12691
2054
12233
2922
12143
2958
11528
19227
101
6188
9837
10450
8624
12587
1924
17402
10429
4044
18228
14069
9595
2588
11629
7194
6153
15698
4845
10542
12055
8704
16292
3499
13774
1441
154
4362
12650
9264
7922
2518
9637
9520
13798
4847
4865
7710
18030
19910
12223
2653
17836
19250
1688
18297
16617
4023
3018
9795
7681
7255
16862
12698
13264
12194
13119
4
152
17559
7183
171
6686
11773
11679
11537
4832
5157
2946
2114
10660
13772
19023
13643
5661
18352
12939
12659
5493
7319
17919
10639
5193
12254
15951
1295
6105
5037
3625
18963
11972
2178
4479
17025
5906
175
1224
18659
7872
1336
11258
112
4427
11076
16187
14134
1783
2216
18890
4195
1916
7927
16786
17736
10268
12577
13783
10
16876
1254
10057
17794
15806
19744
1355
16544
7851
5383
19679
4670
2873
19355
1173
5784
6369
9305
19344
2752
19426
9461
13931
4021
19548
8602
1936
13642
15708
10205
15068
17024
7764
14738
1661
17381
14201
5350
14709
13849
17516
714
6179
15868
4340
12518
17144
5109
9353
5951
16015
11601
11949
18159
13176
13710
10102
1001
308
12425
15055
17782
5476
8444
15654
12096
19320
11817
19467
10586
16830
746
4290
3445
12775
4766
2313
8692
3489
2367
10518
2155
15624
14858
6324
13765
19631
10342
4898
10084
11260
1600
711
3020
16306
4822
3379
15366
795
674
16910
16458
8138
19039
16153
14004
6516
5932
5038
8882
11301
11575
199
14433
5259
15617
1607
6755
233
7170
12444
7451
14409
5535
19524
6662
4701
4754
7465
17758
13499
14668
13265
17277
4083
11517
14621
15935
4786
185
17252
765
3733
17343
16228
16437
16399
3750
5982
10335
5201
15174
7353
5916
7105
4587
2294
183
18153
10692
3496
4197
8563
10360
13294
2697
17685
18083
17669
6553
11206
879
14796
6078
5865
4565
7017
3340
645
4418
6789
3102
5779
963
8816
14053
1599
3597
12264
5678
7457
16350
5952
5904
10610
401
13116
1057
6094
12474
9269
7954
7958
16801
18916
9861
12636
9753
16214
19610
19415
18635
1848
16988
3677
15699
19656
10775
13868
13744
2032
2138
6956
17574
3865
3037
648
15443
11356
13884
10180
18526
16227
17573
16690
16576
7671
10779
19151
13039
19666
7788
10509
19759
7160
14882
13538
12440
18545
6665
14300
4719
5872
16758
19512
9146
109
9351
12990
12307
345
4180
909
15950
8629
16543
12558
4723
8938
7734
18625
12589
18904
16469
7972
15302
8526
4557
7900
4474
7028
12563
13366
11397
6875
18706
11464
15986
4912
19308
5376
3387
16069
9468
3482
8333
10642
8837
13015
1821
14559
18110
12249
11722
9371
4157
10467
2644
8627
7643
3972
9328
19439
6860
11625
7826
3956
18101
19893
5936
4359
19390
8925
6235
13574
13894
18610
1371
17396
1009
17797
3554
9984
12492
18212
11383
11948
9529
5972
4738
6741
11860
1538
15925
2224
7139
3919
13823
803
13906
20028
6747
7715
7551
9036
5510
1417
16877
9228
12418
3153
5630
11954
18883
1546
18074
1026
4149
19500
880
8443
6872
7293
10561
8279
4134
13443
18240
11138
19145
221
5412
18257
12707
8950
6148
4071
9934
8361
3849
19954
12732
1394
319
6874
8611
9910
4142
19552
11732
3884
13361
19594
10340
5636
16224
1886
5041
53
499
19728
14127
5773
13859
5292
13234
8395
5386
14851
4800
10765
7078
10625
1572
14144
15341
13319
4758
9995
9922
19416
9247
8664
12985
7159
19360
1197
14673
4834
12942
138
18506
15830
806
8037
445
5562
8130
12687
12204
13549
12275
575
2011
8504
17533
9039
18737
1528
8242
8594
9302
6793
9392
13978
16601
13186
18276
19170
4683
6644
8741
14355
10740
14693
18052
5254
16148
7275
15058
17980
17427
17710
7537
7639
9273
9238
14757
6738
6205
13048
1077
10126
5035
3243
13826
965
1177
3598
6709
8392
11167
2444
13241
2887
3587
8409
11177
15845
14660
10376
5034
15014
5689
14978
16218
7508
15008
8529
10552
5651
1644
8519
11803
1154
13286
6497
11978
8583
4993
10590
1543
1000
7746
4718
2673
19939
15542
13487
17337
8678
16749
12007
14748
15918
18606
12018
13634
6196
14332
1233
17469
4188
283
10365
1035
14734
1819
19699
11509
10355
17825
6398
6679
14636
15149
9344
6819
12753
12725
16874
226
6489
17409
7470
5827
280
19668
11367
2340
2980
2080
2572
17357
10563
10348
3807
1721
18189
3165
8694
19922
17013
16496
10403
18696
3307
19774
4261
14186
16242
869
15728
7812
5000
16188
9140
11566
4760
16937
6110
1157
915
16696
17867
66
14828
13946
12570
1519
3087
11880
16072
15528
19475
729
1312
8073
15141
3491
17078
9413
4750
1744
3206
6883
17199
4043
6887
5358
18421
8178
14635
6187
1660
13988
10578
12452
11017
14376
11744
2971
19818
5793
1102
10875
4185
2523
9587
4792
16630
6414
978
14112
10883
2735
7449
9815
16254
14320
3284
17755
17338
12975
9817
15609
17511
751
1694
10282
1831
8791
15304
3557
12268
1342
1485
2113
11931
11280
14044
17284
6405
5226
19029
5884
16309
16853
15010
17411
11812
2421
5107
1423
18772
3126
18670
2175
13542
10401
8552
16174
12463
3753
914
9660
16168
228
14998
13480
9623
16809
12777
12073
17967
6251
17214
5498
1152
14353
17803
15378
9937
13806
17049
6308
4782
4393
20041
15498
17196
102
9645
9543
12522
9198
10251
735
15190
10042
17113
17633
17149
2389
7808
10538
1650
12998
19481
7616
20024
321
15777
14443
7053
3692
10131
6669
10104
5501
14539
646
15828
4505
13215
2181
18716
6927
6663
15789
3504
9754
14090
2246
467
159
8540
11818
10372
5357
9634
2977
15125
10202
7244
12821
17139
6402
9631
3584
17520
15213
3098
14620
14208
864
17641
3186
14612
12835
17745
12140
8805
18320
5129
4693
4175
2066
14671
5192
19230
17545
4091
5418
666
6767
17645
1492
1050
5667
12848
30
5715
11511
9450
11881
7369
5695
18628
5244
14301
3054
14761
19482
18585
5791
18790
2746
9810
3230
5504
4027
5869
2904
7090
16298
13484
1800
581
7351
5818
3132
19505
1781
17737
8046
6443
5411
17366
3590
700
19327
1504
18312
1974
9462
8075
8861
14157
18684
7051
3694
17909
18349
16955
17585
6990
19978
10170
188
12519
3834
5554
19371
14394
17414
6111
5307
10795
2914
5786
11191
173
11963
11671
10233
10844
1751
15667
4163
5220
17263
16698
18390
19285
4584
10420
8899
17902
19368
2292
8562
3980
3070
1606
17692
9215
13598
3922
17482
7674
19630
11762
13815
10446
2970
19985
3854
4518
5922
16372
19079
17938
6543
14020
15992
4339
3996
11799
589
11933
17294
13106
17988
9983
4991
18927
15858
19476
4425
7024
9613
4096
275
18145
5190
8035
6010
10784
17715
10237
15707
18293
131
3072
9929
19933
3822
9697
10981
4699
5231
10362
11615
8869
18479
16012
3356
1373
1564
10933
10939
19356
802
9963
3744
363
13777
9674
12228
3539
12760
1461
7294
4450
5616
7510
18260
7901
4808
7615
2706
15516
7706
16725
8206
6705
9523
217
8965
5302
397
515
14038
3310
7469
19975
11527
1149
2197
4428
5070
381
10771
3013
6774
15467
16232
5447
10836
2631
13606
17928
9684
17865
1386
18300
11192
3823
18691
7401
2997
5439
14436
4025
8483
11043
2434
7592
12730
11
1653
2299
9458
18860
7176
19357
9312
14566
10894
17995
4477
19702
3207
12484
40
8289
9857
10184
14682
16944
5694
8872
4704
9594
4628
13462
928
4746
3582
8123
2804
2961
17437
2008
943
4981
8550
1759
10664
6636
118
8067
4619
56
12588
3170
16140
5114
7367
8630
9701
8911
17926
10216
1756
6659
19888
1733
9876
2822
2309
8695
11381
19762
635
142
2637
14959
10901
19817
6929
1807
18100
18069
12884
11520
12676
6075
15873
11613
18574
10226
2305
16541
4721
13195
18237
13184
11779
1534
10349
5281
18486
5261
3029
358
5047
13098
7676
7805
8601
17471
12624
15002
2104
4255
16155
3321
10513
14744
5895
17265
11774
20023
15991
2461
6966
2630
6870
3341
17848
15337
13392
10327
11394
2278
3463
17479
16234
18720
10942
14185
11962
14233
6533
6831
1594
905
2745
9522
5969
6590
4328
6250
17334
17026
11579
11236
12031
11959
1959
7580
7880
16129
5392
7492
7211
5480
9967
4764
17981
3654
95
7656
8024
9819
3873
12702
11400
10018
11478
8459
5765
622
10359
1655
7509
9781
11683
1436
10758
3479
3969
11842
3608
4626
19339
14890
19120
11490
19758
10570
15416
17068
17624
19206
13139
255
256
15470
13905
18870
14689
9643
13548
2910
4522
2575
6089
14472
11809
14654
3315
13641
16131
9278
8370
10843
11005
4673
7935
18242
14365
8375
16656
13885
17405
14694
9785
9152
18164
18787
14935
6655
9137
14651
11264
3938
14826
1908
16551
6710
7095
1872
14611
12658
2872
14727
13121
747
5071
3150
8181
6822
6837
4796
3227
13129
15827
10695
8761
111
5441
7646
12801
8644
1071
7132
18540
7909
12341
4430
3042
18492
310
3514
2207
13533
13509
4073
8832
1446
1256
19872
2693
7035
6639
13739
15780
17828
12077
2569
10619
3649
6912
1147
16335
19960
11120
4777
10678
6554
835
7608
1392
18925
2308
8691
6159
3181
6577
19074
9850
8917
6227
2934
10622
4299
4112
6444
8234
13879
5095
5725
15238
16448
16352
7031
3936
13686
11004
11245
8864
15506
18214
8231
9797
6028
1859
18868
12873
594
11171
639
19769
17003
18847
395
6984
4459
16365
17969
9824
13571
15210
17384
13724
10934
6781
5564
15291
11056
7948
14601
3272
3333
361
8577
5122
18277
16247
2712
13771
4837
18660
12638
15197
1061
9129
10659
13021
12322
2319
4032
16211
2838
5064
14444
16558
19391
2187
11140
15782
14641
13665
19429
17652
904
3219
9023
18193
18457
19107
10690
19714
9288
15054
6379
11395
6043
17729
9006
20009
8565
11285
8302
5648
11211
14526
9408
4660
3237
15578
1176
6580
7819
854
12185
17174
574
12349
16210
18928
16791
5502
17054
14095
13968
2544
16390
3647
15358
10965
3663
14822
3933
7869
7749
15930
17851
7444
3820
10738
5816
18487
9318
14146
5401
4437
5063
12430
18828
3040
16701
12104
15022
5233
17788
17596
8796
17127
8755
19399
2182
1112
237
15488
18765
10179
4466
11586
2855
19718
6761
7590
15271
4094
15158
3488
6666
3555
19021
1101
5622
4225
7488
10555
13919
20002
2271
16691
14521
15510
18707
16535
1559
13131
16991
952
12142
3034
2718
19006
18791
15543
14614
5540
6643
8836
9933
15001
16416
9209
2533
5863
2279
12066
16572
16636
5146
18783
17977
8167
13012
13128
13886
19376
4976
5456
726
836
10493
564
16930
16651
18745
7057
6037
16923
7591
1120
4431
3767
2877
19158
3050
8782
10952
12948
13494
11075
15113
19321
8775
10756
4971
8399
16186
2898
7571
6229
14009
8148
15795
10840
11234
114
2468
14617
2127
11279
1640
5100
7911
2348
17628
1031
12011
7121
4828
15513
5757
6099
11628
6448
215
14886
4311
10778
13362
13501
19470
338
12323
7282
13200
8496
6240
13976
3755
1437
7300
1455
5258
18879
19031
17665
16440
10693
10377
4412
694
18551
9044
10367
10708
16303
9375
5944
14067
17406
14679
6382
12043
18742
5343
13676
6471
11746
5592
17565
16493
15478
8230
11175
17226
15432
11087
12913
8730
2791
1322
15315
11240
17806
7815
13181
12674
8200
141
3995
8117
5875
19484
5
17212
5204
6992
13418
16670
11650
691
7497
17786
18885
867
15042
4305
16310
8970
4500
3870
15249
18524
5697
18525
10278
488
15127
17012
12815
10185
18497
7899
17740
15186
2275
7993
3893
8264
14716
5033
14508
5850
10338
12212
572
5334
19489
7956
11534
12954
7027
548
7124
17140
379
13153
12898
3351
4024
10430
11433
2882
20005
8196
14140
13055
5322
3525
4389
6217
15860
16602
11583
7933
8173
872
18295
4849
4137
15021
1602
11346
11042
4045
19457
16065
8873
17324
17724
9991
15399
8414
13489
20018
19269
19660
16599
13316
11902
17721
12564
11443
1243
15074
10039
7314
6339
16389
4914
18220
2344
14811
18146
2827
8209
18192
12248
14074
5927
257
2169
16272
19585
10343
11864
8720
8945
12386
18848
6505
16868
8932
18468
19420
12081
18161
13297
19445
13785
5611
16265
13605
5218
15923
2341
4250
19999
8263
12121
9719
8009
13277
312
16289
496
8047
7366
17939
850
11344
17940
16812
12593
11700
8528
314
16273
12950
11256
5763
7125
19881
13575
14100
1804
7371
10672
20006
5914
15898
19867
19848
17090
19925
18396
18891
6935
7380
12584
14341
14195
4223
14261
13857
841
16989
4155
7229
10031
11828
11742
8180
11553
9998
18326
2720
15246
3390
12262
13733
3326
2038
7113
10415
8891
15771
18422
12303
13754
949
472
13212
1246
8588
3057
14243
5643
1880
19617
3804
8835
15994
17124
19842
6603
15417
14509
4235
6600
10347
4014
3757
17927
3686
15129
15823
17395
2365
2146
13136
16010
6052
7410
9208
11469
15716
4890
17110
17493
5858
16349
15541
19597
10700
17130
16266
1515
11765
4125
12530
20001
6621
6319
9863
11909
16806
7626
675
3547
10248
4253
2566
2645
16166
17478
818
3824
5973
19024
5013
14739
13541
4420
8031
11913
7137
15408
3591
11409
16362
17332
17598
8195
7368
1818
12757
4331
16866
18341
17789
10608
13096
6493
7400
7382
8074
5714
16385
2505
1888
7506
11359
11616
1535
10279
10067
3659
3725
11705
9553
6130
6938
1678
13481
4526
11250
5463
12745
399
18255
7427
6462
11254
17377
9098
11912
8213
16011
5399
19365
18387
17756
10218
17772
16043
16343
12447
17717
717
2152
2537
9125
7458
19449
8215
12792
18358
2599
15050
11242
2211
18503
14311
13636
12727
16287
15175
6961
3777
11237
11143
8733
15319
19712
8107
9619
3116
3196
9062
16965
19967
16672
16616
8559
5856
1548
12274
4508
6316
13230
10155
1137
14932
12006
380
10258
371
11362
3383
3353
10810
5509
12436
10733
10780
770
11420
16821
14813
17301
12980
18571
19040
1263
13013
3157
10477
6221
10794
19526
28
18941
13596
7164
4724
1796
10215
12110
17852
2625
1040
3706
1226
3544
16056
15424
8883
1232
18111
7243
8606
10540
12546
17128
7888
1310
3896
16319
16963
2145
12052
4798
17317
1352
16977
10406
8576
7040
8608
16466
2730
17500
10803
12234
1106
12213
15369
5921
16338
779
20026
1624
18812
14427
15620
10304
12972
15301
18304
9124
4714
19572
7018
1041
2920
14973
18856
3843
11222
1585
13467
11396
4458
13365
2902
6841
13913
19843
9581
5483
4465
14104
19338
10447
6401
4802
8272
11270
4506
14241
15080
18366
7979
17562
8663
13143
4256
13274
8913
6459
1906
288
5635
18338
2856
6282
7651
3212
17170
11125
913
761
18082
600
7077
580
19491
6435
11376
6494
5264
4989
5494
8203
13992
12816
11041
7638
7874
14151
2870
9394
2940
15655
9429
14767
4946
2664
9410
9769
11654
833
16116
7524
1133
10906
18663
18638
9123
5777
13472
3616
1765
10546
12392
12537
2837
11898
4118
8038
16646
11006
8082
13611
16625
13796
145
4696
11928
2798
7407
9101
2905
55
8378
15267
86
19241
3344
16893
8447
16901
12686
14029
14784
9009
13309
7939
12128
17972
18520
5870
9266
590
10500
6361
19648
14282
4199
2165
8896
5216
7303
17560
377
8974
17071
5989
13051
14951
4498
15871
14730
18594
1460
8652
8773
9314
6873
11748
5165
14616
1633
18841
3641
4629
415
18730
2081
18355
17687
863
2711
12211
11445
8338
3264
4675
7404
981
2022
16183
16895
793
5172
12851
17136
12846
13844
11198
11224
4570
45
238
10873
10014
14296
7185
4962
2266
7312
4748
10720
7540
14593
13650
11210
1664
17287
246
8994
15481
461
44
12600
10056
1275
14061
13790
7178
11108
1025
1897
8324
2409
2416
4378
19690
4052
2112
1265
6944
3927
16128
16068
6694
18669
5806
9573
12450
6542
17762
12163
448
9696
13197
1732
14167
18430
13803
587
15281
15323
18392
13720
3477
5425
3507
5234
11995
13576
14503
19692
5355
13727
19996
4457
2948
13248
17489
14145
1185
4317
12112
486
7363
16658
19000
9412
8649
17552
18820
12774
17599
19178
2707
6326
8668
4827
1196
8959
6952
19698
730
11476
970
13898
13609
1002
791
1986
3708
797
10768
7648
3629
19937
938
16822
16952
16961
9504
3637
3892
7864
13056
10357
1495
3721
2957
18291
11277
12169
13928
4776
17728
14175
16127
17151
14989
13115
5374
18174
5347
526
1142
8330
8371
7794
18748
17504
2043
9252
14275
18473
9589
7452
2628
10565
3422
17030
3968
8057
5506
2581
19628
14665
11214
4835
13865
9778
6342
6718
1250
12004
14236
13959
7328
11411
576
5520
18736
2525
11771
18829
18826
1081
13882
4336
19187
15077
10574
15519
16431
8968
10077
5080
4503
17855
19117
18248
13076
16883
404
2180
7196
16294
2965
12306
4698
11487
17739
14602
495
12048
2415
8212
15153
9742
7227
585
3886
14897
15380
19763
3881
460
11239
17947
14502
17171
16112
1856
9479
1645
16230
18442
13171
10046
4910
9202
10246
15229
17614
14774
2494
9551
2283
811
18887
3818
5542
2848
19088
14139
4193
10845
10003
1042
19397
15709
843
1929
18217
7187
65
5286
2495
14124
11045
19894
2708
14248
2661
13236
6422
16890
1408
18241
18910
16261
10554
18531
17241
9033
13679
8335
1768
299
7140
4470
16138
19377
9809
1808
3798
2993
13477
5814
8693
17549
10012
1428
2042
13093
18590
19283
15863
4301
5552
7274
4265
2030
2928
16920
985
3974
8758
3093
12995
17183
19596
977
6040
8996
13009
2318
12391
19752
6980
6417
994
8946
8157
827
18810
15487
12327
16443
8660
14837
3323
10294
733
8967
16634
705
3452
7550
4757
14269
12180
10147
4212
3802
7978
6764
11372
17712
15388
5090
14481
252
16290
12320
14272
19550
18333
17529
8641
704
17774
2955
6391
10667
2120
4901
4678
5241
17854
15307
3519
5431
12102
13589
3290
15231
3419
1225
15714
9632
3518
10473
2989
4879
2591
2484
15817
7798
8682
12429
3716
12106
12488
6281
17606
702
3932
19466
1234
790
3498
8473
4238
11855
7063
7675
5367
1079
10181
10433
403
8739
9306
2458
12300
17308
394
12787
19930
19462
6295
3339
14948
15680
19041
10598
9746
10753
4935
9470
9609
3008
9235
9126
9403
11130
17915
2790
12555
15522
9653
2203
19407
12232
8309
2570
14117
19166
18271
15747
4620
18921
10145
4669
9034
18598
10989
17413
844
740
17751
8478
12625
12908
3246
16775
14219
17143
5799
18626
17234
15736
15749
6625
11546
15718
4210
1988
13689
17297
8177
20012
12390
4818
542
4826
11296
3193
17275
18327
9285
18569
9911
5445
3576
2916
773
11113
1458
4513
829
12089
6671
19477
16962
2992
2638
10300
3990
10668
10601
18781
4402
16933
11151
13095
15030
12639
3101
9627
14607
3738
13760
1810
3138
13932
12113
9654
595
14108
706
5215
16805
18081
18361
12671
7461
5283
8539
12424
3069
14551
8097
5057
18010
3431
19246
15422
15576
4810
14222
11968
15495
18757
14795
19824
3410
4355
16555
13683
19791
11044
9958
15312
19981
3695
14256
3023
4356
17734
13222
8850
3690
8738
4741
15052
15389
16683
5619
5424
16101
17192
2818
12382
12721
11182
18118
13166
7516
10068
2657
13183
14669
5997
6536
18708
8344
7220
4743
16863
16203
2938
6824
10746
7325
16083
19688
15162
19152
15343
15758
16118
19751
19969
12495
10134
16162
4169
10488
15552
14576
1754
3959
15843
9639
18157
3984
12818
11606
12
19947
12965
14231
6002
17387
19474
7217
19557
14770
4211
10214
14319
3702
12152
5491
16626
8366
4409
10632
4421
8021
3987
8520
9154
9767
10354
4312
6619
4451
12512
17873
2082
8935
7322
12259
13897
18004
19430
4190
9806
1895
334
17671
12388
15592
13830
11319
11576
19703
18278
5802
3958
11823
9444
7238
5543
6025
18324
2641
18459
4422
4084
17023
10721
14001
16891
14906
14840
16515
9452
11057
5899
18138
2689
10111
11048
10295
3107
10050
2286
25
14683
4276
2
10969
9022
1812
20038
9451
15354
8849
19276
11267
436
4383
17115
9966
19164
6084
7464
8658
14404
19732
12971
7463
6530
11194
16525
10255
2033
5414
1328
8013
9854
9021
13926
4453
2483
617
6301
5853
6175
4066
14677
2282
8397
5828
19017
47
10187
19223
14881
11355
15750
18806
19531
18058
18056
17577
2627
10558
786
10829
19913
4189
4853
14892
6766
19451
10868
1842
11345
7145
7114
19612
11035
6174
14252
12874
2794
18920
1558
4209
19621
17167
9818
3365
8358
13510
12111
19853
13535
10907
1467
12493
10974
17262
7263
17200
8951
7635
16987
6851
14262
17900
6899
8779
774
1530
1318
15874
13870
13950
16400
15790
12993
7976
11646
13419
12606
12501
1047
5819
13957
3123
18789
12334
1276
14524
1806
17864
14073
9325
15811
19493
8198
1680
10140
2860
11696
7422
1940
13808
4243
10219
10747
5532
14142
16828
302
17672
18124
15818
11513
20
14793
13630
12164
18962
11097
10136
15729
14861
9562
5753
11491
1933
7837
1805
8626
12005
10311
12129
8662
3712
14457
14587
3509
11375
11081
3556
1315
7167
11430
2160
6046
698
9000
12419
4524
3711
10244
2595
466
1741
17507
15876
7692
14486
5788
16836
16592
15492
18097
19852
6676
117
13660
19659
1016
18934
10661
268
4329
15909
7796
677
4859
19253
498
3601
12287
9192
19100
1776
13904
3615
1313
10028
796
2129
4697
11477
4330
3208
305
3954
4384
7182
17517
10198
16845
15679
9919
9100
556
2067
10923
8030
17657
6981
14107
4038
5278
8521
3667
17009
17218
8172
846
7209
7519
15712
7502
2600
9334
12573
3897
6355
6699
13246
8823
13566
356
18735
14790
1469
18068
13944
259
15689
15445
6201
5767
910
7117
9881
501
4086
1245
14162
11876
15893
16030
14946
7772
16668
16815
14895
2636
9049
6318
15822
6346
16454
13664
16921
8149
16450
19162
19011
11308
3306
5332
7985
12456
6507
19720
2656
14553
13673
7655
6023
17513
14690
1637
8059
17378
10728
16442
15459
10715
5903
19716
11676
10592
4943
3934
13127
7002
1524
10262
2555
10423
15126
7848
18301
14863
19871
12442
17283
19130
19110
848
14815
1968
12021
739
14625
7891
14780
12685
9575
17839
3068
5961
9464
8960
13417
13697
18302
6447
9685
732
896
9286
2035
13027
13889
6491
18975
18093
2362
13384
6152
197
11635
3184
2847
12483
165
7251
6783
19942
11740
4327
18517
8841
1894
2075
6758
16435
1659
19264
19829
3358
11656
14637
5422
15751
5508
14675
1673
2161
4109
11352
13858
15259
3769
6333
9878
6768
1104
7782
6795
8593
11164
1533
17571
17459
20008
2954
19743
18089
19259
10471
18703
9885
6724
14312
7450
6617
13671
14081
19858
2607
19836
17699
11924
13751
19563
1046
12075
7399
7086
15725
19662
18108
837
15774
14213
4241
15815
16908
4745
13204
17244
10407
5450
9307
11149
13085
10344
4881
5396
12374
16849
12689
8671
17045
10718
15748
9356
14782
17903
1717
304
19404
11458
13490
12909
8352
3421
329
14356
12526
16789
2850
7061
13410
10399
8645
10024
744
6552
8669
15256
17457
12917
6272
3859
9294
4002
9820
8098
10504
4382
236
12556
15430
134
14982
14251
7375
3808
15251
842
10617
7855
5998
13893
12508
973
16657
7773
7043
5262
18965
18380
10418
3451
3994
7586
7188
14643
11838
12175
19383
16871
2063
7411
15560
10724
6924
6583
4888
15546
731
4511
12756
5517
6521
10386
12369
5847
10213
10249
19578
5817
3606
2360
2406
16898
16342
13216
9097
17557
2455
14764
2512
7501
14398
10735
11895
15258
10767
16321
2616
19049
690
19511
19795
10983
14691
1799
5022
17569
4790
281
12684
19453
1095
262
17503
3324
4388
3229
17272
9800
10030
2317
9614
7862
3448
16154
13329
6449
15453
18348
4062
13888
1108
12871
11910
8036
9354
3810
13225
1080
16425
3474
13747
4423
7097
17985
14385
4064
5755
2364
13201
12470
19928
6162
14000
7955
12712
10153
19007
7754
10670
15755
18371
18501
11322
132
17133
1190
7260
11793
1935
1684
9493
15915
6855
8312
8915
692
1346
14093
14974
10375
16539
17452
4085
7697
18588
17885
547
15423
15608
7009
3080
5975
17240
369
13767
13101
8189
17453
15643
11090
4769
12856
1320
1281
13180
1148
441
19418
6501
7787
8448
17228
475
12583
13100
18427
4775
14714
13114
7768
36
19334
4454
18888
15156
4344
6475
19078
5413
7246
2727
781
11843
5719
19233
16546
15722
14630
14322
16790
4218
14240
135
16375
9343
6238
11197
4464
8905
6816
10263
6854
17921
9337
18712
8499
12824
14511
9649
1448
12448
4226
11163
19105
4326
1213
17095
12715
2064
11328
8307
13669
13637
11366
16328
1043
19950
13757
2576
12894
2358
5624
5928
1156
12842
14041
9681
19676
11159
1398
5294
2466
12778
11465
13601
9788
3003
18836
1762
15183
903
16619
16709
2761
16829
17446
13173
9072
4177
10388
5299
15548
4658
8726
1236
12181
9349
9350
17159
5526
7365
6703
10996
15204
10485
5676
7644
8257
1356
9811
19513
10755
9503
12877
7050
19168
3568
3056
2939
14188
852
7041
54
16181
7143
17952
18894
9249
1350
5565
9867
2219
10081
3438
14706
2259
7625
4348
4608
6916
2379
7394
8118
11642
18018
5170
12680
8922
3574
10016
14642
12535
18449
6292
13071
3768
15313
14098
12771
13463
14564
2823
15551
12318
10321
8104
18139
1917
10781
535
19309
2779
10341
1909
8567
14569
5223
13737
4273
8300
8269
9733
11612
6055
11850
11427
1082
882
15693
3190
17946
8838
19551
18699
699
10220
13513
18769
9040
12857
15581
6298
5601
13385
5290
6729
9871
3665
10494
12198
14281
16958
2010
8975
15556
12269
2028
11351
1266
9155
6777
558
18389
537
11304
14862
18809
8003
1288
6287
15701
206
976
9255
11278
4114
19963
18426
4931
824
14258
2493
5329
17862
17060
4012
15262
13813
17260
8078
10800
13148
18079
14556
8191
5730
1165
2321
12751
15325
13
11883
7165
9489
8166
642
4585
7230
2624
12866
8603
6474
1363
12623
15837
12825
12435
11666
300
783
18518
6538
2801
11142
11973
5623
5135
5253
9194
10191
282
6881
3015
17823
6911
12159
16887
12785
3001
11434
18184
4259
7385
17451
13595
6894
5898
5395
12888
9510
6551
14399
6915
10666
10849
7224
19332
17172
103
11132
4154
18577
8007
6004
14191
9822
3541
5760
7376
16212
3720
10196
1470
7204
17360
8981
6545
544
8052
8655
19639
7828
13124
8555
3381
416
11992
16511
16238
4126
1007
5797
19345
5597
4374
19642
14
8389
10822
5743
9870
13466
17731
3573
16642
14278
4814
6334
4288
9973
9776
8745
1620
11776
16028
1998
7003
14346
18714
411
11872
6363
14369
5455
7262
6114
16382
15904
2695
3942
6445
11482
11441
15668
3679
18523
12409
5191
10142
14561
11775
15690
3346
9839
15079
7291
19052
14976
13816
5128
7731
10663
8456
18106
6985
13855
10737
3269
15170
9220
7532
19300
11054
13269
17890
15681
2020
5771
6576
1773
7428
6019
7843
5840
13623
4323
223
9894
6485
9416
10982
14467
263
14449
764
7857
792
17271
4488
5255
14456
14530
16647
18573
2863
19337
6654
2976
264
6523
2864
1687
4735
10200
17121
12203
3559
13690
16090
19906
5030
7511
6623
6857
13258
5243
11422
10523
19157
10898
1506
12078
8637
2164
11135
9499
5182
5722
11124
11162
8016
18994
1065
1357
17007
7566
7907
6477
6721
6041
15306
19396
6133
18839
11295
9107
19986
8767
3435
19025
14268
15826
2841
10761
339
270
19044
11373
6364
7753
1465
984
16783
6184
290
6181
14850
12683
8677
4576
12742
1814
14678
17454
5228
12207
14498
6760
284
18505
19936
7994
15607
4823
11609
4978
15853
16774
7019
13588
3260
6690
13452
638
13389
19651
1374
11353
15814
19845
2497
2608
2520
10143
13675
13934
960
17725
15098
160
3967
8729
14007
17999
11536
10156
679
15737
210
12335
15130
17064
5733
12781
19486
6969
19586
16022
11602
6620
8282
9060
6801
12362
7602
18095
18902
5649
7751
16641
10948
16170
3758
11170
9108
9172
5833
18057
82
7831
16504
12040
13910
6974
13449
15968
4953
2564
13091
4944
2100
425
608
14728
9841
19019
3592
10266
9480
3673
14096
17700
7737
9772
16033
7587
4892
4990
16528
18695
7966
2290
5735
17082
2247
5511
2228
12257
4380
13303
18739
6486
10173
2787
20021
17769
16058
14855
15943
18445
13773
18961
3200
7311
11857
1628
6222
18871
14979
6165
14894
12886
5873
13069
5860
13564
18770
19388
13667
12059
18365
7225
7598
3589
2090
16295
18474
19225
3437
7066
4797
13086
14303
12439
6169
1786
1432
14550
4940
6626
13839
12925
707
17621
10916
8311
13445
11454
9714
19109
16687
16705
8372
10061
13995
16444
18674
6546
11261
7155
8176
6668
1552
1327
1214
13282
16041
15009
5052
14060
5179
14062
4187
3329
6550
1728
2096
3112
8369
6685
9171
19538
804
6739
1491
2322
816
137
8337
4655
9387
16205
9340
6622
8696
3604
4429
5103
19180
18617
3928
14422
3411
13515
14033
1699
8531
17492
749
17906
6879
17374
15363
8012
9298
6145
2649
9782
13748
8384
18687
9511
12967
5519
6031
15147
60
16803
4472
15685
12984
18163
11453
6955
6129
15376
5409
2825
19431
5272
1869
1444
2372
5219
6315
19921
1123
2124
12672
7324
5522
14177
758
1884
18294
8863
934
752
767
14138
868
13580
19188
8116
13556
14045
8093
16946
14891
19465
340
10711
15428
208
4152
13280
11252
9538
9150
4622
8058
13020
17040
14634
6800
17968
6156
16373
3305
17818
4717
16538
7593
3436
1743
4982
11181
10962
9358
6212
8362
3737
15308
494
3626
15804
19446
1682
6509
19307
2783
15530
1823
3166
10443
10918
11274
12902
7026
9188
16021
19479
5700
14772
14166
14866
19183
8125
16781
9184
3450
14464
6461
11368
19443
3377
17017
2131
11518
14777
15662
14649
8566
6566
17081
16176
17993
12417
3142
1994
388
10615
10318
3619
18654
16917
5548
8417
4540
6131
245
4923
18191
12380
7595
9729
13980
8919
16703
3639
778
13498
13955
1592
14684
908
16737
17872
13551
10128
220
16972
11552
6058
7235
16810
10417
7007
2933
14348
18991
8298
11060
5770
493
2924
13491
10017
13956
1784
14568
1063
7628
3500
11495
9130
5677
6982
19691
11548
9420
14585
2613
172
13544
5618
8428
2383
13376
7483
9054
780
14650
12860
3133
6775
1809
2485
250
7172
5646
5679
18388
12161
8485
11121
13937
7467
665
5199
5609
396
13561
14198
5442
7130
11918
8252
18731
10264
19862
6862
15812
5364
8360
3815
2913
2880
4668
5266
17996
14760
19150
12245
19313
1632
5789
7658
3081
33
10719
14816
16263
16964
3513
3007
568
2069
6242
12205
7806
18672
7082
19288
10980
19472
9561
7278
9886
7359
19080
11388
2469
10228
7645
6423
12708
13537
7868
1140
18914
17043
7210
12395
9959
2978
11150
14501
17670
17753
7393
2424
9071
4643
15952
10457
1048
8809
9663
3413
1984
13740
1111
14400
17249
6978
5876
7684
9177
6458
14937
12541
4983
4594
7818
19806
9065
1989
10703
12345
3005
6327
5313
6226
6204
18756
2508
5657
1731
11824
14766
2519
14968
7166
8515
19753
2226
15466
5026
12183
12016
10229
465
93
16067
16133
5060
624
14031
18563
2177
18399
2668
19719
19693
11425
4640
16750
2585
1248
1853
2789
14931
15743
13081
12915
17735
13448
11841
3759
8188
240
8268
14128
5553
11243
12355
2332
14034
6085
2263
6403
4107
4778
12321
11708
2561
7016
788
14077
19165
9545
16193
8410
19461
10192
15187
5634
9423
10021
18115
12521
6120
5820
17162
9749
4230
166
10967
18499
14364
11446
19425
11410
19421
11343
11802
16503
17476
6142
7876
754
17403
18701
3461
13147
7844
12324
15219
3446
16487
18557
17894
9104
4950
8684
812
11109
3117
7384
13788
18382
7714
5911
14193
1565
11354
9483
15151
5880
18196
9982
2007
16206
19395
5824
3501
14789
9615
2061
17169
8956
6843
5800
12220
787
4544
5185
11340
1873
5482
2015
2757
9251
17290
6038
50
16259
1301
261
15309
16627
9849
19382
4346
16476
6127
16929
5479
6539
12618
9322
13718
9157
8557
14873
5066
19284
10725
7075
8439
3327
10038
9593
14002
16540
14949
8094
19979
16942
2465
13629
2136
17551
14632
2551
17546
9103
19801
10925
15907
7337
14046
16102
10731
5909
4143
4840
12224
17475
13296
10789
14111
15882
4900
14338
17949
7021
18485
18236
15102
10566
2592
8827
6257
15321
9968
6950
6473
4614
14239
9941
17779
727
11994
5684
2116
5747
5159
12977
15414
7418
19618
565
13810
12221
4649
18838
5736
11471
9786
2535
13562
10571
14809
15254
9253
16460
17639
16445
8140
3492
13500
9764
3567
10648
15140
14321
19394
13655
4895
19727
3866
8435
13395
17363
19035
12927
16565
17092
14619
7323
12666
975
5268
13782
18798
16007
17905
2893
1701
11413
4858
13496
6579
5978
6832
16824
15927
10556
15237
16827
15277
17259
1562
8829
10199
1502
6081
8714
295
19532
10351
14223
4390
7206
12047
7870
2792
4136
18416
9759
1252
10516
10154
2716
18805
1617
2687
655
18597
12316
723
19103
9605
5099
11195
13343
18743
14923
11325
9949
19891
12058
13446
14659
6191
18340
610
15314
2036
13016
18077
19075
3787
19748
5896
14279
5615
14359
4039
9119
3575
16077
2234
7620
4794
3803
12034
2810
2489
20017
15949
2214
2287
10950
7988
15334
12277
15796
15194
4415
7062
15462
5706
16340
1019
1138
1625
19747
8777
2923
7789
13226
19389
6734
3502
15894
12384
9012
8260
15700
5985
15574
15557
9018
15819
11020
4650
3991
15272
1468
13769
2456
17439
3735
5169
17918
10026
19970
8802
1667
17288
18346
15239
19846
3318
5862
9497
8793
17998
18845
19997
16924
942
5776
7610
15710
18858
7340
7273
5111
13602
5194
523
6087
16038
14182
19909
16947
12859
2744
6
17145
13761
15483
18042
9083
9678
3459
8605
14361
2091
3595
14653
16235
9203
1377
11294
15834
4864
71
11592
6356
1334
8885
10629
18643
2683
18623
204
10908
13523
3754
10712
6102
10881
9004
2179
12238
11078
14014
6400
13231
16091
16031
5632
4035
5291
17963
18259
19
10065
13327
11834
11979
151
12938
13963
8469
12311
16549
9787
17197
19435
14052
2143
5020
19501
4987
7652
7776
1130
7064
554
2672
17316
4440
12790
8259
7352
16570
16251
14878
2852
12820
7344
4515
17819
3053
10512
8548
15280
14368
2060
11571
10971
2099
10206
6354
7634
19544
2733
7823
15146
15011
1251
9501
9591
5081
3456
17335
11440
14853
16395
1217
10919
18040
10880
4234
19580
4099
4913
6572
13292
6053
18933
1587
4816
11246
10560
18931
9662
16241
9260
12690
13352
16144
18350
3937
13199
4633
13238
14141
6963
6889
588
4435
11694
15255
18481
15653
14247
3656
2092
10095
11524
2166
18607
14190
10259
10922
6258
12746
9175
7807
14388
16120
12333
17887
16745
13330
4313
11046
1184
5778
13972
18738
15704
10230
1507
2510
16710
5600
6571
5293
11172
7637
18049
17230
16563
9222
8350
17062
5208
19959
3775
5300
5381
10326
12770
3
1274
9032
15884
9005
19632
17781
10618
2597
13692
14454
5901
10346
3434
18002
693
9916
5871
9902
11119
14214
5617
18046
20029
538
15230
16351
4061
15391
18658
13323
8843
2301
13123
8713
10235
15802
3997
11562
6584
3900
9851
1054
17404
7743
18206
16337
7360
11863
10398
6773
2399
3349
17653
9396
2324
15888
15218
505
8041
9056
12989
15800
18599
14819
5461
6147
17097
10261
11305
76
13735
15801
1119
18710
4485
1772
9414
11493
19917
19683
9050
1723
1979
12263
8222
2943
10680
16087
3761
19015
18150
1411
15241
336
470
4467
11062
721
17767
12092
17654
16300
3985
6897
7370
10208
2563
3693
3442
1326
15969
6343
11920
16341
1727
17345
10023
1962
11414
10696
4676
20048
5555
16371
14228
18065
1761
14533
16149
944
10655
14118
10614
6108
6998
6225
13827
15025
20014
2425
4247
14841
3789
2962
883
16244
3094
16867
7073
4803
777
17434
15630
1774
3128
16925
15627
6821
8831
4821
1947
9114
16178
4694
3700
4606
8799
17795
16811
5054
579
6701
2171
14722
3832
8943
8498
3966
12490
4098
362
541
6529
6811
971
18906
9985
3603
5838
9602
2777
1124
10726
2842
1604
14491
3675
11131
4817
2571
12632
14622
14765
6823
12579
12437
9200
7441
18414
3297
1596
19558
6913
16747
8572
12645
10945
14159
15121
10149
8900
1344
17640
531
922
2363
13137
3369
6715
13279
19239
5775
653
10308
481
7289
3137
11248
15598
7701
3010
3011
17925
9223
6097
17176
1520
3790
15883
12986
10492
17820
8088
8958
722
11497
5541
9930
3550
13359
17616
12935
17004
6706
8433
11314
8379
6368
2237
17048
17944
16314
13002
2351
3813
9366
13786
5992
17236
6798
13911
3709
17954
5236
4319
5741
8545
3811
11107
2769
13024
9212
16367
19247
1309
10451
18071
7081
8964
3409
5032
7860
512
10741
19310
18973
5382
4257
8690
13334
18245
9279
19886
328
19057
3457
15493
1698
19010
19898
8326
14451
20042
17295
16455
7774
15031
12614
18912
17311
14555
16720
18066
13070
18808
18025
7472
3350
11889
14330
19864
6256
17410
19218
4004
9722
14163
10368
5942
5058
4571
18502
1064
16713
13526
301
5242
452
9048
14266
990
447
2686
2403
12115
2654
18819
8240
1277
2741
10123
1384
5429
13190
6063
15547
9802
19294
13240
10532
8795
16159
3751
12319
3348
11724
3993
1557
9415
4007
10306
18865
2509
15456
16776
8156
5984
17246
14051
9315
3842
17248
15671
11644
508
3418
9053
17888
5285
18535
4264
14718
7445
10626
19754
17883
10455
13026
17777
18011
4360
11393
8789
1942
3317
4932
9460
17608
7699
2242
2267
6748
17716
19555
8523
10855
15985
1508
19342
19943
11156
3135
697
15974
8524
15065
277
11900
3583
9134
16785
19240
19565
1230
19305
18305
8211
15891
18572
13310
18229
15633
3296
216
272
12696
16145
11693
15797
11303
13444
15394
6249
12251
9670
1370
18755
10930
12578
8284
4161
38
886
12747
18593
16662
5339
11758
10679
9848
7197
19657
10722
8748
9731
17744
1413
13600
9055
4087
13219
2312
9832
18394
1166
6967
956
15558
13887
16764
4281
2478
9112
17814
16856
12003
662
15172
4662
19556
17180
2936
11432
12010
7070
13990
8113
5888
7049
11380
6808
14250
16076
7440
6269
14686
10903
15805
19487
640
8028
6633
3397
19125
14003
19267
8144
9860
16736
13232
12076
16873
4110
15450
16308
8933
10174
89
1405
3611
16587
859
4611
5758
5405
196
11028
9197
6034
6524
18204
1758
11391
15742
168
16677
6413
94
7722
13344
17798
13379
1039
15929
8220
13820
10097
4117
1638
16751
3171
8239
17971
4617
6847
15117
2486
4510
12862
6888
18929
5304
1907
16844
7971
4240
12733
16111
7526
1476
14902
7685
17399
12786
13117
4841
16094
4123
13025
7364
19711
13732
3016
14453
9847
13503
6770
2589
16980
19256
18685
4006
8065
10015
17412
5859
12074
16463
3963
5974
10826
19349
6211
9309
4332
15867
19655
15912
5503
6806
7567
13211
3669
11405
8233
13719
13947
13145
13356
8247
17428
17695
1195
42
16864
3110
2384
9176
17383
5247
9174
10834
12599
1292
4519
2051
9435
13977
11587
14230
1945
5612
15069
8947
14114
19346
14395
19121
8286
4263
13272
17222
6910
1182
5154
18950
12071
17473
18450
14125
15150
13042
19675
15282
9843
12549
8999
10380
2256
4070
13245
19844
9931
15561
8033
5670
9610
5781
4386
15061
8699
2678
4742
7054
16560
16610
6683
14302
16974
3458
16609
13407
4228
19012
4341
7320
7008
4300
18632
3180
6586
13725
13423
10878
8164
15000
4915
1579
11154
15959
15095
10891
4730
5750
16052
9088
3916
4445
14588
4184
11563
12861
11212
14570
4133
203
17668
19851
10252
12301
9585
16969
9407
6592
9709
16693
12750
3746
19262
6012
15090
1297
884
9120
15715
17592
8287
4657
9347
2802
1466
16553
16415
5460
11590
15640
1825
9165
7156
333
4517
9692
11040
6062
13255
4612
14546
17267
6177
2105
800
14580
8394
3670
15553
10245
7504
9271
15482
3270
17042
7992
15500
1946
7342
4395
2548
7080
17351
7123
13789
123
11614
7607
322
4194
11565
9948
11788
12705
6677
16167
3523
11687
12231
10079
9336
18187
9014
10465
16732
19378
8589
12139
9905
10146
807
14688
17114
8727
4129
18315
15816
1612
7910
8376
14672
5123
14697
2816
7326
19354
518
6239
19746
19071
2393
479
17179
2352
16216
1690
12366
12250
9864
6454
14557
5811
9425
11019
13695
18136
794
16881
13843
6997
6634
3800
5557
17602
2074
4381
19966
3684
8452
8063
6796
18412
1695
19325
3364
176
11727
12669
13254
5566
18908
2141
10022
3953
8715
16753
19119
1715
15377
15447
2995
2806
13819
16396
8670
113
4369
6751
2815
4367
10236
12793
12662
11986
17391
1052
1882
2688
3220
15849
10785
19298
3109
14184
17675
17146
19413
7605
19379
6598
15300
5059
18015
430
6757
17055
6976
324
1512
17588
15287
7175
9993
12881
1473
18167
10774
17099
4343
2807
9465
13363
426
4392
2901
7098
5075
7770
10384
1713
12267
19916
9717
3267
2446
20015
14116
19592
15235
17269
17948
16119
19414
7799
12802
6419
9616
14735
19369
6713
11016
1965
5238
17273
8538
13570
15427
18075
11648
14875
11980
13110
18778
3517
14136
8128
6236
19687
19358
5971
14657
9940
9770
738
18491
4216
19381
5933
11183
11073
8615
19542
3752
12581
5106
15555
14723
2538
5674
19706
2726
1203
1390
19525
16892
18727
11998
19634
8642
12313
17907
6569
10118
849
4321
15577
4705
10456
6060
18148
11225
815
477
10910
9268
18243
3228
13177
17303
1024
17073
18154
17191
12393
3134
14913
16401
20039
8359
517
6905
7332
17083
19306
9445
15027
11711
19832
3026
6182
8381
2832
19964
6914
1542
5586
11309
7347
1576
16632
13360
11695
5323
7493
9229
5533
637
12572
18862
16005
15142
10856
530
511
6613
14606
12949
9823
4592
10495
4689
8190
20025
3965
3159
10924
561
2705
18907
14860
1532
19050
3426
11670
8707
8441
6247
13105
2702
19835
10811
19272
6723
18044
2981
6925
11180
16800
16475
4528
9536
2378
20027
13708
11082
17340
16959
8462
15112
4441
18162
7921
18651
8862
1036
2721
17380
14930
979
5089
10182
18085
18694
1244
8865
104
5360
11215
3425
5354
6725
31
18664
13504
9677
14610
13058
18630
4883
17190
13436
11728
4610
15810
18443
12260
8165
341
6763
10749
16767
9977
9584
9713
6424
2728
1337
3239
2879
437
6433
9283
17157
9913
18423
14964
12615
7619
17431
17206
712
14485
13355
15013
605
13717
12855
4569
5151
16851
15299
5839
5400
881
1567
4747
19374
10866
1283
1231
13872
11207
9187
12353
10957
13409
1830
8380
7905
10559
8888
10483
13930
931
9549
4127
19794
2891
6101
19182
15452
14424
13159
13138
3033
19899
15329
4601
5210
16171
614
15020
19710
11529
15485
4178
14336
12505
3400
13941
15075
7287
357
570
10272
7277
14888
16483
2795
5438
10073
8711
19068
7662
14520
3533
17394
19715
15847
9617
11751
17058
15226
14189
16488
14798
194
4320
6840
6614
3715
16686
19061
3360
17856
7552
14015
2896
5500
18029
4973
15831
20003
14667
17612
3441
5331
4812
9640
14525
17866
6431
9183
2820
14944
17150
16984
12051
4293
10760
13688
6039
3373
16949
13871
7373
3473
5175
18880
8787
5044
817
11302
6001
592
14865
5513
15954
11658
9261
11271
6091
315
3883
7103
11227
10130
11184
7468
15209
9556
8099
11123
1129
15571
3970
1634
16794
6387
11008
1892
14170
17831
9502
4908
3178
14215
6092
17002
18579
18053
3316
7507
1280
9390
9289
16446
17930
5724
5547
19367
9651
2076
10113
510
5147
11899
1174
17826
4712
10683
6021
1598
10328
18207
19756
4135
5377
19082
6305
5708
1967
2117
11660
10837
9427
13030
1092
10961
19147
13023
7433
18436
12515
14429
1296
16975
10605
2297
14211
3066
18482
4543
12339
19982
15887
15890
19973
8853
14778
13052
11503
6234
885
10299
1086
3058
149
10915
3211
1883
2866
4371
12357
10529
6630
9555
1995
9256
7959
16644
18434
17874
3536
7916
2643
4609
1089
11100
4095
5388
1341
18534
14719
3312
16860
15221
16733
4463
16782
5712
2239
11386
17842
12631
6392
6420
7253
19411
6802
19568
7215
8512
19695
10870
5288
10093
13546
7975
3869
13584
9932
7918
9166
2772
15638
6785
9882
11064
10763
14955
7150
20046
11657
5834
4906
16999
17878
10865
19091
19534
11987
13367
3280
18420
12597
17407
3650
1033
1162
11489
4756
18515
8355
6198
16334
9087
11313
4997
9333
13985
743
375
11908
3530
3664
18484
15046
9554
13659
7895
4491
18114
8579
16730
2480
1749
11967
10302
5359
7231
17830
14314
17291
19270
15181
471
1992
17834
292
2450
3164
9393
12688
4542
16045
6300
947
10036
5852
14543
16115
18281
6453
13528
10425
16623
18099
19385
19887
4595
19405
242
18996
11110
14349
18811
1588
8766
15457
2003
5079
13741
5728
10394
6351
9210
13520
16788
9580
10439
4198
12643
3472
13802
14499
2659
18319
11582
7480
12513
12053
10911
17556
782
7784
4304
4869
5248
14571
6337
2265
3382
11663
3739
4770
4846
4456
5991
17613
11794
1442
6199
10332
2714
15859
7713
8904
6726
12582
6066
8039
18140
19254
5372
6599
8834
14698
14371
9348
19541
4868
1927
13852
17401
7149
16019
9586
12398
10859
19736
8069
17238
15311
18698
2419
17106
6061
8040
16850
3827
5351
14367
16907
16998
10861
12290
14639
18608
17783
15234
14938
8408
15910
13341
3085
16073
1267
19095
267
2935
19694
2748
6455
17681
604
16124
17642
8808
12187
16215
4521
14600
4307
3828
18861
10998
16035
13285
13079
3222
19406
14471
1668
6498
11667
16363
3354
16948
2473
5709
9687
7104
14082
14640
17346
4740
144
16579
10243
4403
2626
19114
6365
19008
7000
16160
10535
18550
8216
20034
1333
2778
2966
1204
18846
5913
2836
10734
13281
10569
1550
8868
13400
6190
7203
16467
10363
2765
11810
20033
16386
3855
9804
19777
13063
7290
4462
12146
19200
12693
16418
3657
9409
19535
17775
11244
13793
6306
17811
16663
3861
4578
13470
7963
15711
13207
4166
2270
8202
15724
16904
4732
9898
5280
12694
15842
9938
15762
1918
17922
16880
16685
8825
376
12041
10461
13993
5524
8336
11871
5879
19643
16313
19059
16302
3454
4715
9132
15103
7517
5886
19827
12634
17331
11618
3860
15650
10054
15573
16568
5435
14963
2500
9508
17134
15173
12299
1273
8972
3581
4504
487
3772
9075
10790
2700
1753
1189
19987
6878
8281
12529
1975
19689
12844
6299
2854
11692
19582
191
11888
1324
8554
7004
3699
2220
4229
4487
6285
8103
9546
11456
4120
7247
17369
12970
14030
5492
15168
80
16164
1790
13047
13339
13828
15877
5769
14431
14997
3633
4040
3113
9981
14514
18050
4838
1902
18723
1383
5139
19289
11904
11896
16044
9332
6670
1893
2573
2347
4880
2830
3830
8303
12240
4433
1369
13488
7721
18937
16312
17010
18622
12682
861
10798
7997
6526
2984
7091
12635
6753
18604
8689
15407
15529
6069
12176
9693
3785
15603
19312
18796
4926
668
16501
8179
19992
2488
3484
8480
3876
19148
17605
18675
5014
7622
3475
7703
18689
14563
2651
11001
524
1642
9089
8194
7668
1767
9376
3374
8413
12229
12531
11854
1649
15296
15033
17703
2139
4318
7744
4400
11463
2260
2890
12609
11535
6372
18048
9834
10088
19268
2979
12713
3723
18641
13322
11739
293
2296
7296
5317
11516
18067
15895
17461
9153
9588
12314
3920
3947
3188
10802
11522
13766
3661
4232
8640
17521
10638
7790
8635
15368
939
1208
14224
11845
19912
12657
6627
18141
182
15032
16441
14971
3215
9145
350
2412
7930
6637
8812
4615
1121
16897
1028
2759
18400
12511
823
11525
12298
10978
2235
5427
15646
10884
7543
5449
3386
8785
16816
15331
16082
2831
14740
17186
97
2605
13603
18070
3640
3265
17322
3776
6367
15509
12044
7112
14439
19735
10411
3332
7727
14712
9345
13759
8984
11179
3793
9378
13283
17389
14516
11531
19972
6263
16761
14737
8880
12454
2194
9495
3433
991
11027
13775
9299
4391
4941
3912
17472
11512
11532
6628
16743
19179
919
17499
320
15111
8822
241
10441
7946
6558
8826
4598
8011
3283
2049
1415
16413
3951
15533
18332
6065
2725
17285
15532
14711
19036
6122
3256
19653
14623
7937
14845
672
16374
2414
18275
4996
15163
7158
16545
19351
15114
16906
15569
19258
16070
8095
6947
19153
3205
14465
3741
19781
10604
12332
9825
5794
16620
17362
13169
7099
18188
10972
18397
12945
15544
11002
12305
15365
1222
10176
7471
107
14880
1487
11112
3235
17458
17182
9243
12547
9873
13973
2666
7014
13278
11145
8450
11956
15326
16985
19203
16533
18024
17445
9903
4105
14473
5925
10940
6141
18801
8
5675
287
17390
15641
17044
813
7473
917
3185
13172
1402
14212
5754
6340
6197
9424
18090
4725
8208
7302
14297
11785
1457
8004
14725
5559
1493
7437
2057
5448
18398
19322
12960
5188
9163
19514
11024
6646
7892
1078
417
3535
964
6396
16990
14867
16919
5434
19123
18490
19607
19776
8855
18998
19436
1643
10577
3160
2876
6310
6194
16141
14316
15656
164
4295
13836
7771
3460
4788
16191
8406
19398
12937
2699
14242
6231
19281
3680
3261
17266
6460
6434
16388
9077
6869
11662
10530
15474
14857
9035
17750
19229
10580
17293
5298
10167
858
18476
16147
2044
16421
3258
9490
5738
3718
15104
2190
15937
17198
10640
6068
454
13430
9488
602
19136
9665
9747
19670
4921
10371
13416
3328
3149
8923
15082
5462
11756
10393
12150
7037
1540
14059
6732
1072
4639
10286
12292
17827
19739
7495
1586
15409
5187
5184
1368
2430
13847
4215
11761
11347
9718
5866
5256
9230
15288
14885
14754
18884
11704
9558
5821
11568
10392
18287
12206
4074
19328
1662
19629
13349
2669
2754
8584
9744
2245
2329
14039
685
2142
5699
13167
5808
13627
8518
9893
19452
13662
8466
3259
11483
8022
12049
2762
11836
18170
13394
11306
7391
4541
6902
15965
16439
1271
8819
18246
19988
7945
19884
2454
18813
9801
16655
18575
15088
7042
1581
4357
10564
3467
17251
4373
8717
9552
15476
7842
18446
18384
18842
7193
13090
4075
16973
4162
10847
4806
3471
3901
15087
4887
7459
10743
11091
5309
10008
11706
7413
8667
15266
4231
11673
1648
606
16411
12196
9290
8329
7559
9961
19279
5809
1181
3447
8701
1891
18201
1952
14631
4275
6077
16182
18733
8596
2541
8722
1816
19608
224
12772
3510
4345
18711
7374
4036
3139
6195
10595
15362
2209
6695
3394
12571
4291
1590
13038
18673
18795
9711
10687
17061
15864
13705
374
7878
14249
15720
3839
8705
1066
5539
15244
12612
4056
7295
12864
5046
15148
8492
5088
6535
13945
4267
9363
10963
15048
2865
16954
8859
17185
6601
7038
2125
4486
16522
13338
14528
628
9128
14265
2858
2912
15550
9158
91
5113
7023
6939
18356
10702
8027
16380
1051
2844
4394
8427
2747
7285
2013
18561
15597
2253
18732
12506
16146
13041
11105
13875
17754
9026
7288
14174
15005
7408
1290
10438
18824
3146
10435
16802
5507
14294
11039
6672
1608
6648
15446
1067
14299
14234
128
5915
11714
7536
8510
13958
7612
14352
6360
8839
14992
15247
18567
2952
12524
2679
17723
11605
20036
8490
19757
10941
19722
1961
2079
6555
12438
6765
6876
17020
13004
18954
2339
12889
4174
4150
12607
6136
1097
11095
5702
8415
5391
4292
16326
18039
2743
4936
9997
6934
4026
3203
15333
12167
7814
11661
9695
9579
11473
10275
7913
17975
8638
18771
18477
2749
18344
1568
8792
7885
10636
5515
7395
16505
17231
16225
7216
9935
19788
14421
18989
13332
2639
9666
6610
193
17704
13486
7265
11747
10265
8053
12079
1724
19255
15526
5711
11323
5410
11377
876
19361
4501
4274
5949
11541
13351
1269
6254
7725
14366
14094
10099
13251
16027
4739
2800
16957
15383
14277
16398
4245
2123
15691
8763
17525
5344
13876
17164
15658
11161
2357
8921
5627
5950
6168
16177
10635
12415
8365
10597
12539
17076
19214
16134
8431
1005
519
5428
11332
1113
3651
6640
13557
15444
2024
18469
6591
18554
7079
18898
17871
14071
16894
7308
15892
11508
5977
17194
12651
8228
10094
15346
13971
19897
1738
17173
7687
19903
5301
11564
10397
13202
10066
593
18896
1218
1746
9441
3850
10160
2663
11784
14929
2291
7396
12330
2951
12296
18244
1887
4752
6271
11885
8096
10809
13162
5213
5025
19058
15998
9090
14050
1697
8712
17217
5696
10162
10814
3162
17104
14629
11289
7847
16189
9257
18038
3809
9667
9924
15517
15973
12602
7835
11457
13776
16654
18103
18216
2018
11479
17386
8442
2168
2780
10390
4729
4102
591
16471
9773
8062
6393
10166
6988
4116
17727
7733
17341
14308
14893
7006
7313
14864
916
18413
69
597
11480
19595
18990
3368
8434
6589
8163
6807
14618
19193
15066
2115
12283
17375
1100
12465
9599
6469
11884
14384
17637
10260
6270
11327
7270
16079
8898
2337
10108
16204
8937
10527
10745
2128
12431
4426
18386
11003
18160
11950
659
4866
13331
871
8807
5589
17696
19847
3929
2925
11293
16796
2189
17147
195
19672
12056
3432
8927
627
9775
9109
10280
11033
2147
9191
10913
7745
4489
12478
8314
9888
8364
5007
15575
12344
2392
16548
11674
18088
1577
17237
3073
16267
12812
5986
14102
6697
13120
17796
4512
6495
18944
18209
9007
9513
13954
6730
3299
15647
12453
10502
15185
17964
15518
10583
10103
6121
16032
2554
18035
12247
19094
12095
7882
4140
11680
15723
218
15512
8055
9975
207
5528
4350
19962
10049
9606
14750
762
15824
8185
18615
15585
8321
9439
464
7730
14715
16357
1545
11070
11442
18151
5458
18972
962
5762
13635
12125
10301
19291
573
19070
15024
10002
14078
6557
18875
20020
6143
18889
9603
9399
4093
6341
14402
14066
15919
13691
1969
7434
12795
1720
16270
16542
15425
13377
4308
16979
19929
4260
14452
9541
9436
13709
17683
17336
5621
3427
6411
8066
1488
4536
5403
3065
10089
3176
7171
15875
18402
8622
10369
19143
6809
1578
19554
3234
19208
7990
1914
1878
17563
19646
18335
12858
532
1093
17635
2084
17131
4772
13364
17730
6688
98
10744
2724
4278
4379
2492
17742
11976
13729
9405
4065
12566
7883
9320
18719
2871
17897
17957
5444
13920
16780
6556
3602
5917
2026
10209
5956
10004
8971
8780
13530
4067
12199
7829
988
14584
6126
10009
7839
9907
5133
7866
19245
12336
9690
11985
12230
15589
4918
4050
3175
4057
15987
18582
14010
18750
32
2199
16447
18149
373
13031
4942
18627
7667
9688
681
14495
14598
5203
6464
13406
10152
18942
15567
8887
