8738
8819
10279
15214
9538
6151
14166
5149
18919
19912
6587
173
4668
17501
16397
19830
16223
18409
377
7200
6870
18844
17050
6511
9279
9547
2371
17008
12600
8768
15117
3343
2959
842
13374
8812
9916
2349
15993
14720
13371
4005
3952
10766
7538
2313
7054
6029
8016
3083
10477
4518
6513
4582
1616
15707
4858
3270
2055
17364
15545
12972
13056
17873
2878
15918
8074
16090
11615
9798
7049
17796
6779
17269
11289
16612
1388
14429
10206
3362
16992
9163
3084
3943
2178
18878
8862
15976
8144
3089
12712
1218
2257
19276
13481
825
6283
6338
13299
18346
19188
16970
10987
2632
11521
13997
17850
5954
16148
13543
19137
1774
11494
16861
1241
14659
15314
16673
14477
14856
18276
14672
258
6016
9070
2986
1414
17056
10899
15225
18618
495
6377
5268
6887
11621
4013
14944
1243
10501
9140
12794
12209
18227
6423
19324
18298
9915
19892
4228
18580
19259
10836
15795
15281
581
92
3530
16213
357
16367
18834
5491
1114
19923
13007
6401
6977
17760
9727
10505
13702
1299
9561
9022
7331
14730
8656
12608
11975
13325
1020
854
11015
16680
10259
2633
12410
5178
12694
18962
5688
16199
5482
19231
15202
6640
15500
17875
4997
1456
5973
13983
9476
15023
206
11373
8291
7880
16177
2449
261
18564
15154
8373
10435
8579
5299
429
9305
1753
14083
1674
13381
9763
8641
1201
13472
3203
19798
11687
10458
10779
10204
3788
3735
12400
9080
132
3239
13140
7799
7181
4678
11405
19208
11971
13945
12680
7734
19078
8720
4134
18200
1833
6125
12225
12156
17541
17531
4538
19297
8802
13194
13860
9359
4594
8134
51
1930
4963
8145
18814
1969
14326
3247
1192
19001
19415
7445
2718
3376
17203
3593
2061
2723
15787
2070
16522
11194
15396
18188
6097
8779
17934
3030
2005
8772
16925
14853
15319
5817
12709
17179
14764
4032
4420
8725
6321
4154
9702
3575
14757
17344
19948
7852
7903
4133
4802
5613
15404
11061
15122
9472
8257
14334
13930
565
15919
7458
5126
17172
6033
5374
7343
11905
5611
4759
14852
18117
1891
12669
8150
6579
4496
11824
5526
12430
11682
6789
5446
12453
8757
19349
4055
11141
3971
10807
11395
11938
5391
19249
727
18783
19130
19055
4895
6821
14238
9281
8674
13528
19780
5289
8892
7079
13
16328
11546
2683
1137
717
18511
8263
10348
19304
19827
4507
12140
4535
4773
3501
3643
190
3016
15793
11633
6768
4872
11814
169
8478
8491
6684
11168
16276
305
17153
17314
1806
6619
3731
19697
13000
4438
7000
2456
6489
12631
16086
12542
11604
12261
11210
758
4167
8630
7073
19285
1463
16274
1749
13083
19455
13294
19210
1633
6428
10071
9369
6483
14966
19252
2014
1503
468
9930
7810
10247
13920
1097
15525
9353
16299
423
10462
503
19098
631
17672
14308
1781
1798
6060
2757
11085
3006
19785
9489
16795
14052
13581
16758
3417
17178
12021
11482
689
19996
14959
15485
13259
9118
10116
16067
11681
7419
14858
1191
4839
2251
19318
14118
16801
10707
11635
243
15703
9667
10040
3170
16447
11655
436
17169
17421
3937
10184
19720
7696
13785
19579
18608
1508
14724
10945
9289
12824
2341
10404
17086
144
540
3808
1810
6441
9399
15215
13802
13427
9397
12598
9200
10673
10717
2311
3525
5044
7554
13155
5487
3519
1230
6683
632
14825
917
19994
1654
3154
17668
7012
893
6751
9411
13884
7282
10260
4423
10601
4328
11688
6463
19409
8681
9186
16793
6178
10423
5543
17240
8613
1173
442
10953
3998
729
16139
8265
13073
6146
15782
8466
9223
14934
6734
7103
5080
8384
7968
15411
6647
18451
13070
275
12486
4845
535
11404
10914
12472
11261
12678
12973
15126
7452
2153
6769
14977
1957
49
1392
2117
14696
19450
19860
12854
2837
13181
11316
19623
15626
1067
12157
2998
3842
4526
10708
14416
17888
4783
18654
11032
12689
10333
10619
15378
7369
13521
1364
18251
17621
19934
10479
18270
18836
14341
15102
14729
1326
9261
18998
2246
4732
4076
1158
456
3841
19213
449
16059
10425
5785
7788
2563
19731
6534
5622
17216
9523
5473
2635
2780
3364
17053
18839
915
2236
10901
6183
10342
12834
11084
7822
11947
3512
14005
6364
4929
7845
13345
7953
3002
14361
18717
11887
2067
8730
6519
12607
9945
851
17399
839
11279
5979
19820
1216
16885
6889
19862
993
4799
3518
7932
18275
10066
2364
12173
5536
10741
2375
5287
6876
17710
6690
7400
3445
18759
5419
9351
11146
985
15185
7193
14850
7644
9131
3419
10565
255
2871
5958
18054
4023
1942
15283
2228
19691
19023
8053
11068
10674
11540
6888
19991
12917
18095
18847
1723
13471
5160
14950
7402
5708
19635
13569
5890
19356
11022
14038
3691
6706
14525
3165
11601
7582
14393
5447
10506
15674
7610
11795
1358
7661
11145
16868
10492
17466
6871
3103
8289
11436
8901
6553
7879
17034
19638
8520
18242
8428
3188
1569
163
10727
864
12892
1342
19572
11157
17731
8027
15551
6332
14259
18587
18272
11763
10212
11943
15282
832
12266
3476
19515
5910
9448
15831
2684
12030
11686
3757
19621
14784
6136
6516
15256
17960
2952
14589
10581
15057
4494
6526
946
12744
7625
17853
9285
10264
17105
17559
4520
16763
18701
4990
19988
2481
19661
16082
14355
10881
11044
8670
15068
1220
215
11205
4532
8370
7388
2368
6006
19630
17264
19870
12667
13253
12942
18503
16575
13769
17476
4681
6578
2163
6352
5059
15112
3111
15567
15148
19100
19437
18255
2217
10583
9816
9925
3077
5294
9414
13732
11843
3315
15491
17379
8219
13510
16896
8336
12141
465
3241
16599
8206
13736
280
5495
14783
7146
5991
16295
15481
2716
17684
10853
2405
14670
4037
453
11319
365
9650
6292
5996
15798
8859
3921
356
10375
3015
15327
3711
15323
877
14343
14433
19974
3865
12634
4583
2787
14347
7354
6356
13987
5659
13409
17347
7384
9961
1252
19187
3778
6964
5122
9895
14623
5300
9863
225
7231
14937
10379
4045
10224
10306
16548
3688
15190
5818
8699
19459
6256
11304
16170
6432
11925
11031
8500
17847
16518
18145
15049
17980
10616
17868
9920
19632
12674
9559
7469
14478
8903
339
10049
6328
5095
14625
12966
5649
883
15794
13958
19715
13412
14772
19398
5898
17864
12395
14424
860
12373
13125
14398
15405
15188
14523
14190
3636
4052
6599
16278
14666
3700
1311
2960
1896
19737
4451
7003
9126
2488
1265
5947
10174
18693
15355
10267
12872
9802
13977
15100
6614
13545
7711
6509
9239
4903
6300
3237
15095
8480
14442
10650
200
9701
16703
3011
14472
13453
4972
9528
8716
11507
19896
2741
8195
2848
16172
14016
19727
13034
4332
6388
18584
1583
13042
19189
12886
9440
17695
13458
10510
3078
11495
2898
13088
9785
2113
3427
2497
6355
13954
5073
5425
7722
11275
7546
19949
7791
3570
2091
7914
13373
6197
5183
10354
19952
18508
1973
9272
6972
7971
11558
7731
2186
953
4713
18122
18840
28
13508
4922
18561
5084
6079
15309
15040
14516
14150
5202
11949
18596
6583
6447
17711
15354
10629
7208
14739
251
17769
7586
3477
2928
8438
14032
2774
17229
11554
18525
10665
18989
8983
18150
8601
6127
9843
15824
3167
10876
12132
12167
10912
19012
1183
9117
9312
3661
16382
16243
4665
18165
2559
20001
5433
7382
12236
15157
16405
229
2751
2544
12328
8372
6960
8196
4400
6420
14895
2942
20003
18230
16943
6564
18650
15472
3150
8121
2095
10684
13971
19477
7013
6490
15913
12184
16446
4590
12307
3317
6438
14933
15270
4932
18463
6606
19898
19863
9799
19427
18378
12029
11515
11749
15780
17446
9990
2066
13104
11891
9044
6792
14652
18223
10523
16753
10130
2982
3510
15627
10879
15042
9629
8110
16659
6270
1658
9058
8814
1150
7619
10070
13048
3927
15043
8345
10646
17922
9100
3430
11867
8984
6740
7862
7015
7721
5691
11151
3948
15932
8519
11649
214
10232
12805
6107
18521
292
3372
3301
10774
7664
10996
17301
9958
1901
11660
13722
16225
12011
1676
6057
264
18512
14637
16764
9754
14717
13540
18806
13990
3142
2357
6838
18792
10529
11730
7965
7760
11637
19426
17295
11770
18516
4097
7122
8431
13443
17158
13451
18093
512
1664
18382
16010
6546
10677
6666
3044
1916
5089
13486
12298
1898
17454
1415
7993
16156
11467
16485
10930
19748
15290
4566
5038
1416
3748
11698
1019
8139
18293
14713
5244
15033
178
13573
9574
13767
19971
19864
18182
8992
3775
13705
4261
3878
13704
10556
11571
7241
7773
7557
7108
17372
17781
11184
11933
13071
7341
2057
15164
5912
14241
7649
7824
14194
13013
3037
13691
7214
5786
13968
2674
12999
5484
8091
9708
5342
17938
170
7671
5865
7157
19876
1684
3328
7234
13768
8316
17242
10784
6923
9663
1861
2484
13081
14283
7590
9831
5994
11447
8248
12832
4300
6623
4440
5862
2354
11365
18507
2955
3960
15219
43
17592
16603
11563
17303
844
17658
11915
19111
12272
10951
469
11425
14400
15883
4090
16175
13976
8975
10314
6326
4898
17854
1843
20009
16889
17882
15123
1452
9103
4193
15395
14674
12416
18110
5911
18632
7752
2526
16334
19220
5030
5025
14296
8012
1279
7153
14728
8649
17262
6749
16422
15317
15685
9764
6234
7645
16933
15847
17085
593
14134
2310
11110
1453
10301
11662
5138
3911
18317
6340
7330
15998
13243
19204
15073
1219
17567
7680
7908
14285
2397
10461
19225
17614
19381
9419
1800
2542
16737
10029
8665
11589
5897
12545
2299
4296
4534
5566
13906
5510
9224
15600
13817
11104
17017
15580
12943
14945
18113
10455
7727
17055
16032
18395
16029
9758
14855
3929
7307
15482
10258
15854
1331
14486
3727
14673
4574
17338
16078
9678
18325
4592
6720
15752
17104
14047
1755
15343
4350
10942
10679
9001
4189
14821
11143
11809
18209
16395
1882
12532
2321
905
4701
1645
6475
16364
11294
3401
9653
17048
13928
13130
10603
16556
4988
13041
14561
13326
7523
1612
14423
8683
2346
4415
15311
3884
3882
17784
19701
977
5860
16054
8008
1697
12285
6958
10750
17411
16683
9874
1596
17496
10984
4933
2553
2147
10577
11863
1600
15141
2192
10338
11875
14139
948
14829
8626
19435
1115
12024
18522
310
1710
14864
15342
19070
3920
12707
8035
6804
14955
18803
4717
7785
9868
7638
9649
18615
13158
351
15168
19617
2387
14172
19920
10995
1357
14520
270
6386
15210
9951
15984
19578
17819
1739
6752
7456
11768
15275
6709
18004
9427
14145
17266
19672
16257
15365
13176
3107
4525
5861
13897
9258
16572
1061
9056
12022
685
17190
13339
9512
13226
10949
17214
2655
352
7881
15320
15987
1505
19735
5932
569
19567
2338
2788
1854
10453
19506
15131
10772
15530
12577
5162
19983
2913
6718
16194
17600
3529
15777
10383
16898
19064
8473
10718
4280
19687
19148
4735
19147
1727
2355
4086
3585
16534
14449
10871
7821
18818
2162
18022
874
9143
3883
477
13854
11322
19651
2691
16813
12921
3581
2242
1737
12469
6243
7250
19823
1124
7929
7629
1464
7353
4392
7290
18083
2855
13304
7064
18543
18216
14338
17065
1632
8306
17307
7087
11195
15875
8009
10926
16431
8459
8864
14112
18762
18709
3322
10992
4047
19323
3162
7339
18299
18572
16982
12442
13098
17822
4239
5086
17651
17046
14413
16118
789
14046
13456
18185
16027
3866
4633
4578
3137
5353
10321
18947
16220
3574
18464
7377
9263
6100
5885
18153
12748
11930
14317
7926
2550
9033
12753
14752
1578
10968
10270
4769
12490
2139
6480
10242
19540
5698
1841
2424
19795
83
6502
18349
18821
539
17984
12370
13778
1065
3498
18493
18747
910
3158
8597
19718
545
17568
16979
13881
17351
19845
2617
12997
7940
7381
794
17233
13614
12270
4834
6249
14312
1251
11030
7380
7840
15939
4536
5329
18237
16609
15124
4639
11006
9235
11556
7454
7046
7159
15868
14481
5139
11752
20023
4082
2432
11778
7541
16835
1319
9380
16850
15393
15286
4000
10261
2790
16551
7176
19978
8895
14179
16691
5743
8650
4244
15381
5460
8445
801
1673
10434
12334
5444
14246
19523
15611
12265
8249
4621
1805
2146
4979
11910
1195
18283
7994
7964
19316
5685
19099
17127
19472
14029
8551
12527
17316
5832
13359
9149
18190
19479
9511
721
6466
8148
611
5368
15277
11082
15334
17373
16151
15439
15499
9647
17040
19140
16064
1461
10972
2853
8280
13577
18757
9970
12572
12010
8158
4926
17154
12028
4065
2905
9158
17235
14337
4510
7228
2
17260
1029
2933
19056
3872
16150
18526
3338
4480
15826
16662
2861
5137
8376
11578
4359
4646
10500
7051
15052
9748
17958
15053
13282
18179
2759
9493
18865
9098
4894
10725
19179
10346
19930
15583
10970
1087
14798
18023
19021
5571
17405
11248
5757
14277
7002
8464
14909
5400
750
19
14006
1153
11804
12067
4745
9722
3891
16586
3248
14664
16578
6184
6567
1426
3166
6750
8839
12498
13905
16045
14877
10625
5696
9467
4235
6304
11983
7083
13018
8951
7325
11922
443
8514
15325
17313
13044
5607
16537
19358
6022
2384
8911
18500
10168
3847
5791
11417
15230
3551
1227
18203
4417
19602
1870
10935
3674
18141
5681
12216
10659
12563
16085
14302
18679
6757
12432
1287
4184
19079
623
5402
8504
7479
10762
448
2609
12262
20005
13855
9987
10986
19981
7756
11118
5489
7162
10191
1371
3109
18116
823
9330
16805
8936
18253
15900
845
2142
14447
13105
1719
13136
2245
2701
3566
826
2377
156
2796
11786
12228
3814
8556
5999
7031
5779
8450
12647
19052
5914
975
4875
10460
9355
9041
2173
17091
8495
14790
2804
17950
2087
15760
18001
9015
8451
2524
9856
859
2037
15083
3236
17758
1121
9642
14952
15532
11342
3676
12381
7361
9166
12895
18742
2738
11453
16631
15695
19868
3704
11822
6563
19941
14033
2265
11876
10643
12970
18405
9139
15740
7848
19648
906
13550
8472
19979
16696
19347
19026
5145
16834
6996
16715
8696
15540
10979
16388
11941
10004
15941
592
1261
5742
18226
17354
18499
15254
4659
4339
12839
10433
12027
18262
18417
19262
3746
13688
6575
5719
18296
9488
12920
12443
16934
19666
16770
6885
1057
10604
5668
13237
8492
17060
4313
9752
15278
5834
9502
17459
6831
14250
9765
16482
18859
3605
2471
3813
2085
17061
19060
14206
18695
19950
16569
15840
3705
343
17704
12896
19139
7837
12639
8058
10982
18460
1694
19175
19073
17177
10020
4830
2092
5298
11067
9254
10216
3949
16060
17696
625
10161
5245
14476
11423
15970
18071
2200
16503
5883
10716
5945
11330
3556
14066
15471
19714
19044
5057
7261
3942
5643
5339
446
16689
13192
8786
2688
1765
10481
8569
6735
17102
18309
6613
18090
13365
11288
1601
11611
4252
15764
10298
12752
11995
9627
19059
9809
12959
10517
12576
15747
8083
15800
2389
6124
7053
17688
7675
17827
10051
3962
7287
11073
14657
8735
4549
14144
195
4584
11849
18977
8542
7913
5646
8198
18612
11283
4586
16879
5811
96
295
13440
14379
2950
674
9024
15846
13910
2468
11716
2680
8695
6047
15684
6309
19705
17422
6966
17067
9054
2868
14555
18858
18161
19618
4078
19998
226
5376
2144
15534
12240
9741
7106
7245
9148
17403
7107
11711
10729
11296
3663
14260
13206
6481
1584
3114
1585
17679
9617
10855
11007
7764
8893
2746
8129
8305
7566
18266
3958
4077
9046
13542
17491
8081
15497
3976
7091
17025
15522
15125
11772
17181
957
4691
223
10470
7057
8918
9507
4916
14943
10745
13981
10691
4936
19725
16614
9420
1256
751
9556
4290
10077
5876
13681
9906
18273
11574
18690
15650
6017
19650
6842
4874
16320
5892
17507
15385
12743
20008
4939
12346
8350
17111
2452
16633
13810
14186
8810
4653
4362
1037
11455
745
1550
3615
1699
14417
7026
17272
10349
18048
6610
13276
14441
5237
9107
7767
9388
11089
9700
13008
1336
18111
6379
10046
5775
17775
5421
9432
7530
17343
9105
15216
60
7227
15597
17137
14104
1024
11192
8701
4361
10768
3896
18898
10420
12320
4096
4710
17258
17603
11156
544
1245
10126
12113
12072
2494
13620
13150
7272
7778
7999
5591
13005
6181
10304
709
1393
11013
12710
119
16495
14954
16937
16129
6214
2546
10394
1376
17052
5903
18664
10909
7676
14487
19663
9786
19943
16188
13570
2645
9761
10649
12199
5269
9173
14903
15729
1056
19051
8408
461
16033
14890
2948
16847
19238
19897
16393
6410
2508
7673
7022
10402
1197
10396
3268
11961
18630
3197
5972
11426
12683
15857
12100
9576
17349
9318
16351
5826
17103
18164
5939
2814
13248
13504
4650
12671
19413
19382
9940
4642
15004
8339
4853
3816
2154
15193
19702
10052
18393
10900
14244
8866
850
16217
13720
18801
4209
2181
10503
10846
1924
14192
14583
9340
9882
4172
5733
644
12045
15247
17404
11478
525
11424
15974
1199
5355
4486
9017
16481
14464
16775
5852
11421
17773
3607
15009
7766
5154
13337
10728
8416
3473
7704
9133
1851
2032
4695
3406
19511
8078
11231
6143
10202
3538
9659
10359
8996
10783
14899
14392
14917
11570
11864
5830
17016
5803
13589
18486
3673
12579
1967
8003
17544
18290
1872
16230
3454
11024
19961
13697
18457
2660
5838
938
11979
3611
13964
2410
1743
6285
4397
434
14410
1933
5596
7258
1035
12020
2465
11475
18328
15473
19834
7061
5715
3050
17561
1666
12604
13171
4984
14313
9800
17304
12163
18314
2592
6314
14992
16779
3770
6945
19574
13924
6126
7267
14630
5702
1984
9750
9829
10748
620
16065
4371
15924
16959
17329
2921
2834
14247
4508
12420
3428
18379
4321
6290
12796
18015
1567
8585
16099
16555
12609
7607
17810
16860
2801
10845
19887
8402
9736
4004
45
12764
2082
10378
15494
8283
4707
13870
9711
2271
3648
7894
16963
19161
10437
13739
16342
15581
19989
639
13358
8710
14460
6532
14936
5694
15493
18365
2534
88
18895
2099
4761
4530
12235
655
9076
16005
705
19331
1026
13478
12454
2600
10019
16713
3225
2176
9470
19929
5322
3128
902
13650
9692
238
9336
16026
14062
2395
14072
13271
12699
1801
4135
6335
9485
9073
13525
8719
9260
10382
14849
14665
1462
8390
8736
6918
1617
9891
10245
6973
17122
4820
18261
18256
19620
9844
4233
19142
12449
14572
13003
15458
12506
4822
4366
15604
8672
6054
4457
4810
16500
4379
4780
7703
6983
7415
16461
7171
5497
18183
17807
18433
15426
11720
4515
11538
3064
3947
19494
9712
16907
7531
2894
10742
16112
13622
2901
4856
9400
3797
9031
19844
5919
6728
15610
8976
5507
852
6975
15128
12758
5388
16108
14582
6337
10925
4079
627
9005
4796
8275
5169
8635
8136
6558
9535
5942
10570
4329
9932
17830
17634
15660
1604
5035
2812
18963
17674
16525
19251
11235
9792
11393
2381
16759
5509
5034
11802
11187
7695
1611
12933
16919
4213
11509
7869
492
9417
19312
3057
298
4857
16464
17392
10541
12863
54
14461
11819
7063
13075
6094
11516
8125
13113
14174
3654
6922
8790
4728
1512
1634
9837
18168
3582
3384
2641
15198
17420
12492
5966
17377
15619
18692
8421
109
16355
17094
16809
18442
18954
6811
6023
9027
1871
17305
12826
6105
7787
242
5314
5687
2642
4234
10755
6846
2515
10463
12747
628
2768
16430
18867
742
8605
1900
4772
3357
10134
2543
15930
12585
14503
10776
16250
14214
4837
14181
5358
10941
11239
11923
8731
1925
10843
17933
7039
11679
5440
3514
6007
18637
11911
10981
15436
11683
10344
8420
14340
6357
4699
16778
19197
8532
9392
7019
6703
4064
14352
15201
14401
6631
17554
1985
1355
19901
18656
3934
14661
1922
7148
11128
15220
10971
9025
332
2204
11806
107
6853
5724
9602
373
12700
15933
4791
2806
19414
4255
11097
7670
13912
11726
16948
2690
12318
7660
12769
13562
12351
8981
11457
14443
553
1340
19094
19115
9264
4924
11568
2125
18950
5196
405
15476
13803
18990
7802
7096
14136
16149
12580
4489
13187
16300
7385
13865
2060
14622
5042
15297
5155
4944
17780
19448
7315
11501
13298
13723
5652
6262
2054
4385
16924
11078
1402
8764
6655
7765
6721
16370
4513
6520
15402
12193
3146
11191
3702
4477
13796
6237
7979
13916
6118
11295
14237
7617
7868
6492
13312
17585
6370
15554
6012
5577
11543
113
16717
19789
15955
11333
14983
18172
4204
2286
6559
19387
2315
9594
7637
1347
6600
7351
10297
8608
18727
1228
9985
14169
5765
11684
2185
18052
16639
12287
12065
8037
8308
10381
648
5478
17468
13343
4435
6990
6837
19854
2172
18970
6714
1093
16088
3784
15133
18578
10430
1479
5093
10284
16206
5463
15592
16553
11092
17856
5467
12321
3526
3981
15830
10931
14264
10308
5863
927
18319
1017
1887
18883
11486
14994
16837
9775
16802
19616
13874
10999
17367
9275
2605
8657
5784
5709
11553
2115
3693
14022
4561
671
18862
19404
7451
1196
1108
312
14958
19342
13605
1270
5943
3736
19361
12644
320
15104
13724
10367
3145
5210
18381
11754
16910
2899
12601
11801
15143
13673
183
10671
5265
7741
8997
15019
13693
19958
10292
4657
14357
12956
2767
14310
5840
660
19781
8803
14468
7476
2284
14577
9059
12038
14990
6650
18240
18753
4210
6062
2427
9959
9151
15669
9705
19005
2651
14810
11200
16988
19125
15906
8942
12828
9352
164
16504
6521
3802
19783
285
2015
2400
10277
3563
19145
7239
666
4368
3687
954
7569
15638
6638
7846
6855
15349
4289
18884
290
16832
16535
12684
9950
10364
2254
8337
7509
15025
1498
17877
6074
7125
14641
16491
12415
19933
16509
10215
16886
2086
8430
7275
14867
19040
4512
17900
2073
19881
13535
2104
13602
12948
6653
17520
16523
6942
13658
18436
12398
13108
14969
9694
16068
1123
7453
8182
16661
17089
15988
13161
19722
1166
6274
13771
6213
4115
4702
11132
7483
14544
7376
4730
18826
5385
6813
5808
19664
10266
14820
17427
19899
11382
5327
17195
1745
1185
14454
18489
6840
16066
17792
10141
11998
14938
15849
19133
17101
12448
14758
7140
9471
16259
13959
18569
5164
10363
3945
18681
785
15872
14274
13567
18250
10585
18974
11869
15769
16037
5777
19176
16590
16721
15809
4242
16456
11784
15649
14387
3013
11332
18306
5026
490
5128
2792
19063
14707
8655
8443
8292
11587
16803
2396
1542
6891
18760
46
3019
13382
14173
1436
11842
8987
5753
7583
13063
4686
4589
9215
6827
14095
12470
3196
1911
15156
4102
15446
2571
7690
7623
2290
10150
12691
13148
13466
8359
1273
7233
5288
11565
10788
15441
14709
93
4071
13333
3656
1127
11196
11034
12139
6869
6676
6130
16571
4564
8188
9049
5713
16403
12092
12440
3082
4030
19400
14506
2376
10023
2323
2873
18289
5046
7763
16030
541
19274
11362
6895
18403
1044
185
15914
14504
15161
6261
17762
16218
4216
13632
7222
2639
17517
18229
12818
19965
19675
7856
8223
3061
1641
14522
2705
11945
8937
16557
14788
2863
14466
11091
454
14685
13998
13078
8131
8755
12718
3517
16823
2065
9466
1460
19519
384
14008
19841
1653
959
1302
13986
5789
9813
19118
5843
19614
11656
5548
12274
6266
18955
18067
17493
2884
14376
1483
7237
18339
11523
6194
575
4405
7836
17442
3206
9274
6756
8548
236
2428
2654
8876
19977
8985
13743
8098
19504
11628
19473
955
1656
1629
10006
10842
10712
19255
6777
6034
13146
8769
9847
4630
8718
12060
17693
1202
17076
13051
9167
7931
8310
5626
17675
9560
3809
17192
401
3894
3418
3768
7975
7418
10606
10299
14801
13329
8765
3765
16063
14061
213
16914
17881
2902
1982
19339
6844
5894
5372
13811
18873
11826
13182
9240
7008
17836
2872
958
16369
2862
260
7368
11080
13426
8933
10197
6753
13392
17750
18976
4441
8555
18607
2742
8600
10829
19723
12829
8109
6363
4365
14940
7988
16004
11820
12002
4315
17163
17369
1210
14828
12339
11512
1015
19368
4754
19372
19424
18241
2947
394
884
4409
7322
649
9624
11764
15763
4272
14726
2365
8813
3685
6008
14725
11021
9797
4546
8599
8621
16347
9643
737
13943
1525
17196
2904
5815
294
13923
11877
5107
3580
2351
16606
13352
18124
13878
8552
1159
17356
16072
17223
19215
18726
2077
17683
12677
15175
3598
7772
10167
6670
12651
11906
9290
10055
12521
9347
15475
669
17928
6790
10521
15675
2164
1752
8991
19911
13049
2867
19939
7955
12147
20010
6691
19058
7397
1254
2028
14360
6967
5004
9608
2941
1849
13307
15996
13027
4675
221
817
10719
11051
15304
15683
8704
171
12316
102
18360
10721
13308
3286
1609
2495
4947
3448
11502
7712
18639
9247
5064
6478
11761
11865
7099
3388
7266
13940
14482
9616
13974
1110
11787
5574
19232
5427
658
18408
15960
12409
10744
9055
8902
10907
1692
8425
2708
32
3018
3421
5216
1994
5188
18756
10013
4330
84
8140
2390
17591
8413
7579
12074
1477
19200
16980
16317
17470
16554
19757
5933
15059
20015
8586
6176
18802
11366
4455
6298
7724
13900
19004
15997
14703
3710
5872
8094
10478
10703
12953
14316
27
161
9952
15292
1614
4529
9050
5471
19041
8162
853
2972
12894
14351
17838
19761
8461
16915
15876
18341
7819
5983
18375
8809
6774
4877
16517
13515
18680
17753
8338
1011
17210
8231
8117
14028
19454
17663
17968
8447
17018
12215
3385
16141
17809
10689
12909
16425
16372
13609
19603
7498
13539
11327
1863
17416
3668
4195
11338
14261
10060
14905
9725
1950
18449
6255
3442
9568
1412
9456
15642
11202
14320
12493
18471
1741
2340
5886
19724
7134
3890
6085
6903
8233
19375
15827
17340
5235
6517
1490
3644
9767
19826
7897
2225
14908
4161
6465
11122
5152
3754
18824
17689
6333
19126
15725
15536
9309
10295
10552
19913
16540
3096
19003
8869
9599
16458
19247
7774
18042
7163
7511
12923
14817
3666
16245
17110
13413
4016
18855
7455
16893
3637
18868
9584
17643
7494
12340
4683
18874
5553
13546
8498
651
9544
2318
7243
16796
16036
1471
7355
10897
18880
17601
16360
18918
1918
16127
16610
1944
11133
12570
15463
19575
1983
6956
15850
127
6593
5458
2558
4855
9515
12314
1573
2250
11920
11367
1399
10098
17131
2093
16325
16465
17200
4088
16200
18080
17800
4697
7613
13909
4176
13012
5690
56
10974
4341
7481
9011
9451
17273
11851
6400
5597
404
6403
7855
18163
11813
18151
18342
7413
14590
8406
3049
2078
12280
17640
9827
698
19153
17560
2420
3738
15145
14509
706
6816
9442
16602
10290
12759
18932
3747
4278
10254
664
10064
19211
12965
17772
765
5736
19411
11901
13752
6433
15211
12253
19680
12981
876
18282
11083
14838
16958
1665
6892
6078
11372
1683
14272
19612
15617
19732
9255
12621
12354
12062
14874
18652
11497
2650
18672
15652
1963
15065
1912
11158
531
8792
3985
6622
4
9999
11309
10021
15628
5379
6573
3769
16949
1679
1835
18548
17708
9672
12584
14526
9386
16733
12040
1791
12530
15751
9410
12650
16738
5132
18791
13737
8782
6233
4120
12081
9571
7674
16100
3383
13843
1823
9292
16333
14165
6276
5366
15584
209
5587
16761
4470
5248
6766
39
15813
6032
10171
4748
9078
10390
12883
19855
6952
5309
14099
1622
11391
12374
20004
16939
7666
18708
5165
13336
8808
4792
14727
8775
10081
12858
5359
1454
9595
3202
18635
3296
7762
13137
8623
7139
12636
684
13991
3112
6272
16180
4636
17766
10964
9948
16655
7777
18053
18096
8250
7859
9413
12310
8521
9294
7759
6491
6471
9029
17676
19457
304
12538
9174
4448
3392
15229
7790
19682
2026
1004
13642
846
7333
12315
7898
18482
18474
19386
9695
4110
11866
8120
11215
3870
6580
2520
7878
8845
15263
3645
1906
17826
3761
7990
8028
19656
12984
15257
1317
1117
5998
14027
4346
15768
18220
19074
5363
15549
12001
13341
10286
19535
2672
14426
18292
7672
19031
14755
11237
11598
1830
2308
18380
9938
11898
2102
15871
1555
10408
16310
11026
17189
14159
5729
18613
13580
18063
5349
11402
13470
3414
6538
19493
1880
11230
2231
18896
159
11651
16329
699
3389
17763
9854
5454
3594
5123
10514
8213
15951
9009
4841
3821
7154
8517
3344
11767
3675
9257
4270
8753
3336
4757
9251
11756
19749
11642
12183
19548
15514
6311
15461
13984
14552
1771
19402
8967
8470
1007
10576
18590
12189
14436
17133
3059
7129
13556
14198
9812
12989
6758
8444
6832
16584
2226
4053
15874
10696
15816
9218
19201
4953
10526
10341
2876
3269
7636
6345
5650
8155
9048
18085
16490
2274
7750
12666
4506
2978
13241
3910
951
13031
5962
16657
7301
2678
18284
13284
19177
19396
12734
599
5315
16953
11437
568
13262
6675
12137
13173
8728
9853
13883
6422
1639
14920
11829
15244
501
3820
13942
6494
17251
6850
17473
9191
4814
15417
2881
7641
9698
16665
11125
1030
12350
12015
11048
15391
1476
6940
14254
303
11689
15926
9858
8705
11090
1113
13675
15078
11582
5311
14957
3852
8001
13111
8515
18175
5909
7642
476
17586
5371
15586
13019
14156
14107
19478
6397
19159
12248
16089
12467
8282
9539
3823
3263
7656
695
2510
14231
14587
13035
18398
3597
11062
18014
13611
12154
14227
11748
3759
5474
6020
7584
4466
5929
1363
16873
17915
7659
2572
16902
16475
6818
6841
6271
16709
17246
20002
16287
11539
9012
361
7423
16688
12044
13633
3667
9446
6771
18383
15964
70
10231
13584
10622
5980
1979
7352
17620
16096
7877
15353
6442
4570
18491
12331
8920
14618
5364
13719
18838
3621
16091
2253
18432
8175
19190
19132
12419
6805
19597
16515
10595
14756
17208
5925
17790
7126
6607
8780
16981
18527
16592
10217
17423
4246
8908
16258
14431
6242
768
17831
14101
14404
10751
385
870
17508
15921
8415
8986
19154
13435
1839
13126
12518
18674
19768
16469
17844
8322
8149
18694
8342
3250
19336
14140
4122
14448
8784
7340
7474
1675
10185
13091
16905
16546
8167
14776
9670
12980
6916
15719
7771
1284
6208
8594
4201
19451
3862
13601
19446
13699
7820
6554
7951
11483
8212
19832
18286
12586
7430
4402
16608
19984
321
19890
15424
15693
9030
17236
11014
7463
2179
2737
3354
7130
2422
2436
1031
14524
15332
2815
7204
11010
562
10473
263
3839
19198
6822
16768
17891
16611
17083
9069
2373
19987
9405
4604
10830
14359
8593
19520
13969
16849
2662
4089
16390
15645
10938
7278
3213
5439
12853
18357
11179
10688
12685
14804
4342
15302
15212
8540
12514
18413
5682
2074
66
13795
2223
18490
11000
10760
9780
11298
9339
7491
8980
8610
17954
19840
8349
11533
6689
17425
9026
16564
19532
14897
6784
3670
7128
14307
6725
14740
7651
8414
19412
11825
18011
8022
13973
1085
16169
19149
12203
18402
18081
11472
8760
2752
272
10083
7066
14698
887
10579
5207
194
10465
9522
11619
7769
10624
18739
18953
18176
2280
5604
643
9795
2530
10234
13366
4734
18687
15115
19753
9032
19569
17064
2760
18470
3351
10451
9181
108
12054
4493
9465
15139
8427
12838
15717
3876
12791
10512
8481
8065
2438
16312
8108
773
18879
12976
16740
3335
14906
11600
375
10124
18987
3251
15741
7179
1756
14432
9404
12368
18155
4485
12284
19643
4568
16678
16454
5012
10549
12801
3459
8033
451
8452
17550
2500
15608
40
4266
2967
10039
17878
11213
13852
15363
17971
17361
11045
12267
7464
7477
4706
11390
3095
16869
2588
19571
18002
7544
10749
17573
4899
18655
10713
19214
3979
8137
2730
4263
8648
8024
11212
800
15928
122
19976
12431
12017
7720
18685
4407
11743
15099
7622
1307
18510
244
10854
14984
9998
730
18274
9549
10178
15505
9793
6747
3226
17514
12210
1902
3924
13291
6344
15842
8260
4504
18191
2957
18808
1923
4020
14280
3377
1917
8783
17794
19308
15853
6472
18091
9851
4251
7930
16304
17431
17566
6737
399
13501
462
18264
17624
4655
9441
5074
17876
13911
4145
9603
13933
10726
5539
19526
7639
13847
2591
13979
10099
16201
10431
17348
9459
1079
12846
16995
7416
16197
7708
6781
4354
16692
3858
8002
16365
3098
17401
16621
875
11921
11884
4931
2039
4147
12238
7921
1619
13588
5275
9898
1119
10627
17549
4383
408
12124
5835
4986
7635
14074
14116
11306
10327
873
3467
5148
7356
10172
3326
3199
10852
2097
7961
5776
7500
16882
13820
12484
16582
14857
8383
2112
10580
10586
1145
4861
9942
4056
11002
15598
14409
2336
9063
9973
4789
7050
6157
17448
10670
14217
15228
14002
5824
237
821
18765
11223
2847
10065
13886
3094
8172
17996
17639
16731
7084
18426
16132
2202
5436
7578
3272
4620
8977
13654
11086
584
5462
8877
18344
16326
9980
1120
923
15041
3304
16142
2404
12714
6921
5601
3627
13410
524
4967
18831
9412
11099
11677
17931
4211
11498
13266
6412
10273
11883
11627
12845
16671
7213
6247
7920
16109
8285
14863
9533
19337
1716
11337
707
8531
5773
14266
18162
11378
1628
19674
733
13659
13465
13766
7075
16157
18643
18904
12423
17656
9501
17569
15340
10041
11177
2656
2123
17791
2583
5845
8440
13278
5367
18659
8204
16814
12795
7516
5020
10847
10355
17918
10165
19007
16234
6974
11659
5036
17779
15431
15670
3849
4386
17782
7933
15014
11284
17879
18128
15910
752
4667
12104
19759
16267
849
13050
14057
7165
9720
719
696
15653
3751
14751
18106
6904
7058
14455
6268
11352
19947
8999
12728
14269
19329
10528
18174
19822
710
14658
266
2713
12192
6419
8580
12201
11593
4060
19314
17336
17821
16305
11227
3542
11301
8371
11638
14126
8516
11559
3349
2832
15542
12426
9402
3565
19328
17381
16014
12103
3764
420
6545
15249
8114
5159
5537
8686
15989
2686
574
8870
387
8939
7662
1744
11153
4781
6005
14802
5970
15103
2652
17885
13323
18073
174
10651
508
4316
5217
7980
1815
9619
9921
18024
4254
10844
19257
2657
10001
4602
6048
14960
14257
19662
10447
15601
13060
10452
527
19556
13097
1324
11292
19171
1374
4429
16144
12702
9927
16348
10715
19564
11555
7362
6202
13612
7545
17125
1177
5303
8959
14997
5663
1746
17010
10834
9102
17902
7422
6616
9364
4750
18154
6096
3616
11370
9067
14050
17535
12611
1502
14045
13421
7512
7321
13514
14651
16332
6088
932
10535
9365
6346
8059
13895
6906
8668
983
6780
16120
8518
3508
10539
20007
16533
18321
19162
5572
8487
18467
18217
6572
271
5684
13626
10205
16734
7694
12332
7944
1509
3653
8454
971
15081
18749
10111
6592
15245
10502
4692
7730
4684
3669
333
5118
19291
3380
97
8851
13848
9805
15288
7358
14372
11392
16015
9872
12391
16811
6106
14699
799
7067
6858
8930
6109
7732
11880
4199
9683
16562
13721
13215
12741
15069
6807
7891
12032
12517
16308
10398
3527
11728
18638
855
131
14560
6934
4166
14384
17375
8355
19418
3119
2213
15819
14915
17232
3134
14710
15738
15572
4221
13422
19488
15796
5295
1580
5918
1904
18131
9276
10027
55
19800
18909
11109
1605
1524
13454
10409
988
18829
10082
15785
5449
3347
2932
6488
4928
14123
6308
7326
439
827
12058
8433
12737
2237
10153
18487
8141
247
19874
8200
16455
9715
1226
12118
2533
2276
10050
17777
8887
18103
9157
14081
19550
13574
4613
16229
17013
433
19395
18568
6743
5405
19797
5638
13592
4192
13020
5515
9286
17995
15437
4656
12869
19508
11291
16825
15384
4801
10353
5312
14055
10666
6288
7310
8837
5614
18037
48
18545
8572
778
17840
2124
15520
7270
1998
11760
18644
17542
16191
13985
7826
19836
383
17019
86
17749
4844
9864
5881
16400
2734
17644
4323
10759
2068
13880
11986
2356
13388
18387
3836
6515
3233
8694
10545
9168
12873
18913
9607
9341
7314
1670
7668
1435
17428
4500
19282
12471
10303
2120
10680
3443
533
9779
9360
3793
17031
1401
16604
11725
11520
5532
12785
9771
15480
6135
9349
8455
3860
19710
19391
8879
12106
13989
3695
13349
17768
13332
14602
14067
14742
14669
8846
3897
15372
5261
17093
18115
18961
10149
1589
1055
12237
3950
19537
9668
13961
12
11821
15776
6814
7074
557
11549
4777
2590
3413
2516
3484
13727
14092
12935
1443
1264
3914
9
5637
17617
6461
14595
11530
14826
3506
11435
2105
5751
18558
621
17368
3076
6658
17068
19497
2786
14844
10393
4012
17378
13672
11956
7161
3974
14750
18189
8888
19900
10207
8961
7359
12670
14565
5936
15979
7118
6002
15647
2502
5256
16998
2954
8853
10698
7798
15588
19622
11164
6615
9461
3568
315
20019
8237
2743
4945
10860
6444
7260
7747
7581
13160
8789
19610
12396
4983
12500
16679
13646
16291
17715
2777
19081
19736
14353
18505
1987
8171
9884
3835
8448
9630
13244
14741
19271
17436
12773
17521
9852
6123
4238
19019
7433
6253
8085
14212
7300
8220
9381
18488
1690
4240
12993
1206
13489
1058
13184
11271
798
19805
19927
18610
10667
12458
18348
17257
4956
5239
16330
17453
16736
1078
4764
9928
16974
18281
8578
19090
14513
13921
15509
11506
9889
1382
1232
3186
19127
17247
15400
18439
1558
17225
9658
338
18338
1838
14737
17937
12891
10704
2197
13260
19321
4751
3115
3220
12606
11894
2945
18771
9933
7235
1928
14058
12389
3276
11536
8063
15000
8858
3234
6068
19345
13890
10773
11794
19272
13797
1937
3503
5780
11735
13529
16340
9628
2793
348
18971
3909
6431
3733
10405
9739
4174
13801
16952
5707
14961
10980
11131
12337
14889
1341
7098
4459
15948
1621
9845
15324
2380
6701
19754
2962
18789
18138
5864
10739
10630
5221
13707
10763
1724
12911
4497
5711
10863
17726
17629
1693
10612
4151
15031
700
14252
6970
13706
19717
9450
8423
8502
7540
4186
9398
6010
3588
6323
5448
13918
2893
7286
7870
5984
1657
5590
12857
5986
14489
1032
4297
1920
1520
8051
13195
8367
11931
14931
4808
1729
11855
11020
2205
1655
12900
381
14870
8262
19893
18414
16745
6411
17756
16735
13389
3252
14608
2050
6019
1052
8261
9681
3038
10633
8960
15880
11003
7970
5144
8006
16386
13680
17848
17730
16846
3433
9778
629
17972
8335
9035
3533
6946
7414
11162
11902
1857
4364
15718
10138
2608
10120
18041
19752
16862
269
15864
5028
8077
16324
12979
3773
16346
17992
4885
7691
10878
3640
12424
18936
12372
6469
2726
235
397
8026
15414
5305
19824
13400
15035
10858
12951
6405
18699
7336
18619
9857
7521
12821
8927
19549
15908
16436
10309
15802
4137
697
10358
390
11846
10007
10605
19850
797
19022
9879
13746
2009
17352
6289
17220
14155
15773
5651
10787
1162
14749
16983
12614
15558
5841
12550
6301
4306
18362
17028
16117
19935
10296
14427
3838
17467
7095
646
19688
8135
2569
10890
1063
2339
18295
9430
6645
3386
1748
17043
14775
13252
10634
511
8050
3381
1154
1348
12433
5731
7224
18678
14538
4348
15098
7743
19815
17893
18094
17284
16747
7459
19586
10160
8687
11363
16857
3091
14161
13482
8267
17175
17221
157
13135
15017
1312
16842
18137
6449
9109
9923
11108
11731
12698
13988
7251
10164
17187
13219
14861
172
16262
4024
9532
57
6273
8536
3665
10924
11250
6557
2100
15526
5662
10112
7425
19517
2425
17321
415
17294
14286
12166
9213
7429
16106
15015
10664
1624
14483
12397
12727
22
4795
17636
7316
6282
1448
11810
15180
13610
3561
2924
8924
8758
5104
16442
12082
17650
12006
9228
19335
11741
13805
12632
14434
19178
1072
15072
12483
744
11939
7685
4970
19871
16484
4896
2676
3629
18723
6142
14281
10543
19861
8841
9086
15106
15803
6868
2480
2528
6984
18140
12123
17038
2001
4327
4785
982
11242
1062
11719
1908
3246
9737
10678
4025
763
12369
16020
13585
11438
19744
3
5517
14242
18025
7141
8776
8234
16488
11928
17748
14843
18160
8397
7609
10038
19589
11661
16750
17556
741
15144
3604
19199
9379
15710
14354
11266
10291
4528
12121
17734
7956
8471
9326
11962
5332
15564
995
11848
12497
3382
673
16930
16420
11263
10647
19619
6685
16298
13639
15815
7488
2940
3790
17518
9407
15233
15170
11101
489
18406
4913
13143
17852
8138
16573
10578
18935
17540
9820
926
3396
6484
13089
13197
5615
3131
5589
13025
4343
201
3300
5408
6459
2836
6744
2466
13774
15745
15962
5195
5545
1106
13866
5679
2482
10467
2417
18192
18410
3229
11942
9766
12910
17519
3716
5081
13183
15474
14215
8185
16366
10313
12797
17887
4305
10736
13603
1761
7324
8393
1131
12641
13618
1101
3479
19624
6927
14075
16281
13314
4333
10121
13225
14711
7396
4100
4403
16140
5520
6733
1428
17858
2794
13142
16539
16984
12884
18060
17228
2211
16254
12509
16184
2877
15968
9428
6529
8709
5788
17558
17171
11517
10163
1552
4671
15483
15213
7195
6448
9137
16781
14048
10991
7121
19202
13247
19157
6848
15108
9984
2379
17058
18135
3228
15637
9704
18948
11721
16512
4372
2523
3719
8988
7052
9220
2198
8546
10256
10446
13871
11070
6000
2475
19180
1960
16279
5410
3172
14039
8442
11648
9914
6565
8168
2386
3444
19120
11270
1568
12969
16034
9686
13028
18391
5346
838
16198
71
13084
4312
15965
11746
6679
9429
13948
8652
19203
19600
16972
8465
18594
8658
11137
16251
2951
10439
12814
13207
19809
5988
13210
2033
3285
2831
15158
2374
5654
14875
182
2856
15614
4599
9088
14971
16581
8163
2979
12475
12819
10424
12922
11907
9376
14896
7857
10743
14677
14975
18576
880
17278
17286
5343
18805
11209
14683
7995
2813
19524
8746
10681
2461
15169
10602
9569
12094
12507
1446
12393
128
12967
13657
9314
17300
8563
10024
3723
5725
16048
11518
5130
7203
11603
10078
5563
8073
978
9008
891
10263
14335
10189
13281
146
6646
4072
16684
10873
2358
11004
15636
15159
17215
11781
12629
18444
16712
8998
18817
18422
15672
1330
7801
8344
2025
14446
8625
15730
12637
18399
13189
18369
13664
3589
19267
7389
7572
5891
8107
15579
5528
16252
2754
3140
5522
9443
2556
7941
6350
11418
10183
14037
14453
233
9300
15788
13784
19289
4625
6390
18542
3217
4180
904
19699
4738
16767
5187
13637
9040
8679
558
14467
1308
1098
3957
13575
1754
13747
9358
6726
4766
1847
7283
14808
4225
3451
13947
5849
4866
8919
4168
11286
3708
6293
19694
18744
18502
14986
15606
9060
17118
6601
5867
8061
5272
9203
19816
7312
16362
12117
16798
5772
18931
7709
12876
9744
1821
1593
1970
7517
9241
19389
17608
7346
2361
12385
8356
4666
10416
19576
14491
9714
16875
14485
6011
19975
378
11526
3939
8566
7678
6826
9632
12659
17126
18157
7030
19956
2064
15516
6604
18815
13607
3403
865
19525
9187
14319
9172
3986
5633
16527
13385
4091
16748
15006
8354
1194
18469
12245
15676
14668
20016
5701
4018
17395
4622
16159
2224
11476
3649
1842
12564
1591
1826
3994
14667
18198
7874
5627
17222
13296
1678
13758
10550
2866
16209
10357
6147
10230
13399
3650
13211
13313
17637
12957
529
15172
15639
2119
18589
1939
8833
8799
14160
12037
6542
13502
425
13488
831
19678
15398
925
15573
17188
8102
3340
8229
17443
10249
6362
16130
13621
16653
9225
803
18497
16272
4458
4672
7196
5741
2504
3265
13112
15799
14060
6046
6729
4121
12596
17588
1850
17857
15945
10135
14689
8863
14020
11977
15557
10891
5369
9065
17941
2557
7758
15527
1647
11745
12843
10730
14807
14840
19539
19959
4447
8405
19787
10018
4503
15975
473
7761
13053
6894
8747
11053
17494
3143
15121
19240
11626
7768
9552
5480
3216
18745
11722
6027
918
11427
3434
11431
4324
15279
13537
3022
9911
10094
9885
17635
4553
5829
3211
7289
19955
18415
18559
11892
8173
1480
9421
536
5625
18018
445
18517
5712
14697
17484
8412
16103
12590
12387
2343
1305
18485
15691
1875
5754
4124
13085
2411
9152
7105
18911
12901
11535
8644
9593
10311
15602
4085
14579
13231
8607
10628
17472
15129
18385
5564
19750
17084
1387
6861
11280
15673
18523
715
4635
19263
12208
2517
3892
1620
11350
16018
14766
8820
19968
2072
11120
12007
2136
17481
4873
11740
9601
4818
17318
11766
8030
5278
15943
9966
5249
19102
2048
8048
17738
1349
13202
14584
15618
635
16841
11314
17498
7597
2980
13695
10922
16453
12681
16418
6969
17386
8913
18899
14721
19383
12995
9500
2594
11049
18722
3509
5199
1071
17383
15721
16729
8634
14176
19909
2222
16445
1282
10000
13106
2745
1107
11868
1233
19608
6659
12613
8922
6317
11264
1003
18751
13254
14786
3590
8017
19962
12840
3008
14646
18866
5319
2130
2735
11299
18352
13432
17311
4923
3179
3063
5067
1888
17944
3468
11614
10109
9871
19942
6738
13832
16708
15410
19711
11940
901
3055
17114
19561
10558
8577
7797
12487
19686
8062
6387
11524
8332
16697
18636
1005
894
8192
11701
4229
14103
872
2739
13330
11100
5869
12656
11705
17469
7699
13566
17694
63
2664
5569
19158
13290
15130
13300
5016
7506
9684
6652
9648
7183
12831
11665
8327
4126
5125
3861
166
10546
9004
6552
16506
10655
15089
17207
17289
1236
7833
17433
16794
11161
9669
15380
232
14325
3321
1257
4495
9201
12269
14900
7808
3425
6688
8165
110
11948
17919
19487
4436
1481
5549
19918
20000
7428
17407
9093
5989
6341
17319
4314
5800
856
18038
8112
5241
2149
5009
16466
5001
17911
13261
606
4541
15995
16570
6863
7858
9832
7194
14089
4554
5007
18949
11456
17685
14210
16922
15657
9221
17991
16935
199
13375
2823
10835
7177
15822
956
3760
9480
5639
10214
19596
1329
7495
514
11105
9573
15758
10093
14406
5333
13059
9216
1717
3647
11560
1439
2052
10233
10733
8785
9363
4819
4293
12300
19109
14282
2352
10958
2552
16146
16547
14435
19554
17884
10838
12881
5290
3798
6924
16215
2689
19957
14701
1527
2820
13224
13744
19867
9390
14451
3136
5277
14793
12070
10236
9487
17346
466
18427
4287
15093
4139
4674
2004
10553
6514
10700
1769
680
14391
8506
6453
7663
8499
1516
10594
19325
5642
13853
13346
17812
16620
16654
19879
2963
15728
17565
10454
16600
12211
4901
16615
18925
12165
19319
16357
7027
17638
11952
16596
13377
9596
11850
19355
15238
7889
4095
17632
19193
3801
7514
14680
3742
15735
17602
19218
19068
1002
13444
2098
15207
1648
19095
3608
17824
16496
18509
2464
8931
13764
2059
14993
460
3996
5243
16280
9129
17806
18068
18195
11042
17296
10815
11992
14382
6486
11385
17479
14234
14540
3005
15655
4007
12009
1534
17804
1938
10895
14556
8366
331
1379
13265
3554
3297
13779
14127
7332
17245
14102
10886
12775
16268
12089
7829
15070
1470
7937
13563
3906
19420
16435
10823
8875
8132
16076
10902
3318
19568
14533
10653
1592
19728
19698
6872
6959
5559
12460
13159
7295
13204
18861
9313
12052
17764
11965
6907
19466
6791
9782
17839
19268
1808
5969
5150
17182
6596
16772
1208
18604
13748
3907
10340
5512
17434
8873
5247
13885
7347
13469
17746
15455
15264
16019
4982
15344
2606
7186
2756
18404
16160
769
6530
11694
470
6041
14563
1669
13734
14550
15589
10654
3800
4629
7407
15630
5375
6429
8477
7718
7364
14765
7367
11882
12342
1211
4994
13728
4416
12964
16039
19015
15345
1434
16505
18851
11278
13565
11035
6339
1051
13479
10175
3496
6643
11302
1427
8795
6512
1775
12202
15917
5252
16306
5790
718
7982
14321
19585
19107
13334
6929
6303
10391
8826
8363
13229
19704
2188
359
457
14946
13180
10648
6773
19657
15877
8682
13685
19376
18239
703
11782
2570
9408
13354
13274
9269
10035
6225
13151
6193
19811
17690
13503
6220
11606
10639
12626
11114
11113
8899
18336
1540
3415
4610
4685
13835
9468
11831
6375
17441
15348
4919
5672
9939
7120
2182
10954
10591
1531
4482
15255
4669
9597
10960
2129
11262
11522
13095
5575
11340
2415
17393
12588
14862
8633
19320
10827
1025
7556
17398
11904
10073
8435
11958
5231
18127
1318
16136
13640
11944
17862
7681
8885
14564
344
8671
17445
8124
15616
14439
4214
5494
15696
18846
19669
9273
2725
12099
14180
12809
19877
19150
5468
14916
6343
2261
13792
1696
594
1408
1574
10118
14842
1763
16698
5866
3655
17895
5940
4673
498
7847
19799
10015
4614
241
4469
4198
14109
3345
18201
10542
11287
16520
3786
6084
19536
2161
1852
5304
15388
4804
12481
16855
8995
3774
4601
17939
13363
17969
2514
5975
6802
5181
1999
4003
2809
8298
9357
3918
16290
9083
13876
14514
5066
12841
6322
16143
2023
4036
14222
18186
6437
523
6133
9097
19570
8882
10278
14935
2638
7497
2268
12779
1650
19362
16744
10445
19507
17855
11541
13873
1695
7119
13879
18356
11112
15090
7804
17503
7539
1077
16022
547
14836
14458
9622
2017
5072
15137
6150
14294
16587
6391
15523
14892
4326
9401
4618
4404
8928
6932
10422
14287
18553
11567
921
3591
5114
15575
14527
8485
9207
7111
18782
19837
3453
10080
2695
13010
3767
14898
12578
6195
18544
1757
19233
9828
1777
152
13102
14309
19917
16894
17097
16541
15560
3925
11336
12537
14925
3932
5498
14371
10305
6819
15096
19843
17041
9716
15982
5251
6468
17387
2626
17458
597
5015
17408
10459
7949
3440
2644
11174
2811
17426
7028
11858
14049
15909
75
3164
6954
16628
18354
18236
8391
17263
9497
18582
8818
11186
9611
18177
7040
5234
5955
16720
6206
18412
10738
748
9580
11934
19293
5286
13272
5645
3085
18583
9840
15181
3102
11717
11612
16315
2631
3779
9051
15841
5778
18440
2714
989
10695
2687
13842
17315
5839
4575
15528
12434
17648
862
3125
8678
15784
7363
8330
13845
15003
12079
1972
1157
7102
4727
18713
1515
6171
10213
6278
16627
4388
19380
11799
87
3012
17170
11267
12708
16058
9983
217
11413
6383
15397
10182
13662
471
1053
19401
16459
3323
7552
5552
16391
11841
18531
15118
2930
14734
15517
15440
8314
8189
16985
6591
9045
976
81
10940
889
804
12902
11459
7563
3989
4288
5351
143
6374
11406
519
5610
18588
9248
18877
1021
12004
16121
2011
14220
1491
493
18907
4200
12034
12496
6297
770
15186
2180
17452
14541
16784
15222
3058
16951
6824
7505
18714
1105
14597
4641
18421
2564
5599
15119
7151
287
16526
15382
10283
1529
11360
7229
9132
3342
11837
4729
11668
6543
12178
8865
4712
7434
13170
3439
3537
8748
12083
2143
14330
15701
16769
6696
1782
5029
11811
2451
438
18208
3944
805
16070
18923
15790
1360
17005
6998
5296
11249
16890
13915
16468
5024
16866
16672
1935
2133
6654
7677
1407
3163
2369
13149
4292
16402
15607
7882
10480
5134
14884
5105
17463
18952
9516
19144
9504
10778
14041
12110
17721
8732
1955
19573
13380
7211
12529
277
9415
9453
16838
5486
19116
17328
6044
2110
11712
18591
14779
12825
18419
4295
15923
12292
17785
11369
19042
9307
2103
17979
11251
14043
2335
8369
9230
2859
3535
12926
19305
6877
3969
6938
6415
9231
1663
11351
9039
18212
18540
1084
9299
1285
12787
18429
19634
9329
12308
4812
6286
8595
5506
8392
11190
1936
9834
12992
7871
207
18407
15603
10840
10644
12371
2710
12176
5466
10173
4302
5612
16656
7493
2575
14624
17861
11218
2700
13218
12404
11318
14021
2731
19025
14644
14265
15556
8368
8702
4113
4303
7319
6705
18850
6854
419
9610
14972
2282
16583
18425
2019
1807
5399
464
18719
10636
5850
18986
16640
19769
10746
7653
12977
12954
8152
17440
10544
12341
5618
19333
15555
2799
4723
18518
13015
14375
2636
11281
4083
10856
5398
1204
11581
16205
6327
9886
15356
17252
15063
9298
15651
7684
11226
15744
15173
7905
14168
13316
7210
9094
4301
691
13850
12417
10282
15339
19527
13520
555
9370
16791
12333
4464
779
19129
18033
10812
10097
19421
17595
16057
15905
14588
5233
7780
1327
12770
19311
14380
9322
6035
12220
14879
14205
3289
11838
1824
176
12693
7426
3302
14650
13164
12905
11919
16580
112
13275
3069
919
16728
5208
12078
13285
8046
1703
12868
5617
19501
3330
4607
12688
15907
10952
19460
12305
13944
17964
13970
1484
5103
9621
11356
13643
8331
12386
1974
14235
16917
18159
7565
14133
8861
19467
16221
11548
3698
8843
14018
4281
5723
8301
8592
9614
1403
11676
11780
3258
12382
7537
6611
10403
18
4175
5560
3887
12619
6059
13475
4345
15688
8906
13309
322
11595
17478
7753
14204
6961
6161
3926
3073
15110
3562
13144
2541
13531
4880
15709
6746
15434
7170
12111
7835
6319
6474
2402
12263
4203
16669
6180
5859
6577
19229
18245
19296
9794
16808
8897
2111
1718
5810
19649
3337
18571
458
18146
16636
11343
18452
11221
19653
16766
13037
11198
11150
19885
8309
10456
1858
2007
4123
3183
5747
15940
2122
16975
2429
2679
13677
18269
18059
12765
18206
13624
13536
760
9581
10280
19577
20020
18843
3201
10656
4878
15748
11575
6944
16238
8508
14719
5950
16892
11957
6823
3626
10882
11646
1383
15726
10939
6199
2931
19160
1323
3782
6117
1941
14208
12675
14419
16227
18616
11199
16991
19038
18629
14816
19482
16241
3218
15920
8304
6099
13166
5209
8287
7655
16115
19495
12551
16210
2075
3133
17006
11789
18984
13335
19243
5429
14880
10368
17843
17765
15535
3734
6366
11640
4980
19269
8726
5435
8717
13629
9613
19360
15336
17670
14024
7420
4476
11060
13982
17606
15162
15506
494
11260
19631
14814
7850
16335
4593
7503
11430
9606
10088
728
10476
19113
3464
6477
5382
1809
16776
1547
10790
10617
12850
1325
13828
13647
12721
19889
13120
7924
17557
8669
12191
10857
8554
13578
2145
17702
5732
11980
7784
6710
3267
14367
18702
16025
12361
15792
6699
14918
12963
3935
10559
13467
16296
12944
3485
5965
18766
13526
14812
3624
15622
6716
3715
17290
8080
7435
6155
3706
14813
19838
1247
13315
18331
1608
16789
4002
4817
13398
12042
50
4544
12116
1845
6440
3035
15085
17156
8800
4760
2969
13628
4114
11709
2749
13789
11953
3699
8703
8222
19846
5870
19184
7221
15092
2851
12941
19857
19047
2294
14676
7478
4152
16675
13663
11969
19301
1142
10028
17526
19964
11460
10272
19317
11561
15152
14346
8227
19817
13776
2990
10540
10350
13653
15812
15360
5674
11886
8564
8560
2128
15086
13975
4782
18092
10047
17527
10472
1190
4432
6817
328
6722
19244
13249
8396
2953
2625
12945
13716
18088
7277
2981
18280
4171
6159
2277
1395
8191
12219
1686
10771
6715
18390
1381
17795
10561
14273
9877
7601
3311
12344
795
16701
1409
12730
11037
17720
10597
2917
7963
9287
4809
5175
8847
3481
2824
19719
10428
16897
10892
7650
7167
2307
2830
18376
9141
13117
17626
2970
13830
18076
8677
17994
9484
18097
9424
10652
7911
19660
10238
17536
14073
9085
16166
4758
14605
12405
15946
6499
9860
12736
8052
18247
6936
9159
18863
19534
3474
19230
13692
11018
11307
3253
9674
516
11272
7754
7952
3334
13851
16208
15231
17287
2003
7689
5232
16119
2431
1652
2327
4265
4401
11297
5609
7029
7166
17238
68
1217
14240
12402
13116
4067
8264
12071
11057
4424
5390
7305
18244
16242
6116
6568
13055
7037
6673
6260
124
8432
10753
19490
2838
15635
16704
11380
2505
15565
7190
5098
14090
10485
8973
6417
11954
577
17402
14158
7998
18465
2819
3402
14771
9416
3205
478
13364
578
4711
7442
9463
13572
10385
16971
6479
12731
9195
8088
9566
17342
9604
7115
16110
1644
6373
16899
5320
17965
17032
17217
19945
10151
13594
10618
13040
11955
3230
6452
19035
1787
1432
8990
3954
12438
9350
5737
7917
10877
5990
5981
13420
9319
2041
9249
4555
5203
16877
8084
13057
10917
3478
9902
6090
15298
5176
14911
18901
11917
10464
8793
17828
5415
7887
11347
15036
10223
12435
12591
12553
9666
11678
9153
6248
11629
16236
6398
15034
19847
101
105
6625
273
19065
1992
818
6978
15418
16690
486
7021
11670
14044
14824
2903
12755
4080
19848
432
15828
17983
120
12827
1441
1874
1421
15167
19776
10170
9861
14445
2512
9433
13590
10867
9842
2457
17162
1128
7631
14912
11071
11586
11963
7109
17649
6657
14164
7794
1825
2049
4934
15016
12888
4248
16128
12478
3081
4269
5094
7618
18017
6783
17173
8733
42
6523
7069
4957
10737
17497
16968
13684
1391
6506
5538
19633
18483
18446
6778
15582
16389
903
18689
2317
8823
7056
17492
6083
808
17288
13844
14887
7978
17394
15631
3500
15566
1792
12311
11918
1203
15634
17333
6754
1788
15991
1932
15931
10179
5106
99
6671
17957
17533
9787
8210
8831
4533
16409
13121
15687
3465
8436
15239
12367
10222
7269
11155
14054
3840
11065
13441
7605
11769
15736
4073
3620
19555
2498
10513
5062
16239
7542
12233
2303
7805
4609
14512
10571
14216
13898
11074
1459
13100
16969
9193
12628
735
4322
12335
4598
16830
12254
546
1545
4260
10661
2443
5377
14009
15587
14747
19101
16487
15942
9396
16183
17397
3266
9447
18249
4836
2409
9331
7329
2532
421
1895
17534
11401
12559
3502
12652
16635
18079
1570
12161
4959
20013
1475
9673
18546
5677
9907
3867
1733
15316
15599
9291
10658
3332
10574
5516
14621
2983
15746
12567
5978
5455
14770
3794
2088
7081
10320
5722
2177
14218
14329
19223
13384
14143
15209
4661
11909
17547
9869
4595
76
8004
6862
10335
11835
15848
15022
7839
2659
15620
8754
1253
4677
3189
18641
12212
16880
14543
406
6369
16926
418
13417
14688
1544
4680
18130
12108
18455
12949
2883
6080
10915
3672
17820
2476
3837
4624
6360
19500
13644
8353
777
11368
9066
17863
2167
19307
2158
11207
1881
10985
246
1606
8872
8952
9589
12918
6049
9084
13759
8380
18926
692
5197
17253
11111
2551
2121
16074
2785
5630
9134
7603
15593
15341
18565
4108
1370
5271
18937
1864
13208
10269
4340
3068
5018
13936
7555
11339
630
5598
6329
17243
18310
18132
8000
15457
14138
13595
3631
6569
7740
11552
4704
10777
5554
82
12085
14988
15805
6939
11277
4437
2491
11632
13004
5146
19684
6626
16007
11669
4207
7112
13138
12589
1135
6455
4543
1375
13760
13242
5874
16746
14687
15811
9721
1237
11710
4688
2766
7100
18058
12360
618
9321
19014
9208
10384
18504
13755
1599
4805
2084
2241
6361
17712
1200
10061
2270
10457
1417
3370
14518
15889
9204
1873
17132
8739
19587
14557
3283
10194
7432
10142
6794
6693
5151
9728
5214
15912
2677
317
8855
15694
929
2621
2667
9631
8619
8468
7185
10491
17107
14111
18775
16577
5887
8676
19679
14300
7947
2918
4682
2018
374
16001
2283
19528
14195
19676
1582
7568
11229
2927
16695
5851
5653
13703
17406
14203
6182
6860
4308
16476
3027
14515
12376
6801
3618
3546
5895
1458
13093
14087
6920
2333
1455
14592
19173
7116
13162
18956
3316
15295
8056
6621
12148
11047
16432
12456
15665
12159
14956
7580
15658
5920
2306
8486
5877
659
14787
3613
7033
14521
8969
11117
447
3545
11771
10850
14929
11500
2263
619
9296
13761
13978
4798
7713
19777
189
17998
13790
5027
2529
3060
11050
1165
19716
7160
12664
19782
15486
12893
15142
3274
8680
8194
12466
18677
5101
398
16261
12571
13613
9527
10392
5525
3121
5412
9968
10102
4981
8707
10380
8602
2835
18875
7223
6570
18304
840
5475
7097
4027
9282
8714
12633
18965
12776
2818
15985
4883
10440
1832
10347
18322
18755
11696
8426
13604
5022
4463
2155
19006
20017
6800
7598
3922
18089
2366
4937
11857
6454
12766
940
3416
949
16559
19665
14968
4370
6263
15723
16337
1469
9934
1234
8525
9640
9317
15899
16597
12160
10407
17499
16508
16774
5206
17869
153
13405
18983
9214
9259
417
4450
13485
11700
227
2736
13386
15097
1328
6762
7350
16161
17461
1486
7861
12134
16041
11491
6993
9266
13198
15574
3917
12491
6190
16800
13833
17977
15513
11609
8453
3400
2890
12958
1539
7710
7068
5602
8510
10709
6450
11027
1095
14693
7313
16524
17147
15761
17023
10483
10795
9909
6797
2646
360
9543
1272
4103
5997
18536
19767
18098
6416
12149
3346
14327
4987
17923
6245
11103
14640
8294
18828
15498
5956
1221
18980
11394
10764
13899
427
5006
16314
515
17277
17317
18323
17047
18329
9660
7782
7781
16134
4224
12595
8018
4488
5634
1268
19746
14085
13794
1691
824
5360
3513
14268
488
18121
4262
6013
2486
5254
12810
7318
9592
9178
11268
8284
12227
10798
16472
18213
18813
6845
11697
3368
7746
4256
16049
11610
15568
8239
18435
8071
3633
8105
18224
1492
10152
3557
18118
9449
13494
8178
4428
17285
15891
3116
12260
16192
15
5960
8482
16585
10983
9774
8708
19778
289
754
17030
7658
1045
2561
7934
16950
16174
15236
13867
11440
3536
11951
4523
920
13533
9755
4902
2658
13132
10119
2540
13893
966
4131
10623
17164
3245
13222
2450
6495
17197
7334
14678
2053
12745
13287
18401
2460
18003
17244
3193
17385
14293
8276
9205
17575
13079
11707
11613
15442
7873
935
1990
19593
6324
3426
5783
12717
6962
3367
8090
15364
1668
3664
11924
4623
6603
806
17909
9036
6421
2781
17160
4991
18809
11398
12174
1712
11219
8857
16514
15543
1313
5558
18036
7626
11415
17976
5756
14411
10162
129
6533
13127
17510
10990
13101
16187
16171
5211
10848
4649
12897
1143
9147
2079
10536
1828
12377
3828
17870
5078
12793
19165
5697
14167
2616
7876
13499
18424
9304
15346
18450
16828
5541
8493
16878
7466
1662
7394
15702
11216
16817
6031
15559
16189
11899
44
12177
15953
4449
9238
13438
17966
11757
19642
6711
14390
6052
16381
10509
9077
6004
5010
15605
8778
138
17789
8226
3811
5227
11167
19290
1862
3305
18481
10253
9633
2470
52
12562
18622
7815
17645
12143
3499
3360
15377
7048
7987
17413
345
15428
19542
8828
7749
11889
6535
19474
7174
3846
8640
18367
9237
10948
15032
4676
19061
7489
9128
7199
2295
2511
9745
14686
11607
17740
5647
15843
1304
8646
5503
18108
6368
4325
19484
10228
534
16094
19196
14012
18205
18892
2587
14420
15609
12455
2187
5115
6852
11
3277
18077
3959
561
13436
12327
12908
6910
2127
15643
6394
2137
222
2648
6681
10816
16492
4591
7460
10186
19174
14599
7387
12849
18458
11189
7446
4162
12771
19330
19465
9612
3881
6886
36
4084
2922
2567
9335
9510
18663
8417
8603
5931
3373
2247
9718
1751
2239
3472
3462
4722
5721
10626
13267
18743
18579
15722
3833
17057
16913
18550
17587
15196
16824
14383
17167
8558
2260
9194
9315
13568
2314
212
3178
9234
15435
5008
10211
8281
139
11355
10371
18625
17665
4573
14653
791
1595
3308
12903
14568
2174
11321
2613
12739
18959
1789
19552
13552
5758
16702
19417
5297
17109
5896
942
1242
6476
14394
7779
14389
10803
16622
12916
11774
16685
15056
12654
4394
2252
4387
5215
14063
15194
17412
1112
2106
9563
5720
6851
17786
18238
12013
15733
2797
6393
19228
861
10031
19590
16843
2630
9170
18876
6634
17530
18144
12375
9478
10025
6164
14013
15834
14998
11932
7657
8311
5513
5228
8005
17080
3366
11471
14876
19818
9242
3744
934
4743
12660
17198
17026
18869
11354
17430
5926
1297
19584
7490
3492
4615
13957
13114
16416
5734
6931
17291
3997
8729
13922
10370
6782
12701
7117
18893
5384
11929
4849
12862
19891
3399
15243
16647
4177
7386
10244
14385
10782
513
9425
14130
13099
12112
18910
12276
4421
4117
16079
3259
19788
1275
19992
6713
12325
13360
11699
18129
19873
4318
15539
18363
4390
12612
8358
2846
10489
19076
8666
11290
2219
18889
12031
968
12757
18291
2016
19092
5250
1993
2189
4938
12279
10957
5457
12053
17513
12643
8362
11796
7823
10864
8737
5762
9558
835
6833
7406
12541
11412
10048
15778
16006
15361
8629
7449
12145
8712
15791
13463
1814
2316
6265
15071
10770
518
13331
15226
422
5168
16931
15594
15821
17986
15511
15810
6069
9232
14437
8854
13141
8751
1405
7431
14276
10792
5641
12278
17719
16725
13548
4498
11171
19828
15916
11379
15488
14921
5418
19969
19645
702
18563
72
16865
12996
15844
7383
17201
10880
9992
6186
3486
1148
4763
18737
1047
8816
17529
3066
3295
13849
6279
9530
8956
7775
13829
5576
9583
5485
8774
17744
14928
2634
7896
154
4179
19902
3696
16561
19108
7487
379
1368
14236
16588
867
15538
10187
9185
13066
6901
16173
1066
14291
11139
16294
13887
5224
9385
12768
15737
7421
16820
1779
13416
6042
14932
19053
14171
18142
10226
15368
8750
19629
3020
17432
19545
3522
18287
12259
17705
9564
1141
3980
9993
19872
5868
11807
2301
19185
3544
7127
1934
1635
3714
2880
3032
13648
10005
7357
10190
11095
15774
898
6912
7543
17724
784
12126
7843
17012
2455
6897
871
8526
10567
6203
6767
4143
19883
1496
13670
13428
5798
1465
7124
15221
16652
1627
4790
18712
7011
7291
19352
10911
17990
19562
9324
13717
19283
7592
12026
5490
8948
11492
3395
15990
12000
6968
228
8068
16815
15362
1322
18707
16356
6925
15149
6641
17044
18397
9947
17859
3955
19077
10389
3135
6856
14805
19921
6531
3548
10919
15888
6066
6302
1088
1926
15666
17641
3717
5338
8437
16131
4996
18577
4891
5844
13516
9717
11152
12451
7197
3348
4848
8684
16071
167
11547
16497
7812
64
18761
9171
7280
2771
459
18731
8844
13507
5535
15203
18969
8474
435
6036
4156
17312
3595
6986
14363
11585
3231
672
6873
19195
12120
8277
10193
4165
7284
18051
2765
1167
4640
1008
6446
637
13950
4626
12811
17116
18920
11345
19422
17168
2844
14019
15648
13239
18265
2483
19143
18535
4247
14891
10791
14970
18337
12740
15026
19982
3658
6880
10105
11817
17913
15903
10872
14163
4335
14438
17793
12703
7246
14642
2378
4375
15241
13129
4660
3863
1353
12987
1784
2345
15938
8530
16845
16783
6500
11115
3815
8268
13917
15859
13344
7302
1735
6404
4559
7169
802
17988
6878
8964
7927
17079
13255
18343
9759
1869
17942
13172
9976
10089
12990
6376
2647
14452
4094
14305
17415
16771
19343
1750
1050
17973
6381
18560
12232
10110
16852
8066
4389
12035
4744
1790
11076
7345
4522
13342
7816
16997
15767
12505
3045
3155
1517
13495
18529
18288
7263
19209
327
18912
4811
12436
18872
2554
9081
5580
5153
17439
7306
7198
14965
19475
5045
1949
9751
4153
6198
9605
3393
15562
14153
3725
10022
1042
148
8742
3679
18420
9579
19194
9554
234
8598
12889
6365
2056
18788
12968
2108
5069
5957
12605
12617
12477
10026
2509
18070
3034
6857
18621
12865
400
8636
2694
5636
17035
1581
16595
11389
16955
8104
7600
2548
908
3967
2020
16687
19246
6662
19470
14974
7738
10499
10076
15711
4092
14951
10735
16530
16207
1288
1125
11138
12531
9020
481
17292
17953
3686
11193
17142
1626
18326
19480
4851
15337
15150
10587
17135
969
1468
16318
6731
17502
4042
19779
13781
882
186
13645
1951
2175
10132
967
5728
1762
17205
13956
10044
4011
5092
2212
10913
5928
14542
15335
12468
150
8038
7327
5113
3755
16928
1740
4010
73
4954
16145
16871
5488
7370
14995
13793
528
5437
13450
19428
17389
14121
14886
10225
6336
1171
11608
3152
17741
18620
8011
15862
5161
16962
9908
6111
4906
3420
7365
8904
17490
2696
9023
10329
19741
11527
6091
3622
17234
13513
11551
3623
8230
18763
8690
19924
12421
9297
603
8944
19931
17959
17504
13178
4276
708
1797
12283
9250
7902
16307
783
13480
9713
16552
11130
3743
3279
8591
2538
18894
16336
1707
17752
7016
624
18786
3292
3550
6120
3161
9865
5703
2733
3984
18087
8
16012
16316
3487
10114
3127
9825
2888
10136
10494
13813
10257
4376
19096
14830
9179
7587
5198
4752
16641
1736
11465
8860
17975
279
10944
11832
2997
7076
9490
11374
17615
14279
14791
5551
14064
9325
5127
12185
18031
15861
19563
8938
16566
11320
19591
7155
12494
7360
17388
19658
753
19606
12180
19429
11058
15973
7792
18721
13571
8896
8571
11364
15662
3056
9598
1146
13103
1554
9206
19281
18394
2770
11206
2353
323
10524
17248
18225
5680
18804
15046
1820
11989
16062
19796
3722
18646
12947
3739
4616
636
1817
12077
13951
5628
1988
3244
3933
6281
15571
19652
4889
17774
8660
12767
10993
7698
14471
7991
230
12101
3919
11441
4973
14536
7311
4999
9280
2394
16292
10310
6251
8479
15591
6275
9696
12860
12661
6620
896
2992
4865
6524
7156
19436
5814
17622
12014
4006
2946
15296
19546
15851
12302
3781
7475
19106
1155
15894
8324
5600
8953
10285
18827
5117
18981
11695
11397
3677
9639
2596
12003
13512
8884
15146
8528
19239
17255
3195
10397
9362
13902
1303
7737
2248
12806
11129
12384
9517
1649
9644
18960
2141
8663
13560
16285
18056
6900
14620
14834
18007
7935
828
3895
15303
4284
12144
12379
18005
14700
18308
5963
3916
15454
6902
17805
1244
4950
13597
12899
13395
14314
6981
9217
858
17324
909
6982
1283
13054
5501
15020
9901
5070
17866
1104
18447
5836
8947
12459
8329
6608
4426
4977
7035
19449
7719
16619
19592
16427
11893
17239
8014
14663
335
11490
3424
2784
6252
18940
1706
8856
12207
15307
18260
2469
3904
837
10302
9723
17707
3572
2501
10701
6548
5667
12692
7686
8343
5744
135
9431
12663
7534
13074
1083
16742
19327
13322
8565
13368
6893
4900
2035
3224
6755
1229
1885
6139
3660
6101
5274
158
11936
10657
617
12657
12907
4576
15012
12761
2199
13674
19086
10950
17063
1431
13131
6315
5648
1732
9454
18665
5397
6372
6898
4838
17471
15005
7502
10693
302
7723
4465
2964
14569
10692
4605
13310
4600
7860
10933
2914
7693
5420
19221
10874
9687
17039
3753
13058
12073
7175
19088
2273
18278
1910
12799
11409
7304
7596
10533
12301
2215
10947
485
8550
7441
9202
6095
15039
472
2063
8183
19518
253
711
2258
7142
17647
1899
14082
11420
10482
9514
1070
3777
10916
8288
1530
13190
7113
19353
1249
10555
17967
13153
6536
17686
426
681
5656
9897
4833
5186
16097
16385
10761
12934
12925
14953
7071
571
19463
13396
8319
3524
7292
2330
3938
6550
3586
4408
16398
10412
2485
12359
17594
1728
12789
4320
14178
17733
1132
8494
8360
1889
4545
6793
653
15248
19287
12365
5794
19636
19858
3632
5976
11788
14304
14636
3642
16081
2581
13094
10806
11644
7962
15902
8612
868
11860
14822
17737
8127
1588
18120
7085
11246
9941
2027
2194
6305
2697
14893
12131
12363
19151
12618
7047
7793
16181
15010
4226
8205
15708
16839
1422
6385
13939
13404
19973
16182
3569
4050
18993
14377
2604
907
10504
7667
6914
6102
1187
10929
18101
13517
1522
12313
2195
5620
19916
2109
3602
8511
2885
11274
16271
10240
3461
9395
15700
19772
382
16024
12624
17572
9731
11005
14654
18065
2870
1532
19406
8647
9899
2637
8021
11856
94
18985
19152
17155
8824
1090
11663
17577
7470
16038
6070
4846
2907
18524
1235
10572
18043
17139
6414
19581
197
1493
19260
12130
3369
848
9209
347
16202
2699
3375
7817
17382
18361
7217
9826
13036
5774
6451
14809
500
4279
16973
18555
15429
4705
17322
18178
17128
15330
7152
13966
7547
14311
2459
5477
17145
18301
14566
482
15273
6158
16831
301
1306
10177
8254
4149
11410
10484
17955
4962
14289
4155
9572
13233
9342
7438
9746
16895
15259
3391
6812
4562
2094
12197
6896
9887
9534
4965
14463
12802
19915
14065
16470
6560
19093
13080
12063
4552
6507
2619
2808
6825
12084
7038
14078
7561
5246
14177
7828
2852
14025
12175
216
5119
15548
16658
8950
1688
19668
1878
12324
15867
11009
10590
10252
11616
6152
14767
5782
5992
19866
142
6200
8218
11329
1521
7973
4461
254
5019
5906
15897
8042
897
1418
14628
15750
17714
9018
4756
1561
12983
2216
5819
16967
14226
2391
13433
6148
19266
18541
14847
10805
9733
18055
19502
5426
4106
12874
7055
16439
6351
13804
740
11827
2433
11222
8040
8092
2602
739
17927
259
187
19357
17134
1802
12051
7230
9479
3905
9679
11847
15105
7938
18196
6561
12928
13321
15315
15887
10219
19008
3776
1914
1618
19558
6269
16563
9306
10797
4433
2453
12722
10894
17161
678
3889
5616
2416
9977
14149
17254
16135
13157
6267
8934
9222
2473
12842
6730
15076
10498
15251
16651
9090
9838
3223
790
16908
17078
13596
16352
1685
10262
15305
12516
18725
16016
3456
3088
16289
14626
8689
19690
2342
6584
14209
7682
14230
4719
1102
4884
3724
19489
19588
12565
7014
6284
2447
8119
14348
15291
15066
6995
12649
5632
15430
8475
11012
12043
13154
15712
3408
14603
16752
6785
11245
5937
8043
9101
2002
5112
7090
1586
15114
4344
10156
13449
17279
4943
7526
613
813
5766
2344
3214
2929
10115
12049
18204
7714
6875
18606
17551
2214
1659
4029
7807
19882
16773
2300
928
587
14484
991
16406
8900
14985
9770
4427
4807
13903
3023
1281
9189
3144
3232
15671
19810
3446
5820
9091
19708
15713
16558
3682
8318
19241
7966
14465
10316
1981
4632
3227
17797
79
1919
18501
15692
16699
8273
18534
7226
16511
14492
5156
5629
5735
3491
12169
15313
6698
13288
15018
13387
14113
14015
19050
4587
7065
12086
14554
12075
12820
17599
1411
9620
6089
17069
15274
10994
12573
12673
3466
3559
13220
2937
2008
7717
16920
7910
9917
16392
2943
8341
5805
13213
11188
8568
17475
13949
1267
18676
19469
13840
8365
9967
437
5182
2764
4163
8403
6810
5417
5291
17098
16319
1271
4492
18000
11641
8086
4767
5921
3953
9302
10998
15835
13001
6173
6040
17370
13318
402
308
6682
17860
13751
1610
9457
1036
7602
15268
4049
9116
17462
12856
5581
1362
14539
12224
3287
16167
14397
11096
6077
15246
16927
549
17157
1298
15350
9706
12803
7020
4547
8744
7853
15184
19085
2150
3964
4442
9311
4806
12462
17811
8241
17512
654
18882
14529
17231
4823
2721
15890
7412
18109
1034
12638
8830
5158
8907
6628
4784
11255
2595
13022
11201
4111
9371
17355
13631
9982
8057
9028
370
12194
18539
14789
4774
11703
19286
13623
3359
11025
7034
4869
14546
13311
5499
19919
17660
7392
16114
1188
19730
3282
19390
12102
2585
2493
3307
12546
364
12723
15048
8320
1260
7168
18670
4739
13391
5934
11950
12519
16407
15952
17374
16531
12129
14408
1837
17165
14125
5225
1519
6396
5802
2479
3455
4063
2083
14108
19295
13096
9108
11812
13676
8177
11738
198
12158
5809
4631
3619
18476
17447
1239
8007
8734
17054
11446
358
1700
2499
10324
2938
11823
2448
11916
18746
2849
18384
869
12352
5655
6470
16739
14811
17892
17066
19104
15386
10824
15882
8617
9042
9477
13777
14746
8801
8643
19611
14042
1212
4871
11755
6316
15389
12187
1377
11510
8113
15262
2661
67
15415
15351
17077
13168
19878
16848
13301
13818
14638
4831
19773
6668
5430
8763
11895
15399
3638
7136
552
13250
15469
13821
5521
8456
11816
19530
9578
19009
8898
484
7827
2627
3540
15338
2706
17754
13163
5692
15779
9740
16379
3294
9944
12012
16650
276
5222
16643
391
7507
9848
12231
4267
16645
6667
12422
1997
7918
14888
10399
2882
19340
14534
7501
14405
14322
9455
19224
1722
1786
14364
2698
9072
8615
13745
16046
6765
1778
16376
11466
1295
18453
8523
14611
5915
2462
16616
288
5586
6325
5730
11935
7627
14571
9824
1636
5404
1677
5264
7390
3831
18820
960
12294
1577
12738
10075
13026
4140
316
3970
16460
10731
7683
13750
4431
1207
13045
4249
6045
16929
14298
10312
19103
16498
8692
6677
4627
17597
8126
7150
2527
18649
450
6129
11008
3880
14815
11087
17817
14031
265
5546
14135
14374
12998
4505
19807
9316
15044
7404
12345
411
7006
10030
3029
10042
11154
10400
14415
17735
4942
1907
16133
5529
704
5307
2209
10036
11926
5726
18478
18026
8082
1818
12018
314
10221
13892
10192
2817
18554
9657
19533
7471
19013
9645
8840
5362
6259
11564
7665
14396
11121
4741
14743
13286
5812
19172
9956
13875
11312
14193
3281
10203
937
19839
1661
10869
16810
14088
5749
9682
3539
1467
19819
8317
3409
19928
11733
13549
7253
12244
38
12383
10
19513
13963
1404
8576
10374
1478
6425
1767
17616
2312
89
7915
11414
8575
18758
11093
19842
13295
15024
13806
10959
3288
12655
9753
10697
8269
5325
7059
667
16448
5143
9409
6719
9354
17310
19234
4888
6504
16786
19543
1225
3471
6170
1513
15714
13527
550
7114
20006
1472
16077
17332
6467
16284
16421
10589
239
10802
17227
9867
11011
10908
3507
5341
2281
1080
3053
916
17204
1413
4524
6776
16240
396
12548
2665
2865
10937
12835
17119
5995
218
10147
10530
2259
7337
18368
1630
14547
13240
1300
15318
18623
8994
18811
7010
12866
18777
8958
8208
3219
4490
1523
2148
3634
16093
11897
2565
5102
12407
3222
18978
3596
8567
13376
3694
8020
12668
12556
2612
18480
18624
3157
5040
11341
19673
12603
4206
17563
2134
5424
8279
6473
614
9555
9810
14096
11900
7589
13505
15427
12988
13191
5686
12155
14800
8745
18752
8661
2045
17666
9817
11664
16634
10819
16727
8274
11650
4227
6598
2956
8286
9811
12023
12533
12444
5716
11747
18008
15134
15786
8258
10851
7410
1844
19097
340
18248
18627
5003
10758
3628
5033
5544
6014
5705
647
746
15873
12323
13625
7770
16228
9452
11185
11464
12171
1116
3795
19547
14331
2435
9436
6680
5392
4384
566
3079
11066
8181
11149
9979
18966
19219
13065
19813
12847
19242
9367
16152
16816
12672
19373
17993
922
19237
6672
12784
2264
10008
16219
17590
5583
2525
19670
4074
3603
10723
14914
10893
4703
10011
19967
5157
2840
19940
5464
10663
14069
1096
16323
2423
6957
1962
3899
1813
15165
14001
8929
8434
5879
12904
9896
1829
3915
17578
11311
7044
15451
1551
16854
6098
1853
3662
17117
6165
4824
8529
17576
4786
8242
4422
12830
13394
15789
17947
10496
6149
3160
15187
17123
11407
15470
3692
14511
18318
17230
8400
8044
14907
15552
18302
7842
10687
17835
1859
5441
13175
18785
15640
5310
7138
18335
7457
11386
1856
13686
3436
10885
9199
6378
9536
4487
2297
16011
8604
1451
8054
822
18849
10288
4770
4864
300
10079
2337
11253
15845
2190
18780
1827
14494
5727
7899
7522
16338
7072
3429
8449
4044
1538
3482
19908
16532
12406
15007
12355
4236
4382
2012
3090
10588
14508
17978
7577
10641
18653
4948
13268
564
4129
573
4731
11107
13787
1709
10176
17907
2309
5505
16147
19509
4033
9890
4481
7575
9002
4038
1344
10560
1168
14243
8186
11285
14450
12125
58
13775
13772
18908
6050
5530
1504
6697
4009
8410
10694
10413
15260
6081
18197
19808
12587
1366
10638
17224
16190
9284
5230
10063
13383
16901
13269
8290
13641
15276
10821
6549
13518
3221
18968
18438
10068
10218
6177
3361
13145
7137
12961
6864
13593
9996
15111
2191
4222
3275
12068
12152
1292
12713
18069
5540
7447
11358
18864
3374
1651
16624
9460
10811
3062
6174
11693
4832
14832
9819
13872
11124
5961
9426
12392
13791
18890
2782
15407
8822
5483
5888
6627
7928
10632
15013
7702
19170
16008
4218
6859
755
13258
2999
6867
5172
3438
17106
8880
12299
17924
8835
7143
2107
13011
3783
1495
10884
761
8067
4187
1449
13227
10268
18927
13016
7279
12097
12401
11233
19954
4351
10810
15177
3017
13782
2762
2171
19683
7265
8675
1865
15720
19615
17327
1894
16235
184
6594
14403
11282
1760
3874
19775
15936
18603
14635
1012
13913
881
5813
6021
17910
13133
4075
10092
8622
12592
11075
9125
6215
5381
13579
857
7783
8299
3729
19082
1646
8216
2939
11617
9691
16203
19164
1118
2444
13238
2403
16677
16494
47
13110
18064
4021
13559
3075
11987
12282
6104
10569
1715
9918
19639
9333
10085
3571
687
10645
554
9742
16438
17661
18303
8458
9473
12198
10511
10669
18928
5116
12390
18696
879
5171
1069
6949
8215
17642
15061
3431
2601
13661
11208
6702
4116
14211
4125
7895
17921
2401
16756
18498
14691
12039
15749
13109
19751
14733
716
7884
19695
14497
11653
10928
19696
15077
313
7736
2506
16450
13858
13174
12815
724
10009
14070
9806
8347
8361
11448
5166
15206
10490
11252
18074
14924
8199
6742
13634
13655
9095
17014
13483
12275
12823
18100
11737
19155
3325
5519
14967
8160
7715
18431
5083
6732
8883
2826
1514
13938
13757
6808
16463
8302
17823
16462
4334
9270
14474
682
10208
19485
6367
1398
13522
792
8089
16819
7632
13107
10865
6544
15495
11557
16293
1631
12520
179
208
17464
6407
17045
8388
13362
5193
7244
13139
807
12646
16124
11888
14146
3728
1590
11776
5952
13738
18434
15503
16345
5993
13356
16043
14368
15074
6306
2388
3772
6246
3701
9963
11403
14702
137
14362
5407
1494
7560
7611
662
5308
830
18772
11974
18819
13367
6240
3864
17509
16233
1929
19521
4560
4291
15860
16521
14708
7954
9656
15553
2896
1400
3153
9323
9111
14188
11469
4277
8115
11999
6179
3291
13397
10757
1321
17380
10675
4109
14034
5056
7885
15531
4915
13431
16087
2803
17687
16055
9955
16502
5542
15659
17326
1953
8589
14656
2995
3534
16942
7564
12290
14535
18477
15466
18315
249
5097
5582
8890
9892
9389
4081
1193
205
5061
9689
12704
19582
600
10826
6342
15120
11481
19122
7399
19471
231
16214
7132
7585
18770
2663
3124
18967
3617
16993
9303
3520
1976
749
3108
4148
5087
13201
10123
9136
1266
939
7062
5387
13487
11269
17087
6487
12195
10898
1986
2131
11081
5032
18184
9931
652
14902
7257
15079
4173
19045
371
17099
10527
2987
18942
8848
17945
7395
90
14395
7811
4654
16283
3313
19010
15732
15310
9734
6759
17745
4215
16253
1286
5479
8583
4119
6539
12852
3192
17816
1301
19392
3516
13839
8047
10910
19364
4378
11175
7088
10067
10554
141
13690
14495
19462
4245
6849
2492
15644
16050
19136
13462
3555
11376
14488
7615
3249
10438
17581
15127
6382
414
17543
13477
17814
18035
14873
16358
11783
1913
13812
16339
16550
5927
5913
18364
6999
9859
19403
12056
15668
6501
19925
1711
12906
16966
15772
6656
13033
4664
8573
4813
10568
11043
1280
18784
15369
3039
7834
15612
9188
17770
13263
17121
8620
1768
713
17908
19253
16723
4468
13234
9981
11454
12217
4840
7092
18728
1536
7338
13062
670
17275
3026
5949
16003
13544
5347
13257
14576
18243
772
16788
14865
12890
5065
18340
8164
5899
13619
15205
16471
19163
13306
12625
19217
9634
7188
1440
9006
12380
16964
19186
9635
16833
19371
17729
1009
9545
10337
13532
13506
11479
10293
7936
16844
1466
16412
7559
19531
8312
1855
4017
8187
11631
13729
3371
5624
17545
12303
12136
1224
9685
604
13350
10307
11566
580
6201
4026
11800
16649
8966
1351
6950
2132
5263
10702
11046
15937
19492
6602
15371
2673
1831
595
18078
11428
7742
15227
16589
609
7485
5693
3333
9127
6761
3818
61
17837
1136
6053
14040
14023
7562
1450
7989
7225
3749
15456
14981
3558
17308
13216
7371
19594
9236
326
16396
4897
7158
18857
3238
19865
14267
13762
13698
13424
14948
10107
18047
18285
12859
15160
12066
19054
14106
18700
8123
3956
8446
11636
2623
9227
14634
8727
5052
8925
14712
18600
7005
14080
15374
7997
9356
13929
14295
1725
6736
14594
12781
16859
3789
13165
1799
5588
4828
18221
16821
18767
14759
15075
7320
3405
3822
11991
18400
5111
3122
4519
18268
3312
15699
11308
5878
20014
10322
9164
11798
2220
7630
17489
8142
19936
912
12648
13816
11792
1804
9243
18716
9469
5781
12898
12114
8723
8157
8375
14086
596
3009
6402
353
3819
6661
7070
10969
5416
8146
1564
5389
296
14882
5974
11383
2076
18194
18592
337
4852
15151
5472
16098
7259
6009
11165
4908
2322
16404
257
16700
7462
2615
17516
14500
13273
4185
8662
8029
2454
12107
9776
18148
13196
7818
16598
18924
17917
7906
13953
17890
2006
1356
9808
18738
4360
3903
16344
4164
19458
2081
8941
10822
18506
8535
19354
10372
9707
15971
1682
2289
10129
10566
9735
15595
7436
1231
4484
1615
9818
7202
17912
4473
5017
1386
8023
14349
2841
19999
6829
7147
2805
17120
17438
13788
18570
15836
12356
5218
19191
15829
117
9542
162
8631
4619
9337
12200
5573
12230
13340
4870
2152
19379
12246
12095
15174
10427
8467
943
5088
16467
19370
7986
17680
6562
2715
815
6354
12186
19348
9434
1038
19607
15502
10859
4028
6163
13193
3741
5108
16473
12413
16936
3132
12783
18330
15641
15287
9546
5220
8807
11451
4367
18473
281
3052
17943
17455
10474
8559
4958
10281
12499
18513
12247
14207
12249
7984
18903
8557
4338
15832
16726
3873
6434
16872
16028
5948
13800
5174
11605
12871
6727
1943
5140
16987
3261
10676
9526
4881
6436
8424
19613
4035
4471
11323
12399
9115
7745
17480
4634
6250
15357
4230
1457
3583
12322
18392
12394
1163
31
14301
10315
6528
14263
14128
12720
16576
12836
3587
14456
11033
13551
4912
6581
6132
2513
11723
16714
12182
19397
7299
1147
759
2298
6187
13652
5180
4188
7679
4001
1345
6460
336
5335
18715
17400
12915
19294
17701
4842
14614
15966
17280
18703
8409
10720
11643
9327
3651
1352
3683
17211
3215
9768
180
3630
13901
6980
17366
4826
19774
2487
1425
6018
11247
14422
123
1773
18013
17716
7276
13711
3752
1803
18082
4647
1027
9680
1156
16286
224
17457
17718
4425
16
4905
18611
8849
5378
15489
80
8767
10157
8881
1179
1385
11324
11123
12575
19049
11040
14490
3036
17703
13118
12715
7595
14923
9110
15734
7036
9637
10794
5801
16373
4467
14819
19346
11751
18307
14370
1160
19033
7215
4918
17409
8143
4202
8385
12931
13808
5414
11232
16377
1897
19814
12878
15537
18199
6227
12105
4887
15524
17654
17815
8253
3256
9997
10145
3449
11313
11736
15366
17801
2233
9562
1720
5273
14782
7985
18532
3762
15204
13993
4816
3194
2816
5985
633
14425
355
15927
7089
17833
13401
4725
6597
18800
8497
4663
12640
18929
1734
14249
13651
14342
7513
7814
12296
2911
17593
19245
1332
4658
3310
5173
3671
12414
8326
12754
19541
3908
11265
16429
11016
3928
13586
3240
10672
1170
2603
6313
389
10557
8886
17897
4572
15387
12777
4689
19557
10229
19020
11591
16083
9387
1613
16322
591
59
14883
3703
3564
12218
4920
6122
8706
3577
18181
19369
9762
19408
2740
3339
17218
13032
3271
4136
14457
19029
9801
16632
19972
11484
9756
9665
13147
10817
17363
13217
5508
11384
18370
5267
1001
775
18552
13072
7748
12528
12515
18355
16960
3968
1276
6992
10475
9929
17090
18105
530
11845
12277
4843
13863
11489
8667
15563
10140
4445
19374
9975
18313
14000
8238
4499
6707
13303
1394
2329
6318
14848
2614
16260
19067
12378
5699
6140
18454
16986
747
8439
15896
4847
5771
14574
4718
17070
19763
1511
19138
13946
18996
6741
12146
17523
12746
3010
7744
12495
4551
1444
17932
17146
18886
3329
19514
9124
10037
6648
9226
17699
3549
15171
6413
12452
14763
12978
17011
3212
111
18922
130
19087
19258
18028
1082
4212
91
3432
10045
2586
7867
6189
12153
19032
15373
19344
5518
9267
16195
10538
3504
10210
17681
8174
814
16613
2858
10220
15420
13955
2783
17671
14412
5964
8541
10406
8614
17842
6605
13786
6296
17112
14839
11140
18371
11996
19430
11458
13408
1316
9922
15869
11874
16216
4612
3913
13235
6257
14200
4019
5977
14344
9104
7851
17914
616
29
6395
18099
7043
1879
3573
19566
15739
10756
9652
1965
3614
10362
18430
15885
14551
10108
11704
18472
17020
13749
14738
3857
6238
17880
14084
18193
6547
3600
480
136
14077
19914
15561
11375
15084
1213
13046
18297
3718
11173
19461
14796
17787
2869
6633
7604
6556
14147
18366
1433
16042
6588
2996
12388
5739
12450
11913
13188
19135
12408
7548
567
17951
2779
16705
15697
13765
2991
14493
11411
19646
771
17159
11702
560
13656
17003
2058
6430
812
9729
262
9212
9888
4514
819
16044
13347
10137
14999
15569
5293
2566
2576
10330
11359
16542
3014
19378
9949
2610
7643
6836
10325
1339
15448
13718
3242
30
17335
17874
19030
6694
11680
13896
3951
4569
2611
5567
1089
738
5825
17212
15107
311
13414
1572
1091
14201
8654
16434
2984
12716
4803
12291
16419
15898
2474
8957
17100
1420
7417
2879
5884
10551
7308
6331
4670
1640
10781
12788
17186
3987
2413
12932
2302
6884
11964
2935
1447
5534
3379
6965
12338
4434
12096
1991
16618
77
8404
16663
5370
11119
10785
19625
14430
2763
5745
17987
4893
7248
6219
10450
13403
5262
12950
970
6119
15450
8954
4946
431
18934
13823
13587
1214
10932
7612
10444
13763
12264
2359
9010
2747
6908
4041
3470
15667
14007
7025
9346
15094
16544
4223
5049
19134
18020
6809
18218
14035
570
4160
16762
3422
18423
15980
8912
13283
6224
19743
11449
15242
14831
14768
8524
8256
12982
11968
6071
10332
4472
8049
7145
17130
413
14723
1033
2010
1390
17033
1184
13455
2043
15271
15820
7976
3110
13457
4275
19146
17460
10166
14369
14288
15765
19770
329
14744
17709
15051
19985
17108
19739
14818
12343
5944
14845
4558
5855
18374
19341
10682
16196
14119
7408
2607
1518
17371
2244
19804
18006
6427
15383
6933
14655
9894
4720
1365
1497
945
17268
892
538
15425
1945
4347
12851
4516
7443
10237
17579
4411
430
9268
6508
13024
3004
19105
14660
15656
2776
15191
3609
6540
14704
11300
15731
6485
3817
7875
12446
9585
10961
9295
9161
9839
15285
5556
19641
9972
13925
15929
2319
17562
4197
9570
14221
8770
12348
12213
4443
18166
17148
4542
11785
1138
202
19483
4557
441
15027
19303
9393
5793
1487
6028
18601
4132
11881
20012
4679
15028
18279
15218
16637
12682
2463
1122
14978
18234
11912
12069
8348
16138
4976
4907
8691
2168
15002
7252
18881
6172
5664
9769
10976
11241
18316
6649
1075
17788
16664
6890
16710
19256
612
11840
6555
2925
12732
11511
16414
16921
14769
19903
8271
18152
9710
1964
4787
19565
3766
16528
18445
16451
2062
11690
9475
736
15546
2709
13753
19627
10989
10448
15512
3117
9664
1714
1961
4061
14345
15755
18134
9445
9960
656
18973
10668
12867
786
2184
11001
12774
17901
9638
16263
5077
16674
19637
5014
8805
7700
17845
8323
12239
608
13712
6518
7264
15961
5200
17997
693
3543
1968
18123
18657
440
6241
293
8749
10862
1359
5219
10841
7216
11463
19659
866
13490
6216
5847
12658
5386
16021
325
19367
7571
11432
18957
5350
2973
19399
7207
14459
16751
2196
467
11775
6232
10486
11039
13891
10573
16719
14510
19505
7294
12581
14315
4381
10747
8488
18617
16266
18029
19598
12583
2629
1966
5226
1793
193
5759
11254
4217
14131
3387
15269
13669
5675
14229
9366
14705
18327
19910
2151
9904
19034
6953
7123
4337
7551
833
1785
17776
13770
17771
14157
2926
17202
15690
10962
15633
15839
10369
4406
13558
12760
3805
1890
12534
7687
13302
6082
18030
16179
15284
5905
10936
17678
7739
2915
19553
13862
12251
12255
10148
11739
6618
4762
1759
16638
13914
6075
1152
4439
6347
1594
4250
2537
3732
13807
15904
9150
5875
17906
14248
13277
13452
8364
5352
793
2618
13888
3606
3320
15322
19452
17633
11674
15479
15629
17000
18351
12543
973
11896
18263
6320
7218
16178
4294
15001
1708
5603
8721
15686
16818
15507
14591
2208
4892
2022
3576
19745
13067
12526
17209
17905
7172
3737
4779
15510
16545
8099
17767
15978
9965
6839
15992
14051
7939
3151
18456
13447
475
8032
2923
16288
17456
13445
7440
14745
15922
18776
15677
410
10360
12597
18167
10418
9600
18009
2989
15029
3975
18633
11023
13952
1680
12561
8722
16938
14332
13212
18214
18428
19444
999
11594
7393
17537
4070
6464
1
1178
11443
15838
12441
15265
19605
12418
14225
16417
14399
2593
7841
409
18373
2795
16246
2331
13798
1263
19388
18900
11706
3804
10868
3043
20011
3156
16185
1294
16244
14806
12790
19280
19128
4412
10443
10426
19439
16867
17717
4941
3087
8307
14643
455
19313
10699
9855
5041
8075
4475
2118
18345
4580
17384
10275
13378
3074
16874
16797
9184
16884
16424
13600
3780
17500
14922
2126
5631
11873
8202
6113
14026
14927
16574
8724
13251
15091
14386
13305
12297
15135
2021
19849
9169
100
