13596
2918
19979
3588
6233
9710
2586
8501
5612
19077
9036
15294
379
2434
17358
19670
6157
980
6990
5175
2081
2702
5378
56
16101
16822
1948
3967
2612
18905
14019
12944
13167
16414
500
16489
19488
16762
4736
8506
10569
810
13922
3253
10451
7635
11236
14366
6803
18626
719
5988
9981
11132
5369
7435
13686
7762
274
11064
187
3929
3755
4417
15486
2054
12777
15790
3263
247
5118
8394
20127
7225
14612
19492
7107
1759
14182
2400
13406
15532
10353
3398
2817
12461
15753
14988
1708
3329
17589
4044
1500
19279
12858
7376
2423
7181
1890
3217
4582
12078
13043
1949
12559
7379
6973
18625
12755
365
6831
11557
10868
9144
19978
3622
4583
10795
4183
2939
12170
14052
20057
20053
9624
13646
20052
7448
15719
12284
7363
11892
9662
4982
4279
14037
146
5104
10595
17890
6611
17285
20202
5703
19410
8314
1816
15282
10335
18717
3670
16710
14282
15984
136
9162
4860
10895
18929
14794
920
14465
9849
15248
6846
3436
16410
2603
13966
6782
8532
13064
18634
3310
15283
9059
20132
5022
18149
18435
4304
17987
8316
16786
13235
10953
16778
14027
6933
1810
19498
17377
10220
8776
3286
11834
11491
5693
902
732
5757
8059
5344
1849
16185
17209
17559
2970
4074
16513
17428
9905
16464
1395
6928
18691
2078
15339
15091
18378
16690
3232
3440
8494
17647
10277
17910
5793
5982
17466
18568
11527
9841
6036
17791
9344
423
3991
3010
2945
1283
16461
19684
5407
11638
3939
10949
11423
1007
1017
17938
4290
2013
8244
6509
13733
14919
13549
16989
11197
7791
14394
7266
1496
4670
13037
17550
14606
14406
10714
12320
3258
15066
1164
1677
9406
13041
4660
231
14162
5447
3011
1955
17665
17661
14969
8
19857
8017
7213
15825
13220
4641
12682
5774
18802
4364
7179
3671
17256
12103
17381
16411
14802
19736
14862
1083
2416
6319
18481
1663
16320
12463
7807
18046
11525
2587
8592
18622
17545
20066
19445
11726
6525
15396
5303
16476
14946
7842
1854
6740
2177
17024
16195
16487
8912
8984
13664
6936
10591
3682
12375
9683
14830
8136
1039
3677
16564
14189
5765
12577
7456
10620
9018
16496
212
7846
13450
16292
4719
4887
7142
1366
14069
2089
11655
16358
5856
17087
17510
10480
14832
11333
10174
10910
4001
14728
9141
3145
10463
17310
11294
9598
9924
12764
4430
10337
19974
19742
5804
14041
3334
308
10536
4678
6648
14780
12359
14315
8344
9361
18219
646
11193
7462
7106
3973
7938
8507
1917
7518
18272
18959
10385
1446
2924
18277
16681
7248
10118
8094
9720
4835
6121
4805
1864
8178
11379
14305
3366
15467
6009
1760
11445
828
9228
1098
4178
9964
15613
5095
1109
18244
16434
5124
16151
10228
9804
12169
11851
8732
10779
17697
1323
13822
15052
16357
6923
8451
20084
18871
10091
13680
9656
8513
4788
18188
476
16508
6542
4538
18721
2389
19777
14887
17596
3046
20010
12766
11071
4182
18932
2792
6646
14782
2613
2878
8430
12035
19194
2242
20044
11271
17329
17781
3585
2350
11959
12890
7810
10227
15968
16094
6045
14368
17041
14447
760
8194
3865
3814
12418
12311
14745
8146
13552
3121
10206
14071
3750
2063
6086
12581
6950
8413
3697
5081
6175
6701
7197
17248
7386
2464
16919
2353
15003
9309
16277
6343
7512
9419
560
8577
12160
9611
8429
9946
19126
5563
18799
11597
19710
1182
17476
6797
19223
12408
4814
1423
5192
9317
8353
4164
7381
4501
8221
19484
5939
10032
3487
19173
11488
18881
13607
17842
2074
13665
1860
6490
13529
11735
12074
17984
12306
18353
19560
10081
1553
1197
12280
3740
11679
18819
18852
16052
17206
4534
12792
7640
15038
18633
15859
2137
15440
2816
4631
7772
12437
8517
2158
11548
11338
7768
4353
17109
14307
15509
12008
8039
13417
11072
10371
11231
7440
6274
15592
1411
16960
2457
5352
5468
416
17352
12565
6378
13985
10352
12405
17574
10809
11190
3560
10964
9934
4513
2860
16899
11134
3653
5315
14592
8495
8623
8590
13085
18305
14505
16667
3227
11964
8088
15177
2502
13491
8763
5443
13378
4951
325
4269
5196
11760
5245
8856
14206
452
19836
4071
8582
1378
6856
7241
4223
16302
16114
13298
13236
6576
4717
5448
2156
5323
1396
16294
1177
3061
5404
6547
9122
14439
12098
17577
19273
10618
8943
11670
17724
16243
2141
18506
3869
5080
8961
16706
16585
11803
4076
192
16947
12245
5544
19740
17874
18014
2493
17995
18214
3781
16730
2694
792
3523
191
6930
9845
9514
3637
1299
17236
19407
16992
11122
14138
2757
3446
18487
11169
16000
6917
20192
17959
19062
12570
19895
661
8615
19787
13581
6514
12410
18287
13304
18019
18925
825
11939
7979
18369
13124
13669
9583
14177
18856
7665
13184
658
6863
2895
9688
13475
2982
16415
16443
11897
4348
1255
4315
1566
17611
16068
11958
16036
2369
2584
18649
2828
11346
3550
8215
1510
8676
697
1508
4149
2062
1082
7913
16704
3923
17056
13838
6495
9974
11321
19676
12503
2084
14564
12030
12562
9628
14836
19546
11196
16619
18292
5053
9600
7382
900
19752
17727
4495
8680
2708
17765
7925
15547
17732
15422
2420
9810
13575
14570
13563
15078
10190
12808
8749
3657
9988
4041
13132
12387
668
5010
16646
14432
14837
19185
19627
1626
8408
8332
974
14566
134
3542
11314
9829
1335
12988
16838
10305
4767
10503
65
9674
4981
18785
18279
15479
1686
10649
4412
16665
2314
18883
4815
12002
15723
15743
13466
8454
15645
2904
8944
1247
945
9614
1958
13453
17304
17876
6230
1841
12309
13668
11377
19855
16309
16944
1979
17133
17188
8222
598
9179
6376
12803
18650
10301
11513
11672
18536
17672
1358
9016
8007
1990
12969
4547
6746
5584
20024
763
7239
4204
7764
16105
11896
14618
7770
7039
10313
667
4596
5068
9563
6703
12151
13748
13981
13812
9222
4391
1521
7432
16049
15385
5959
13104
10914
1577
1124
18390
3084
16387
3052
6188
6391
2037
15588
18552
8622
15912
16393
1800
19552
9585
17594
351
11976
7030
10187
6229
15882
10997
9294
9388
9904
4126
20094
6022
14358
3584
12874
1616
16249
9842
15329
4721
11088
16138
914
1266
19277
7247
830
6329
5519
13517
18857
15514
11550
8915
9755
14736
10076
2307
14905
19651
16065
10041
3419
15860
8524
3053
18685
72
14574
4117
188
4420
13820
9291
12553
14437
5766
4806
8303
3721
355
13754
9718
9572
16265
15851
3766
17361
280
18383
8484
10088
8647
14252
17557
11842
5359
5836
10807
3897
4023
5557
1494
16945
18485
17497
12589
2148
10765
1406
686
2906
14749
229
11443
6606
16383
16033
764
17991
5408
4604
2278
11951
11650
16894
18955
3095
6721
6653
17759
17093
6975
13499
19150
9769
17669
15123
10354
2241
9332
19712
5506
14805
2954
10691
7526
10484
17623
252
13485
7047
10308
4284
14183
4811
12681
6630
19248
17713
19125
19679
3726
7736
8207
13553
4482
11826
19490
17253
14708
8849
1310
4957
4515
19880
19471
3510
6486
9076
18981
18701
16422
3609
12603
8574
17407
18597
2111
1619
14283
1503
1601
11845
1062
8242
6190
12531
2596
16814
18920
12031
6510
19064
5841
9300
1975
11857
3139
6205
19870
10261
4662
11375
7509
6033
25
12400
18060
9917
14272
4945
14375
7792
7467
19904
2301
11566
9468
2706
19430
3195
13937
12583
15466
6910
1658
3361
8340
16062
8585
5935
18408
16816
17107
18373
1246
4993
5470
19227
13218
11630
9260
7882
5511
13837
1075
4441
6538
15741
14116
14929
5632
14473
8272
9907
9165
10946
1652
5729
6220
10342
7751
1910
10860
2563
7449
18363
14328
15810
10688
15999
15040
18471
18635
988
6396
5133
19294
15685
15845
18249
13388
16030
727
2209
16187
7537
4508
957
14201
19633
820
255
19955
10460
5440
754
17845
14854
9719
6587
3368
15998
18806
19213
10801
16765
19927
8173
19028
15754
9756
4926
5780
5554
344
12027
5684
2477
1234
14747
16454
9629
746
9790
11711
6131
1786
12859
11688
10399
13873
18869
3634
8966
8320
18257
7132
19115
3997
4655
12395
10548
14410
352
18818
16537
9698
8904
4649
12819
12786
11013
961
19073
1546
6519
8233
14388
15910
8505
7668
4931
8772
10355
13016
9916
9188
9817
3778
5538
4449
15899
13846
5672
8695
7223
14572
18603
4988
12914
11687
20154
13433
17728
2498
1511
12835
18977
6947
8409
7613
14651
8016
9268
5807
17152
2271
13323
6227
7058
19891
10070
6143
17155
5669
7679
8263
17165
7415
15099
7661
11050
8423
16157
878
4051
5854
9149
18270
19198
7614
7898
7146
1438
2262
10845
17355
12187
1721
2067
15076
19653
10648
11146
3915
3068
1483
1720
7604
2690
18678
17033
4399
2040
12346
9060
3554
7586
7350
18787
12635
15263
16478
201
18258
6212
19830
6572
14220
17375
8706
14457
14753
12642
19842
4847
13509
3289
14517
8269
944
16351
1422
17454
14359
7361
6390
6246
16621
2952
11299
5494
8479
14238
6162
8888
19243
10641
14878
2017
17367
6049
4704
14930
9675
12724
18047
19606
3187
15389
13140
19389
4160
4408
19789
7600
16057
5313
17422
8341
19255
22
15727
1490
10938
14538
4447
834
16345
16587
1526
9602
2752
19370
6759
10556
18030
17402
6513
10811
18468
18657
7454
19859
11955
5316
2615
2741
9058
4682
17225
4011
9633
9164
6011
10590
15971
9080
7227
16469
3628
7150
8690
18129
2365
3948
11415
405
857
13198
1865
19043
1516
563
2198
19645
2588
4522
8254
15513
4221
16281
4291
13536
12123
16811
19074
5977
7814
14009
8346
6467
19271
1620
372
6026
13098
17921
8738
9103
3558
19189
4842
16542
3875
1364
11407
13159
16067
2164
13374
19834
19556
16517
17906
18372
19406
10278
11775
2601
8752
18041
17628
16549
3502
9815
4302
9025
8206
18997
506
2618
2378
19278
13962
15376
15090
4259
16140
435
19837
9788
18357
17161
3401
2585
14869
14128
1930
14655
8807
8739
15243
16251
14232
4899
2162
3913
6098
16034
15277
12096
11772
7262
4416
7074
4983
4791
9375
7048
11029
4428
19549
3362
6419
16680
8683
12052
20030
1623
1399
634
4990
7720
5914
4226
20047
2609
13635
8165
1725
559
2474
11873
14478
295
8403
542
1902
2150
2125
5926
7375
18577
11703
6852
17480
2135
16483
17469
13979
9469
20216
312
10408
5355
10996
4690
9358
19781
13341
17547
2122
6995
7045
5454
8591
13481
9471
7445
2445
48
3824
4108
12836
267
5092
7622
4021
2038
11949
8416
3424
5897
15524
12817
4383
256
17065
5732
680
19422
16300
13831
5028
16141
437
10097
8991
786
588
14936
11713
8258
15141
12823
9070
1980
17515
6575
1761
7149
3965
13893
12545
8621
751
5810
12102
18248
6169
1485
16027
4961
4720
18898
567
19798
8830
12697
13697
16420
13623
19505
14184
12970
5011
16993
6250
4734
9348
11539
12885
6449
1612
12694
18557
11731
16592
5866
9526
451
14122
15155
20182
19482
2229
12917
19265
7671
1435
14467
17726
8042
10181
12532
11151
9966
11414
15863
6652
9758
13386
8180
11380
8560
3098
3621
6313
4832
12283
13221
3662
13556
14860
16749
12180
17958
2696
15293
5277
7859
5279
3840
5109
8820
339
34
11874
5297
8929
6125
19067
5143
8740
19617
6870
1274
18146
10780
8525
104
11697
16121
15181
10906
3007
14679
3393
102
14011
707
4406
19328
4916
5142
10264
12627
10922
6349
15401
8292
524
14017
5636
19675
16580
11859
17322
5537
18079
16540
5945
11520
16093
2962
14761
13058
1304
9094
17052
14222
10268
5461
1732
3898
8922
6820
1325
4531
10639
12257
4343
9051
468
18295
17520
6964
5637
7460
18922
6377
10042
10672
1702
18511
12936
9142
17425
9531
3210
23
3807
7263
15796
16042
7682
17571
15648
11194
3182
952
13652
235
1640
17993
16937
12992
16892
10149
17016
17587
19467
6408
11683
9485
16448
19917
3850
19419
15758
9618
16763
6354
14531
2224
18523
498
14369
8778
10526
8334
11636
15179
12997
1749
7727
7800
20105
18325
1997
4856
10555
14443
13903
7176
1453
6777
16022
1280
4672
5144
17746
7946
14148
18241
3266
3241
5331
232
14434
8751
12745
4943
18659
18538
11307
4848
7209
15257
10194
19528
10710
11835
20175
4357
1104
14407
18385
2377
8594
2769
8666
12875
12839
1734
15891
20152
17124
12402
18375
20059
7545
662
2318
4036
18863
2758
204
427
11199
3914
10568
3944
9049
341
15194
14402
3479
4870
5127
2840
2546
12069
8753
18520
4661
15310
7368
9699
2251
15311
10547
12928
123
2700
9821
9048
12058
15880
9995
18085
18892
8449
15541
10539
4979
8708
14262
4004
5764
11138
3552
205
8328
13141
18607
8342
1336
8951
296
16149
2863
6988
13797
19522
1673
13182
8864
11871
967
19515
10324
9893
16362
5365
7331
8866
3353
18162
10699
3922
1243
1740
12902
10907
4698
118
4625
16554
7752
4562
15615
4365
13641
13952
2957
13825
10586
5486
19641
10377
688
18786
2718
9226
14198
4907
7466
19813
11541
19776
7605
14508
2997
9764
4246
9293
4064
4771
12799
16823
7318
5161
17286
8113
2334
14842
5366
3890
17138
6187
6766
13437
8897
19954
7468
472
17226
3379
17562
16729
19361
657
19365
8126
17966
17337
7956
19167
10050
3222
16199
15682
11931
8162
310
12148
13237
5129
5580
5286
16200
11849
5881
2245
3598
6674
19044
12492
18221
14855
9703
7840
9830
647
10782
4810
17477
17771
3096
14515
81
10288
14952
6978
9350
8962
6771
3015
2304
168
9156
5851
6541
10401
13567
6931
12026
15506
7754
18777
5345
1557
19147
16538
3774
17516
3057
4193
16368
6853
10122
19535
4511
5556
19353
2553
1701
19718
2974
19170
11644
4994
12574
13427
19665
17280
6434
11225
18165
571
16964
3570
7511
2942
19260
12791
14014
858
799
1850
15654
12905
11748
8144
15966
13905
8010
12548
9311
6879
3811
1168
12062
3433
2747
7203
20086
7115
12688
10180
3303
12696
11410
6203
1766
3168
3859
12841
18122
2610
16192
15840
12879
8993
7691
2532
12177
4875
9339
14580
277
5516
1259
16360
17
19489
7035
12585
6196
9071
17245
10592
12753
10442
9087
8898
6394
616
20102
6072
17884
15024
1207
8305
17490
165
1716
10615
4653
1142
5678
7075
5520
19470
15331
3409
1079
12636
6763
14377
7079
13810
13339
5030
4798
9476
11727
6489
6448
14787
13411
3209
5214
3290
9828
17564
2884
8637
4624
16111
20178
736
11868
5257
9700
10410
14503
16949
3582
13430
7515
1143
11357
19280
1171
8660
1146
15554
19986
19348
19096
3339
15039
6480
888
9577
3356
19704
11012
14571
4612
15794
7444
14261
3415
17346
1300
13193
18156
9118
928
2916
6389
12369
13568
426
11801
3650
13588
18515
15042
16983
19038
5987
15286
15211
4594
12922
13886
8754
18238
10270
14911
5497
16352
14030
18376
8817
15870
5076
5242
17541
2065
17601
987
1254
2648
12185
8487
13524
10359
8256
10466
14646
18965
5287
12077
11774
11891
14481
18470
18620
3111
8469
7566
10433
462
5903
4828
19216
9569
19539
18458
9649
18231
13227
14452
18202
15323
3484
11460
7676
6821
654
18565
10749
6099
13136
8566
5469
14425
9650
12153
10413
14949
2217
4876
6954
19826
3445
15674
10633
9206
19900
11076
3695
562
17524
3378
9455
10195
13627
16252
7133
6762
13550
15044
18968
19590
11060
5659
6463
10450
2394
11239
6041
12211
4872
5682
17704
19485
14063
19026
7500
12054
4956
7591
8103
16907
5819
18142
7182
13990
7737
6032
17729
2408
13325
2339
14039
929
13767
7007
10619
16988
5168
6712
19368
696
2936
10674
16232
16450
9627
3119
10990
5396
5826
14882
13233
433
17414
11261
16802
15160
19331
18430
8882
1779
408
8074
6418
5622
20078
2010
13214
17418
10033
2902
5314
122
19340
4844
19977
4883
9743
7269
19518
11922
7498
13654
3224
2630
6435
12374
15606
11084
20150
3170
15153
12192
8500
7560
9337
9690
11736
11500
8255
4407
2429
926
11643
18322
5886
8129
3032
12121
8669
12108
13169
11725
3507
2426
8699
17326
2270
13128
13224
5655
14461
9665
1822
20036
5176
397
8287
13608
140
2676
19014
4827
17151
1539
8960
14619
19496
12747
1386
4469
4123
1476
813
4821
12059
12403
13030
9241
16278
8069
7784
19083
8363
14818
16365
16299
16634
9858
11127
18239
14146
2577
1886
4198
9872
2009
12604
5414
18586
18123
18029
11489
10825
5330
9590
17460
18175
16240
13701
11424
6231
17420
4558
17487
767
4620
20049
393
2561
18022
12443
13205
12789
10119
19346
3613
14204
4485
12298
14107
15531
4229
7845
13925
2675
4553
7889
11750
4925
16301
14074
11794
1086
16158
9195
2975
17833
15772
4718
12539
5226
8784
12619
5087
5434
1893
10784
8485
18683
1940
11097
19206
4150
9155
19285
6773
9738
12824
14603
18899
19207
5033
14179
19232
12302
7105
8198
10147
18005
1360
13187
12448
19766
6680
10126
18658
485
18505
8986
6645
12425
13695
18443
3495
19057
17441
424
5238
11096
5327
6626
18693
5657
19898
406
17027
15792
20050
8956
9705
4119
16084
19506
16614
8761
2956
15693
15780
16123
6742
13816
8104
15233
5907
15707
14337
2869
10624
9959
10095
1121
583
13694
18437
4927
8268
924
8803
19607
11983
1589
16066
17635
10576
6516
38
7259
11372
16289
8636
4409
712
5055
17721
2988
18716
3846
18944
13879
113
9303
5522
3735
10929
1152
16966
13120
18774
8137
16139
9410
3635
12155
15468
1352
15668
10062
8398
11317
11210
11747
12115
9933
10473
17412
10776
1808
6786
18476
2244
8580
20098
6257
2092
19107
17889
2839
3572
15842
17049
10022
8535
1431
2908
4998
14152
9181
7337
18606
11276
19652
14858
12163
8496
2783
13330
9110
8835
6470
5034
11430
4493
1999
16851
13075
5151
19582
9722
2006
15973
6328
11102
19372
9994
3120
14059
19460
13144
11680
18995
14273
20015
18789
7782
1568
12954
532
7307
10793
16124
16639
10023
11086
11325
20042
14413
18754
7909
9532
3645
4484
19923
5007
1286
17190
4454
15077
9405
15698
5093
11025
1375
7477
17949
1812
4419
15126
1513
18508
17408
17826
11564
4869
16220
12995
15781
5940
15335
8083
19446
16173
8723
7716
13869
18924
11289
14518
14340
19693
15503
10152
14716
275
1785
18475
1565
20041
9754
4049
17135
2321
12328
7488
11490
14300
12379
8130
15458
17671
19784
8435
10020
13113
4367
12716
9885
13337
2468
19452
15561
18771
12399
16119
210
18632
1909
4817
19031
17790
11898
6352
644
8572
14763
15192
12343
14073
2381
18148
1214
18424
6559
2370
2098
13915
4567
12739
10918
5587
20062
14264
11609
15270
11934
9438
8158
2012
12018
13020
7704
3818
8211
3658
15168
11753
15163
16753
15276
13980
16869
5301
17185
14065
5913
8056
4610
13593
14458
4216
9831
5788
19363
1814
13161
89
19164
6047
3760
1227
14231
17763
10290
12932
14379
1914
3474
11616
19548
7637
5169
7250
7525
12866
13996
6028
16198
12081
10697
18403
9677
6432
2049
9578
19961
1675
18795
340
3521
4882
4169
14083
15972
2849
6184
18518
2265
10717
14453
15569
19896
16428
18668
5014
8831
1229
13924
6958
16756
221
5910
517
12244
19463
18410
743
7206
142
8927
6654
761
3805
4455
4318
5694
17183
1775
8376
4424
2772
9461
6865
8937
359
18891
10934
18472
1455
18697
18563
5706
3810
12093
4991
2187
16950
11623
11586
17650
17385
16222
8164
11985
18720
6194
8631
6834
9214
8052
10768
17532
11965
12895
12854
1529
8846
7848
5471
8331
6961
8795
4110
16962
14577
6076
5815
15353
10255
1684
13244
2877
8788
8184
8769
6702
15802
5972
15035
1491
1578
17702
2824
3994
10719
12240
9445
9803
12154
17930
9376
5591
16009
12960
15264
11992
2163
12958
3992
15006
14229
19300
11966
19764
13217
503
10092
18370
18275
5527
14733
7040
7185
9645
8117
4276
18583
8246
3449
10419
1551
13711
9950
16075
16366
18064
180
1737
12640
8519
11936
13005
6437
1567
10559
19863
16425
12861
18082
9312
4575
14689
2520
15605
3779
881
9084
8043
19940
1927
11452
3725
17933
11594
4657
8972
8337
254
3211
1952
11282
4478
15222
13943
19503
19245
4037
12338
5583
8743
8420
5260
16053
17404
794
13629
7451
383
7871
4813
11240
17431
624
6084
18112
9425
7393
20210
2483
1061
17612
5302
9601
4106
11763
19943
13365
10945
4769
11440
13678
12780
14284
7210
12613
18117
17493
17235
19108
8343
2516
2129
13726
9616
19872
10233
5291
9943
10596
15051
20213
18888
16473
12757
1388
14392
2069
874
2811
4995
18237
3536
8392
11809
5140
7123
20186
937
8905
18067
12250
7722
5289
13317
3296
4273
7873
10887
6887
16039
13356
13261
12711
15156
6266
15107
10237
20014
16655
18822
20137
7479
12833
15767
4132
9019
1416
8026
20183
621
12367
3176
2384
12004
13548
16118
15618
17519
5673
18588
4212
15566
2782
10947
1792
2719
6496
16206
6259
13258
7945
12107
4352
17158
16219
936
12317
16506
16221
5840
13164
12571
3090
9068
16331
13461
5629
6808
15749
15464
464
14301
4395
12114
10073
12159
12489
9130
8251
678
2444
10405
6405
11558
9639
19315
182
3122
6596
11300
10584
1420
3154
19775
1479
284
9793
17676
14555
5944
6013
9316
5380
8925
2866
9732
16545
167
11920
7703
627
16924
15272
17911
17709
10312
5536
14622
6670
6896
923
10960
1276
14303
12128
271
16467
4374
17691
12161
17336
13002
4166
13676
4127
16708
18132
6094
12315
17678
11448
6453
18477
9127
5410
8078
4800
16371
4201
9879
16959
19933
9805
6178
18179
9335
7310
2210
19734
410
1709
1316
2356
2621
8789
10882
2735
6962
2441
14541
1929
19258
13899
528
6464
12368
15844
11724
4650
3565
11721
11484
17613
10128
8404
19915
19823
12341
15183
8841
10789
8156
10640
5139
3526
11887
18166
1572
1892
635
18038
3819
4397
2820
5239
5747
905
14781
4102
14909
19042
19806
15274
19631
7980
9014
19421
19104
6943
8018
2250
14550
20211
10331
11673
12982
13260
14382
16611
9086
16421
8958
3703
12749
889
13048
20101
11195
3112
6610
7746
15021
14344
717
1248
6494
12519
2853
7037
16498
12812
12998
12421
8930
14522
19187
242
18702
7143
19035
10635
5797
3509
11033
9554
11987
8066
15465
589
5779
10163
10366
17181
2235
13845
16821
1843
12104
9220
2993
7340
13862
16403
10766
257
7803
8110
4464
3389
17568
14334
18399
5962
9392
15793
12484
15495
16250
9846
4973
14599
912
11079
12863
20016
11170
19221
17230
11631
19039
8183
14145
19908
19536
13742
5249
13254
9606
705
9327
13377
18003
16861
3953
4677
63
10011
8862
16916
20184
9328
16546
5075
2035
10924
19131
9757
2279
6124
18050
1081
18208
14737
3503
7917
13206
6993
16720
4308
9692
10986
2806
811
19524
4061
7965
13594
12847
1244
9824
6618
17409
5917
2842
11552
9150
11431
7664
7341
16873
7649
8730
3417
16815
10823
499
8202
2911
12609
137
5122
4140
9973
14471
9343
17331
3576
18062
10650
19711
4525
1441
2501
13046
14610
18377
12299
1549
1706
3273
14235
8073
13910
9826
3541
19251
14329
7483
14174
17602
5370
1054
18300
10894
7090
15315
11745
8557
1767
10515
1726
15838
13895
3694
11613
19922
596
13229
10878
8491
14796
18745
19879
5824
11661
11777
14770
16247
16624
12639
2992
15124
1878
2526
15129
13318
11723
19932
13418
11598
15523
1464
3996
13918
17797
4218
19661
10532
4564
15893
15380
15761
541
16025
2214
10936
3714
14559
7883
10753
19127
5445
15445
292
7705
166
19110
5198
4047
11979
4029
13487
19076
1221
3610
9396
16769
17549
18930
18867
11018
2551
15312
7590
5801
19735
16099
11535
574
6087
6075
1018
6018
10957
4271
837
5205
6647
19746
15535
105
6686
11792
8881
7872
2568
5338
8994
3880
11112
4052
4586
6320
3644
12856
1678
19733
2511
18266
7360
7642
10090
3142
17879
16840
1103
4701
15617
14948
14435
12776
10760
2147
6260
10263
14595
4059
17148
139
602
13168
7632
15075
11565
14110
8651
12354
9183
3079
15824
515
11403
8918
10169
8440
17399
5419
8012
4955
18617
328
10453
1998
1653
8873
12633
2433
18303
4903
9991
12063
6182
12543
7596
19802
10716
3917
17590
5496
10446
14640
9866
4185
14815
6901
17076
11262
15357
3801
7082
14938
3395
8387
8650
18170
10132
13640
4533
15705
19594
10196
3189
13121
6520
3062
18431
15902
14409
7924
20193
17554
19307
9152
3044
15835
8456
12618
10923
7780
4228
19050
2589
15449
8792
19852
4121
19019
14480
15266
16526
8229
13558
13852
9173
4105
7219
11653
2360
6582
841
2127
1409
7296
10489
14371
19464
1813
20020
2343
18941
11119
4209
20153
19672
4789
6010
8555
649
20109
16746
8640
17699
8655
2829
11637
16857
6799
15170
14615
14219
16223
19411
13246
3789
9844
5467
14616
5101
386
9527
11128
12416
18072
13877
1110
8726
11301
16670
7543
15111
11092
14889
219
3115
1241
13932
2131
15708
15346
6114
1481
18628
15474
5602
3596
18796
14082
9421
10258
4601
4293
13787
8022
12084
7685
8512
17856
14687
11412
4658
8366
3640
5339
9167
9355
13965
1264
17793
16633
18661
8917
14923
9911
6769
3364
12752
3085
3099
5165
9452
376
6688
660
1757
6969
3866
18229
15878
17447
9774
2080
14430
18826
11916
18973
1381
18761
331
17114
4765
11390
18253
18601
1954
15433
14124
15519
17166
16647
4139
10876
1163
1746
11044
13108
19338
4498
18694
17749
13848
6521
8648
7102
18090
8302
4780
1296
18035
6455
17992
2522
7933
5786
15713
10855
11241
19433
20085
3615
5524
1298
2984
11956
13036
12226
11790
19527
15144
5269
2764
10159
1430
19541
4487
18218
7718
14764
6221
3686
15958
9919
3912
19030
6800
12744
13322
12310
2606
15473
12668
1272
12867
14812
1887
11111
12793
2661
11010
1459
4450
11988
6323
6720
6180
15049
13329
13955
3907
8407
19928
17536
11278
1223
6442
2161
16820
3522
484
14275
2802
12883
12316
8177
2665
12984
20217
13436
4646
5617
13863
11336
6951
10680
7987
3533
18987
3530
2317
2666
2348
11646
7621
5130
12990
16037
5666
1776
9508
9742
12868
19211
11481
14535
18624
9874
850
15280
781
18934
14188
18627
8895
4797
9465
4647
11780
11861
1412
4544
16178
7805
5299
11125
7941
14158
4574
14248
17461
1629
13243
19051
13841
9779
4692
9175
8293
5531
16718
17756
1004
8837
19063
3870
1281
18509
18402
6426
2785
19334
19748
12352
6359
7707
3383
5859
18670
19006
17069
10529
13936
10885
20198
4141
19080
14213
15657
13960
2512
7243
3851
2455
5190
16385
7881
9753
953
18426
4459
14502
11007
17662
16599
4752
16388
9898
19275
18168
7202
5123
8116
6046
17996
15504
10520
16313
16312
8159
8267
11816
3438
11902
2635
9424
11982
5600
11078
9113
1426
8565
18483
5640
9589
15
5433
15413
2478
7267
8812
16275
19636
962
6083
19513
17913
8317
14092
5001
18545
17059
18820
11030
13732
14853
15122
12323
12423
17871
9882
3243
14891
7505
8224
5733
17739
15937
448
8326
19907
12872
19890
20133
18618
11783
10994
2398
673
14786
17592
16913
15505
16552
8433
5722
9262
7951
14768
16973
16609
553
18525
15797
16760
1826
1100
6595
11668
17014
1587
1365
6150
19625
15188
1099
4225
2180
7697
7888
15529
16804
20083
8219
11493
6293
4187
7584
3693
13149
3477
11251
8461
8800
4396
10345
11737
11479
2302
10785
11015
19483
8869
1564
2910
1876
14005
7313
17548
15121
103
14319
7159
14945
7570
3444
18143
2865
3647
18581
12966
2624
3135
19913
17852
1773
8558
2599
4600
19151
18850
16938
18291
3265
13625
5700
15571
15175
12719
2683
1297
14790
15417
6697
1284
864
15623
1193
12140
5482
3563
11561
12020
19310
6387
17552
5189
18234
17054
13122
5103
4453
11135
5559
11305
4757
17653
18026
8712
15135
1287
9931
1013
4902
20048
18439
11533
11828
6657
13735
15391
9851
15256
3904
6151
1440
6891
11453
16239
12805
11161
11743
4722
1231
17222
8838
7389
3701
15642
5555
3048
7003
17084
11764
9321
8259
17184
13458
8370
14632
20081
10597
12255
19893
2746
2195
1055
4897
1627
3239
7442
19760
5540
157
934
4546
16326
18967
7118
7908
6053
7833
18031
8665
10614
18177
4849
15036
9431
2721
14647
14593
12150
7249
17495
14901
19377
3970
1342
1908
836
3367
18263
8999
18805
6676
6444
16566
9691
3351
9582
10516
4079
12329
14713
17654
3267
18366
14186
14644
4341
5474
4131
2336
3234
11316
373
2333
15204
6857
19525
10409
5099
5194
11266
12930
4206
7081
19443
15949
5878
3528
1870
15913
17694
14677
17898
11155
11628
1606
19436
3927
15460
17737
10178
4351
9998
11162
18075
8913
12664
6839
8773
19956
3616
12039
15555
7547
9715
17328
16325
11272
5761
15675
12204
1693
2042
12275
5890
12831
11554
1302
19153
10275
14977
8693
18307
13022
8400
13493
2101
13034
17858
10424
18884
3669
10000
18260
17583
17901
14341
11802
293
11841
10636
12330
5777
6620
2919
15684
7434
12695
5991
474
6120
13474
6446
2330
14719
14010
10098
19292
12844
11567
13626
16645
17708
14943
3184
780
587
19134
11089
17091
17482
3508
17496
12518
15885
7728
8586
3557
18293
10105
9151
95
13102
3648
4605
11427
3806
12670
13747
16841
7531
13514
3792
6146
19356
9653
7372
3065
6294
2896
12068
7507
6245
3794
10113
3027
4328
17504
7397
9923
12064
1251
7416
9630
708
9584
15088
7481
709
2727
1898
18919
17754
11496
15553
7897
18780
3208
19632
8187
3004
10140
11863
17988
10689
460
11260
3073
12019
10059
5695
7812
12615
9379
16370
2567
2837
4778
16127
2844
13028
17445
7748
17535
3080
6758
8819
17400
7797
19512
6562
3742
1145
1963
2626
10346
17396
9862
1752
2978
10859
1858
16046
12383
4852
17801
16759
9386
12961
14604
2115
12598
11866
9238
18418
16392
11095
6791
10671
14825
14230
8134
1659
5251
5264
18983
628
2673
2076
421
13192
17265
16076
5208
17610
19716
7418
4607
19246
7777
12892
17486
13704
11787
9847
12508
15990
11840
15438
9063
9013
18731
14720
9643
11962
4147
2864
15699
15118
401
10475
18217
11795
19948
12842
20119
4346
12534
13166
16951
16047
1651
5261
3804
9390
7838
7306
5911
11691
4448
11858
9586
19555
5489
2753
7326
9297
12649
6248
13555
13637
4929
14068
14693
7698
17379
16492
14586
6924
15150
12850
9265
17277
860
17101
9949
14617
17655
17384
15261
1269
17918
7773
3305
16532
9873
5547
8892
13072
845
9341
14335
704
19747
13090
7362
9556
11728
4830
3456
6350
11200
117
18763
4446
13737
3156
20129
10558
5059
9460
15045
19783
17289
8540
14704
13300
8216
13223
5232
13656
3151
18494
5630
18860
18190
3520
14621
16576
722
6117
8733
18392
9565
17960
17599
6565
14013
3403
2799
15110
19049
5595
19168
13580
5829
16571
805
5403
15805
6171
18348
7355
13471
15904
13585
1179
8704
14886
17067
7626
15833
1934
4356
13115
7348
1889
13383
1000
19183
18821
15447
14514
8368
6897
6659
11742
199
17747
9256
10519
6974
11734
3757
4777
17740
11345
6745
10900
5734
19520
18680
4714
3548
1137
18220
11482
9004
17419
11041
2094
8493
17189
7294
15740
3799
5989
14224
16146
10251
3049
6536
16643
6382
13265
7450
4997
10930
16752
19481
11370
14706
9439
17649
7242
18137
10909
17681
15763
1661
18544
2658
15140
13772
9170
16860
8232
19373
19137
16974
14269
7781
13216
15752
12436
16908
2541
7767
17608
11455
18673
7711
19395
2044
13179
2543
14915
16154
4
7311
4063
1964
11159
3343
3009
17972
9008
18849
13071
4256
14173
9480
8047
7725
12173
4932
552
11714
19297
1169
908
13208
20187
8432
16743
3402
7809
3442
11654
5532
16162
17417
329
15837
12220
4438
15471
17581
2874
15695
14551
19413
13826
6981
215
172
8330
10004
2380
3566
1671
3860
5901
251
19476
16409
2870
10655
1029
7700
15290
16727
14833
6341
5631
9615
6144
6937
15678
4413
15355
17905
4012
9975
19796
829
886
18194
13522
9299
7577
16970
457
16165
13219
3204
10999
7377
15737
4354
18098
7308
14792
4680
5838
13129
15898
10072
18526
12071
8682
15497
17922
288
9158
13010
2308
13352
19906
3527
6025
20100
4560
614
5938
18682
8745
14657
19299
15085
2422
19690
17163
16649
20160
6675
4313
15836
15622
14982
4877
8175
12637
12993
8145
15232
7958
8133
115
6256
1085
9646
2060
16264
16418
2022
17844
5698
2417
18473
7565
20038
5328
13424
20072
3844
1794
1066
1953
2623
15890
6280
45
5444
10554
9285
849
15408
13741
3374
11693
19576
17868
11045
3821
79
7721
18746
17435
8810
619
8354
389
1993
18007
4644
9811
18652
8260
17794
6262
6321
516
11
5616
18723
2822
5868
7726
10221
17311
11658
10349
979
18081
9870
19369
863
7319
12322
5278
3242
9555
13589
11784
270
11926
4867
15929
9178
6709
5391
19751
19591
13044
12551
9843
6914
15480
17738
19953
12167
1065
11252
9233
3730
13988
13015
11483
17174
8711
15384
16505
19514
14573
14391
13484
9109
17863
5941
5450
9208
13989
1795
14975
1542
7612
7916
13033
14404
18400
17459
19092
14757
4373
16175
19874
18522
8727
16968
7885
7536
19946
4502
15864
1647
12412
2778
17297
13528
11839
3251
1311
15807
11245
16711
3205
5085
6058
18897
10743
14077
10120
16305
5796
11186
18309
8406
19730
14947
3704
10437
16145
18187
1289
8786
13933
10379
2571
14150
19360
9983
7820
13139
8397
10788
15507
175
10897
1432
3287
10236
3185
18261
16567
6353
19723
6885
18334
1068
14023
2095
5200
10189
4483
9901
13620
7538
9044
12126
2172
18582
3879
5335
665
19124
18615
18423
7183
14046
13546
12404
6479
17660
7212
8364
2285
14562
9596
13682
6195
16927
14025
18636
4949
8946
19099
8969
2729
7050
13295
5502
19448
17271
18429
14031
4038
13200
2776
11207
11595
4933
7099
12297
13063
2784
282
17347
11411
11446
18665
169
1815
16898
7054
19113
15599
110
15736
12394
9929
13976
6484
16543
11825
11972
8900
5377
9034
2845
3741
2167
4819
9024
6589
11201
16507
1600
9651
1210
1096
19856
12631
16660
18808
6725
12500
9010
17717
10198
7631
7291
5712
14638
3059
13723
7539
981
8782
10977
14799
18080
19916
8179
7579
5084
16728
4151
2958
2488
4745
14291
16316
11373
14196
16785
3082
1945
5201
6756
6650
19169
11213
1467
2047
12337
7216
1758
19186
10338
14556
10151
18391
9270
17999
13870
13423
17810
2211
1321
8197
17086
1672
6459
9678
13170
3764
5041
1933
4888
19983
5031
19011
18576
14323
4953
6071
2664
5420
10307
16440
11180
1932
8939
12760
13740
7609
14265
8139
11732
10612
10045
12424
20035
3761
2977
7830
11583
13315
12758
5663
10583
15084
6492
16196
8924
13583
5933
1791
14431
1520
19190
15012
1558
6920
6410
11807
19004
15104
7832
8247
2990
17191
2208
12396
17778
12654
9266
18681
318
7717
7964
5480
6292
19559
8581
17639
5978
892
2979
8884
2583
19210
3775
18637
19316
15789
5566
11941
18499
17179
10987
14426
19282
10336
13189
19937
14688
1115
14695
4512
3390
8799
13047
7869
5230
6379
19276
6006
14143
100
14018
5171
8038
9140
17935
5858
4418
1538
439
19261
5844
19449
2104
6804
9393
18963
3667
12656
556
10521
16429
2897
16943
4971
7819
14032
6906
8657
13506
5157
12227
12085
5594
17013
13791
3386
17668
19608
6261
10585
13582
7904
4812
19068
2361
10248
685
1233
337
12051
6007
6487
13162
7695
5925
10376
7059
486
4816
13194
18310
6972
10387
13983
18815
15712
1445
11485
4841
214
14246
18999
9450
4295
12335
1329
14766
2743
17823
13661
19950
5107
9028
12703
9581
7796
551
7463
10133
11856
13440
11043
16826
15430
12980
2286
11729
15210
7302
10317
7659
15441
2341
7321
4697
1907
10915
138
9196
2510
4046
6539
3274
4470
13789
17061
17075
18116
7163
6927
4535
15094
7461
13764
20188
17294
2767
16356
7028
16390
12510
15936
11248
19382
16563
15114
2159
15362
17308
16926
330
3803
15451
12499
17838
18733
4941
19613
5164
13247
19306
8987
18667
19731
5803
4676
19628
1972
11534
16906
10298
14804
12428
2326
4385
19220
18788
2219
6738
7750
14234
10567
2206
15026
8907
7068
13770
16016
842
14691
992
249
10884
19871
666
5750
7553
16406
4505
19309
12427
14732
11145
12973
4219
1486
15489
14081
6837
459
1639
1433
16839
13032
14109
11937
10197
4906
965
10613
15977
17488
8700
7284
14418
10262
18089
20156
14414
3903
18843
8399
19478
19257
13392
4300
13460
2713
4171
14884
13890
10214
4958
7544
12342
10201
18454
4592
10177
14155
15299
8167
12826
11975
10315
3863
13819
20219
18917
10478
2300
15369
14972
47
13256
6304
9840
15644
5916
15662
6269
7735
9676
7265
9890
9695
11542
18798
8230
10643
15985
8806
18889
17002
15906
15530
10598
16573
17561
12514
4437
12626
16881
11559
5787
5748
9174
3133
19843
6163
15259
11034
16430
18958
7359
14692
12617
10593
19473
11091
15260
16306
6031
3376
7921
10985
7914
9655
16796
18023
1861
9209
15572
17147
4030
16346
4510
2537
13724
7273
12067
1772
37
17907
4917
7894
1534
5701
3038
15246
15224
14225
8890
17626
200
14547
17751
10332
14287
6024
12119
17231
3207
3188
16918
4573
7000
5141
7645
9713
12162
16755
4597
1373
10435
13021
4671
171
272
7023
4115
14653
16675
10153
16694
8270
15115
4520
12876
11216
11099
16842
17228
7312
4640
12216
2223
3843
7583
18152
14475
1010
11791
13348
3932
18070
8345
14516
15690
12498
18812
19993
93
12015
1636
16431
8995
3962
18063
1025
2496
8127
15974
11054
17894
11516
4922
5754
16212
2693
17753
19930
15138
144
19100
9792
13369
605
5177
7024
4236
8605
7101
3452
18535
13422
17243
7093
5051
12509
18571
15717
3537
9374
20142
19839
8348
9613
19643
11820
6465
1608
13894
788
16035
4772
17512
795
13760
15159
8220
10683
9762
12090
6535
9305
6135
8447
14935
15697
6679
9673
12903
19435
9177
2832
7911
4062
6177
94
358
17350
8371
13296
6284
11290
2299
8954
19543
6423
17688
1421
11779
17220
4303
9093
16854
10954
3656
6717
679
3623
17615
6213
5466
8880
13994
11391
11514
10550
19997
20037
5399
16662
5305
18302
18778
3430
12693
15597
2267
6015
11157
6055
3313
6716
19287
9910
3470
17458
7173
1691
11444
10044
5958
15988
13438
4499
11191
8471
1156
13566
2725
289
17787
590
4248
7324
7825
8777
13326
19296
19317
2461
14429
3144
18931
18274
5321
16241
10378
15932
1326
9159
1263
6364
13815
11028
15062
9780
11692
19140
14673
4297
10064
9463
948
19571
6827
3255
6263
8748
13014
19911
5705
17473
9610
3257
8321
819
14383
9249
7453
10479
8973
17464
19511
5319
996
10682
12184
9412
16668
14191
18094
13331
6556
19336
13210
1535
163
16184
2495
7776
1609
18639
10416
8836
6040
11702
20007
7971
88
966
16835
8809
5098
17240
19056
19957
10848
2633
2103
1835
15826
11494
18895
2847
10744
6971
636
6445
18669
8067
20194
5643
16419
9694
16236
13716
14119
14806
224
15139
15378
5288
10300
9644
3017
2462
6755
5614
4541
6505
11961
5558
14681
1633
14659
1466
2973
9957
7156
20169
14500
18452
12407
9881
5505
10
5791
5097
265
12028
7594
15343
17511
13154
8576
8124
382
17178
14921
8308
16266
1002
4792
19071
17792
19002
7174
1088
12671
3486
2395
13054
7528
2144
1617
14992
11716
9868
19531
18251
18092
15448
6372
6979
5518
6272
10631
19763
7220
434
5435
6814
19529
2202
18119
11652
19803
17366
513
11163
803
16934
17657
3916
12469
8801
1059
13489
304
10016
17339
15694
6236
3013
15721
12769
9324
10505
3050
17088
12190
11303
7953
17970
13480
6586
19603
3412
8593
17200
8721
4066
15669
12678
19719
17888
15771
5634
13176
11367
8653
6876
5037
2447
18469
19230
10036
2855
4283
15269
729
18573
1811
15798
17947
7067
9491
16112
15671
3974
4915
16582
875
77
12718
11741
5608
4735
1950
3411
17141
2415
6126
18488
3008
11304
4240
3143
2151
17540
9031
565
2362
4338
16813
3291
18859
7588
3672
16059
13975
7304
19592
15031
16591
14678
8472
3369
6635
13501
2794
3404
9962
4723
3220
17449
7427
18555
14351
8606
18191
19538
9135
14105
19794
4614
11773
3928
16872
18360
17734
5541
16262
18710
2934
14200
9403
14748
1144
10546
544
13579
3031
4691
16602
7787
11279
5961
5008
4689
19402
3093
11319
3346
13788
3753
14880
12365
17213
15714
16928
2804
15056
17012
2325
7486
6181
1879
17777
1147
10713
5473
3074
7756
14974
12032
2742
6016
2484
14660
1125
13441
13380
10736
7333
1374
6726
8424
5606
14058
9807
14214
999
1685
17757
6275
1574
4557
19429
16293
17835
16055
11104
932
12079
15167
4665
15640
4042
9599
14554
4766
3872
12176
30
343
9365
363
6912
9744
19054
14721
6021
15775
16051
4615
15501
3668
10427
10757
132
13007
17405
19914
15652
18870
15131
12860
18810
2397
2050
19944
12706
19637
16148
14820
17696
3733
519
9728
843
11611
11152
20080
2338
11980
14137
10685
9739
14510
13729
11437
6219
4885
8108
14389
7320
11009
5290
9511
13234
18048
18589
19383
14079
2436
6922
7936
2711
17878
13634
575
1585
10447
16604
18580
13053
10137
3365
4928
871
12406
16761
638
14268
7112
9561
18315
9409
15935
7329
16654
15196
15900
1271
2509
17795
9081
16290
14199
14221
3731
20136
3884
3638
16578
9576
15975
13083
13065
19743
6277
5873
6317
17752
20092
14700
7230
5004
1343
13353
8977
9498
19888
17096
16338
7301
8852
16995
9766
5552
12326
7256
17140
2915
19817
6940
13415
2682
10903
10361
10037
9212
8747
15442
9709
9090
13006
17092
8102
14956
9193
5893
14771
11578
19239
15930
6841
10170
14890
5776
19458
15469
9017
15245
18308
3387
8876
12528
1888
18125
17426
3327
6160
14851
13266
5759
4486
11364
18077
7856
20104
714
16687
5789
4794
10572
1371
5604
10247
16685
8475
10767
8719
14962
18548
15295
2257
16631
10319
17829
2266
6140
12692
10745
18207
15145
11908
11974
18945
13375
681
2254
16775
14984
19750
5131
11511
8681
2409
13355
18284
9192
17998
17873
11434
11409
9202
7339
4263
6793
12401
6506
1468
4936
1187
13358
7109
14873
11512
9573
11165
15853
2656
10963
16533
16568
17693
10901
19136
10758
9172
4556
11315
19093
16565
15745
10540
16347
4027
6502
18243
19111
19120
14760
18994
2379
11823
11468
7901
33
16652
12271
6441
12702
7025
2943
2108
7733
17603
17588
9264
15444
16522
4138
1035
9809
17131
3055
12022
14620
8149
19558
18245
10831
3611
8358
10798
19423
154
8717
4591
10438
17269
7534
16663
18837
9340
5715
14980
16100
3447
17679
19699
4507
15358
9038
9417
1735
9729
10632
17376
971
731
17157
2566
19122
19575
4048
9079
10420
20021
13251
1662
4626
12977
18054
2387
10839
208
14983
14459
3660
8509
740
796
11117
7603
4422
16556
3193
2678
8386
20061
3423
16590
5023
10660
19799
11800
8599
29
730
4855
669
13393
13855
16267
10202
8013
18752
9211
8639
7334
18842
1324
6134
14330
2405
682
3432
11218
19971
9935
3624
8871
8729
2419
7569
14102
9686
20138
2239
5790
13670
9684
14717
9205
12324
8377
13456
10993
5885
10216
10495
7593
17917
189
11394
10048
3993
16877
14144
8253
9253
15137
9850
15113
14396
4904
2465
973
2765
9323
10703
14187
15832
2117
16020
6204
17900
9331
12725
7072
413
2873
10323
6074
12345
13488
11870
16021
8627
8051
12236
4795
12137
15665
7878
20158
11633
5071
14934
4688
17741
13935
3478
2246
5379
12601
4599
11173
1607
12729
9773
12918
9278
18414
13884
1817
16980
14288
9607
18890
17117
5024
12967
11368
5923
14534
6638
3421
5160
16953
15079
2118
17664
13909
7734
8001
16041
9749
10544
5432
2043
281
17962
9971
2403
921
3709
17046
8464
7352
106
19201
18679
9245
20125
2649
19253
14294
9652
18299
5909
8446
12939
19003
15429
14354
10837
2236
18196
4461
18719
16905
8687
14401
11912
11954
470
5992
7876
8630
3594
1091
19982
3532
11889
8575
12579
19087
10653
15289
10752
734
1021
14630
10843
12685
13755
13992
16332
17411
14912
14308
11888
11682
14629
3240
7392
18646
7260
19404
17687
17249
7044
19352
3815
10695
951
2371
5388
17916
143
10439
5364
15956
12540
9816
491
5383
2204
18725
13551
12720
17296
8652
13784
1356
6980
2393
5082
4362
15450
19022
17380
11396
246
14118
2234
7171
11876
9538
11806
1058
19579
3841
13644
17019
2390
16287
2287
7928
3706
5147
20177
14008
367
800
1212
16593
9330
4456
5785
9509
4738
2168
10136
2578
10802
7852
14698
17711
618
18724
14448
16479
3229
1676
3014
2028
17284
11690
2485
17318
1570
7895
6139
6202
6515
16384
1114
7022
10161
14266
5309
15059
12684
8675
17484
9428
13766
3460
12652
9926
9680
12704
3372
19822
7465
15209
4529
7085
8029
14906
16598
8283
17295
11334
11269
20074
13029
7154
16381
1045
14477
135
15744
14671
18278
3573
3499
8746
6700
1591
6065
10803
7681
18873
12258
10828
9168
6909
11573
19989
9551
17807
13561
5423
20027
12935
17969
3384
7540
1293
2913
5066
3632
4378
6288
1527
13126
10100
4801
17252
14634
14963
11476
6757
3881
9750
16167
5336
6832
9363
17423
2347
1830
7027
18708
10314
13051
13225
7234
6598
12347
8889
7739
9570
3067
960
16261
16171
16982
16547
6613
4606
17120
10705
14367
6369
9899
10875
17156
4787
3808
19390
3271
4559
16085
2506
15583
2171
6851
19666
18868
12641
601
5957
18519
2857
14709
12597
2030
13645
8932
9171
17467
19864
14877
1295
9286
8298
16936
870
17415
17508
15074
4118
1694
19491
4894
13793
3130
14207
19075
4820
17340
8417
13155
13544
2705
2879
12006
14589
15342
7135
18567
11376
11960
13667
8578
9634
16091
14290
2438
11662
19469
2110
4898
8166
18436
10563
12016
18709
5827
2134
4581
19562
2432
16441
13896
15063
11094
17748
14652
15267
11229
16914
11620
10093
14267
18344
4152
19724
10055
467
17605
906
9499
15171
3770
17951
16691
18510
4652
5950
2947
10506
17983
13327
16329
5225
9507
19480
674
11123
861
17451
9273
4020
161
3943
11838
6097
4759
299
11136
9595
3937
9203
16771
19420
8610
16572
14363
1334
19174
600
13332
19090
9012
2523
15762
6374
10423
74
558
15808
461
4874
2843
2460
11701
10861
5720
2835
5300
17266
17690
11280
13297
15632
17334
17604
4519
4370
10412
6466
16971
10826
4462
15281
2521
13486
4694
16011
16541
10172
14648
2261
8794
6522
3358
5746
5389
3363
1268
12864
12650
11288
593
13533
18561
15616
5356
19812
2189
725
19936
4402
6708
13279
12600
7278
10904
3344
11381
15582
13333
17413
14656
12802
3206
9315
19417
6363
5510
1305
13292
975
8853
17507
1660
13722
1751
10440
5112
19959
15931
3426
16696
6986
19070
14313
9391
16606
6358
6871
18696
2645
752
2418
14743
7919
17556
15134
19162
3260
15963
4387
384
3091
14611
8131
17525
8338
19357
14314
14423
4552
1575
13018
10256
4237
4799
2253
7829
15647
121
3306
18764
2090
13902
3076
120
12263
7455
7364
1621
19040
11067
17616
3026
13264
12821
1044
14596
7623
19626
1425
7489
15432
15887
10637
14966
4314
14492
13077
546
7708
20003
12569
765
6078
16656
18915
13745
14576
10213
20111
11101
10819
10286
5348
14218
5809
12475
18675
1818
18772
12181
16181
10787
18989
2755
3654
19333
8787
16484
7
1499
3592
6344
3172
17077
15470
5573
2056
19195
10696
5906
11246
1874
18409
12976
16850
7891
3602
7245
14373
131
13718
9989
16956
4509
4523
11502
3054
5548
14953
1573
15108
12474
19903
13564
12373
11124
8825
19052
4274
9884
9701
19182
7743
6828
17755
7960
18199
7693
11829
17904
5100
8885
15526
7730
14744
4724
5768
7522
4937
8245
10494
8011
13572
16400
11068
17104
3958
14601
8019
20130
19457
15692
17593
5155
3883
4173
11521
9027
7578
11710
15938
5942
13534
18784
14226
8462
8861
1060
3102
1462
7178
10389
15964
5409
11473
15549
9000
5823
16588
6315
17979
622
20114
11815
3202
19324
16569
1554
7815
5138
8450
2529
12849
15631
20056
12881
15751
14292
17007
8813
648
4382
4174
1771
7157
6168
10129
10344
3336
14326
15086
1050
4401
7530
12624
18825
16954
7032
17893
11883
6714
9761
1714
12290
8478
17100
11543
15923
538
18942
806
1764
16134
10421
6371
11608
14445
19144
8455
8957
15512
3226
5005
20110
13446
6718
13416
7811
1134
12644
436
3106
18614
11529
16831
11510
1563
17880
8282
8196
9876
2861
8333
19116
7026
16922
11115
14816
390
6632
14746
14783
5504
17809
5062
17861
5094
566
14506
1348
3603
3685
19773
14750
11788
10448
18246
11400
19101
4890
1469
8034
14016
2771
8008
18611
10902
18151
15022
16333
2687
5162
13396
9204
9407
4112
9274
7336
827
19602
18923
16817
12482
19027
11438
3756
17315
8545
3280
10394
19298
4857
1571
7688
19638
15540
13807
15704
4980
5919
14136
18903
3595
13479
10712
6609
16986
1043
