5654
3255
4720
3635
4389
2075
5228
1986
853
5089
712
3393
7437
2729
6812
6078
563
4340
6562
2632
7327
5330
6519
441
2667
6420
7319
5467
1670
4593
5443
7803
3091
4060
1686
64
325
5864
7345
4825
2527
4981
3410
5933
6874
848
5696
7402
4377
1410
1400
7352
6162
974
1667
7952
2936
3520
1394
5734
4361
6195
2303
5836
6934
5670
7602
3579
5955
6341
3020
5078
6975
675
1564
182
3942
3361
581
6920
7380
6362
3835
5036
7051
2049
928
833
6880
6856
3236
2641
6191
1940
5277
1855
839
3232
7458
4365
5442
2945
4949
3716
1567
4014
3880
2489
4420
7476
3987
295
6789
5004
3052
7468
6744
7252
2142
5164
5637
247
6886
5790
4728
1547
3332
6227
1015
573
3099
3435
2603
664
5909
4664
5947
4450
4729
575
339
1327
7248
4966
207
736
3573
6929
3555
1588
5539
5194
4198
426
779
6208
3018
2589
7334
3745
6526
557
2645
1846
5711
3877
5105
3581
3929
5126
2204
6102
4951
3621
1309
6671
358
158
5700
1379
371
315
4740
2829
1163
3625
3259
7668
6005
865
1901
1443
1923
6520
5065
1004
7811
4510
2558
5198
2138
3592
2601
6367
698
6400
3921
1285
5525
3726
527
3139
3087
1705
6189
1307
7641
2752
4969
6985
3525
7016
7609
4294
570
2560
1371
5748
8008
4501
7730
3251
5434
7260
4754
6405
7364
7123
5501
3684
7184
2322
6840
6176
6531
1610
3578
6114
4044
442
4280
5039
700
5245
4930
5385
7599
3973
5500
3606
2122
5800
5974
6597
5665
6980
860
3679
7738
95
5850
3945
518
3607
988
4482
3697
6138
167
7408
4008
6905
6436
4781
7280
2333
6174
7077
335
1349
6348
5377
665
2298
1628
7795
1843
6446
5144
7247
5764
1525
5685
5401
5322
1081
2426
5307
7181
3938
1372
2319
4823
6069
6783
4807
1277
7158
2012
4667
480
652
2061
5178
3834
3019
7193
7595
275
4808
7091
7759
418
1423
1499
7777
5544
3078
3215
2500
4157
6421
5354
229
6489
7542
4977
2972
469
577
3225
5961
2118
1464
951
875
4358
6125
6380
6800
2769
7909
169
2281
4649
6768
7337
4502
490
2904
4109
3362
5551
7336
5595
852
183
7794
5050
3760
1684
5545
6344
7713
1849
1996
6398
7071
5609
5798
7522
2448
6099
4373
6829
1496
5772
2926
7535
244
5829
3141
1025
7774
5161
854
5597
2549
1236
7842
5165
7433
2077
4180
7219
3163
3343
6924
6895
3264
368
2201
4971
4366
7032
2203
3436
686
2175
6629
5160
1291
4185
5453
6977
4160
4267
5827
4788
3719
541
2362
4308
4648
564
7443
7201
1461
4251
1510
1244
897
2535
6150
7849
6738
1644
3917
6627
6877
4310
1002
3250
4898
2211
5281
6606
6490
7863
5251
3152
6721
6817
4072
5025
2808
7826
5911
3968
4038
2149
2029
3094
1692
351
2096
7357
5810
256
6262
6108
1586
7579
5660
6051
3855
2257
4604
3071
3891
5264
1716
7731
6663
376
7782
2656
7700
3957
4125
5282
6512
6903
3825
3531
6659
1278
2017
6179
568
7636
6089
3785
4317
3485
3487
5678
4571
6237
648
5580
4925
3023
7562
2340
2410
7916
3266
3105
2999
5015
6384
4862
3857
6353
6843
1046
2690
3165
5451
1488
4513
2566
999
7776
7793
1666
5704
5805
6591
645
3521
578
1626
3537
7042
6168
7804
1709
76
7447
2756
4872
1498
190
216
4202
5411
1823
2647
5024
4327
4006
1056
6350
2438
7859
509
6156
6498
4359
6806
2156
3001
2475
4942
4334
6614
6749
3219
2186
1594
5454
2347
1657
5057
197
792
5269
7445
6683
3865
4980
1542
6962
2791
2799
7195
7572
4326
1414
386
929
528
450
3806
4380
632
3979
4831
1111
561
3476
6628
7912
584
5753
303
4570
1287
4405
4707
4755
3798
6095
7783
4733
3665
2379
2476
4372
3899
68
495
2236
5951
3566
3030
2427
2154
6871
3464
1288
5249
3711
1749
1416
2215
7886
4517
6271
6373
1092
285
7764
3029
3121
1818
3493
630
6428
6328
2164
2155
1507
7574
3047
3843
3038
3511
3125
6455
3972
3315
7512
4924
945
973
7621
3207
4868
7784
6978
5778
3334
3585
980
3414
7464
412
6427
5000
6335
56
4662
3106
4718
4138
2556
1192
1891
1104
2117
1655
3908
3337
3407
6824
604
1711
3097
5590
4114
6070
5373
5716
4445
7559
372
6726
4432
6831
5122
580
5927
5392
7676
7146
921
2339
2942
6459
3705
4225
5740
6241
5781
3931
2401
1529
2648
1215
4577
4050
5755
5296
4511
5632
1737
6106
3925
7558
709
1699
3085
2585
6704
7340
3161
7220
514
6252
828
5966
3357
5063
3084
6673
5710
7745
2234
6715
3336
6677
3597
6456
4537
7699
3791
1137
5522
4658
142
4398
2732
2273
7540
3730
6821
6063
3352
5014
6916
7135
1161
4789
4555
7728
6702
1018
7025
5027
2593
4512
5433
7498
2575
2184
1375
4518
598
1234
941
796
5945
6406
969
165
4023
7908
3989
31
4285
3507
2697
1676
6524
2068
7523
3913
7140
1248
3275
6017
419
2474
1184
2619
1051
5751
5771
1796
7377
2824
4325
947
7237
2848
4530
5676
1859
2233
1144
7278
7090
1114
7907
4303
6600
7249
3291
4408
7332
1764
6534
5618
2557
2141
6930
2759
425
5735
743
3586
5313
7105
7831
4920
5658
6504
7003
6491
6110
2786
7524
3983
1606
7493
2700
5207
4523
3893
6085
1648
5737
2780
5048
3747
1672
1272
13
171
2805
553
1710
5954
2915
1131
4580
2241
2242
2991
2579
6390
6724
3170
6582
1514
574
4783
6256
6556
2436
3211
694
5481
6957
7813
5949
5869
485
545
1164
7719
4193
3342
5768
6076
2288
6482
134
4099
7965
920
6118
1016
2779
5168
3663
7064
1480
2091
345
4062
6163
4659
6382
5304
2341
1820
2871
4855
2903
6852
6690
3403
2374
7120
812
2653
674
5987
4834
4312
1636
1789
6231
5261
3819
5360
2652
4806
3416
3069
5862
7892
6941
5356
5953
87
5859
3137
2192
6054
5820
5611
1347
2191
6065
6280
4590
2782
1982
2872
1513
4976
730
175
3589
4958
3951
6133
271
4085
3108
5647
508
265
5889
803
2318
878
1552
334
2106
4415
7850
7576
4632
7639
5783
472
3472
861
7613
5723
1741
2542
4613
4126
7693
7533
6851
3577
6589
7980
1760
5361
1197
4316
6522
6603
1668
3889
4314
3195
2265
1575
7837
7033
1154
2209
7681
6949
7257
1876
893
7092
4634
2363
2414
308
6299
7056
7398
4798
4612
3704
1310
6183
6658
1222
355
6429
676
238
474
6633
2334
2140
7100
7161
6904
3519
6854
6846
6530
5719
2254
2874
2178
2588
477
6492
3188
6475
3174
6321
304
5744
293
983
6548
5279
7637
2939
7709
930
4025
7780
7825
5091
6714
4575
1950
1490
5103
1391
5881
5208
2755
99
2454
2657
4845
3119
3569
7455
4208
1888
3229
4607
1302
2660
7021
6399
4730
5950
5871
5845
7917
6798
4962
3509
1772
7405
2086
4804
2890
2408
3958
4651
2817
4076
1902
1565
7657
3974
2429
3000
4347
7553
6243
457
77
6926
1812
7089
5073
846
6122
2294
4047
6129
3056
4239
240
1141
5031
2609
6602
1851
6910
7166
5087
1120
2630
5870
1155
7518
1611
3377
3036
6936
2395
5777
7020
487
5117
4311
5691
1040
4381
478
1279
1924
6732
1691
5441
7612
2875
6632
5046
691
7806
7742
7683
2386
6759
6568
6788
5894
7295
6103
195
2629
7873
4363
6093
7740
619
5012
2397
3535
3630
187
7138
4564
5060
6267
6074
3111
5115
2407
7084
4213
2157
6460
1679
6979
1797
5068
7816
6411
151
781
2887
352
4994
6731
4056
4837
1784
2637
3384
3086
5196
2747
6407
1113
4258
2571
361
6579
7650
2845
3400
5794
2093
1450
4627
2823
5506
7017
1486
2955
2694
766
3741
771
3390
5391
913
4154
6288
4569
4064
7688
6378
18
1683
7228
3591
3664
1921
1966
3975
4978
1074
7343
5246
7889
7696
3347
1069
6836
7177
1427
5840
3191
7218
3647
2835
1821
3514
3863
1026
2367
1756
448
2858
832
3172
7282
6473
898
641
7736
1121
1156
1063
3118
7172
4669
3158
7304
2992
6235
147
6725
4986
2695
5812
6722
2719
7190
1728
1502
6766
6953
2539
5139
239
1645
1282
3488
2206
1739
2836
1318
885
1118
3155
2462
6394
5476
4040
3448
1881
4426
7835
3318
5140
191
6276
5782
5982
3422
1837
2902
5280
6185
2297
7750
5508
6909
7289
3391
2441
7982
3231
740
1115
161
7888
5855
5409
3766
4009
6447
484
4229
7160
7440
7781
1971
6245
8002
2336
6229
48
2898
7581
4178
1994
3131
6584
3242
6685
444
7694
6182
5436
2498
5633
2396
1033
696
6204
6841
6471
7763
109
1240
7154
1448
4184
8011
5326
6391
1835
7429
1208
1022
811
5075
4012
1828
1176
6835
7054
4289
1269
7259
3675
3552
4697
1569
6739
4897
458
3860
4190
7065
4370
1293
6758
2937
7312
4703
669
6636
7102
2855
6862
4209
5176
5072
3238
4458
3527
2857
3739
2271
5581
2943
1587
3623
4428
3316
7561
5970
4096
5239
5483
1993
6021
409
4838
5834
8012
963
6264
1980
4102
7475
4297
114
4429
2777
7311
1503
594
1782
5968
3911
4922
83
7765
3803
6139
6623
7436
1397
4070
3116
1578
179
7686
2796
4563
1405
7236
6700
6075
5853
7378
1613
7762
1677
2680
4017
2772
643
5770
3676
1571
5456
5019
1731
1160
5319
4509
986
7564
7424
849
2230
5028
1914
7567
911
430
3
2602
4263
1656
2471
7758
5821
5224
1422
3031
683
6355
4973
3961
6430
600
4710
5593
5513
57
6750
1546
4802
6439
824
2041
2232
2226
5431
2456
4159
654
2698
2179
3385
2687
1392
3852
3981
231
523
6238
32
5694
5155
4984
503
5605
1867
2277
3117
373
7624
4953
6016
5376
6461
5573
5557
3757
407
7801
2847
4170
5331
3114
3977
3602
6079
6811
2586
3386
2458
6870
6374
3451
2607
3197
6012
2993
1755
5302
3540
1695
4561
5563
203
1159
4462
4281
2442
1493
7989
931
6959
6356
3325
230
5336
2311
6997
2183
6199
7281
2417
3644
2237
3603
7494
2917
1997
7174
3420
4753
94
2790
1067
7616
6542
7306
1305
6266
2261
5826
1566
7279
7959
7698
3037
2854
286
6740
5936
4004
7786
2330
5040
7132
3930
1693
606
855
6785
6717
3430
1112
5527
1936
7145
1861
3953
4257
2957
4813
1306
140
2391
572
5410
3616
3749
6727
5814
5847
3159
7300
4115
5779
3299
1323
5430
4451
7651
5329
4498
4485
970
3293
4899
4531
7103
7675
748
1329
5118
555
5182
6386
4814
1561
904
1602
856
1297
4203
4574
2883
3746
3822
5472
2773
7354
4077
952
7865
7791
5695
4026
7320
6720
667
7591
535
3668
7516
284
3479
4545
5127
5530
4700
2267
7985
7767
550
110
5080
997
5616
5257
6981
2770
2468
1922
2658
2806
2305
6376
6557
6086
7845
621
6848
7714
5760
5016
3723
4761
5054
1937
2762
313
1090
5399
4506
370
1474
6807
5283
333
5305
3134
2015
874
6160
7050
1946
7887
5303
2042
6906
2268
7153
84
1426
3904
7255
2431
5921
515
4167
1013
413
2881
2490
4709
5994
842
125
1445
106
1472
1520
3713
1403
6541
4995
5977
2269
3148
3089
2368
7992
6820
6960
3328
5412
5586
2039
5739
8000
3544
360
4266
492
943
1280
3941
6213
3986
2536
2965
3083
4594
440
3553
4748
2711
5743
5773
2899
4847
2675
1466
1536
3409
671
5256
3947
2300
1751
2387
1294
2073
2828
2814
4101
5727
7288
2838
4645
7293
7744
4835
4121
1078
5199
1189
3244
4371
3593
2115
4521
1714
543
2245
5728
4019
1368
6381
5610
4162
2127
3783
4623
1811
5397
5487
1501
3256
2598
6097
5842
6371
7877
5620
6857
1300
4271
680
3279
2469
1281
3333
2002
7081
3944
2006
6718
1162
5258
5784
4028
5720
820
5709
2193
1058
4723
2415
5628
2934
2611
3800
1904
3725
7656
3178
7271
5652
1491
1224
6468
3475
4299
5093
4252
327
2738
14
1752
512
6115
7757
5128
672
7469
7264
5387
4296
2764
7376
4068
7413
1978
5811
5904
5906
6913
2450
2384
5967
6776
1658
4124
6270
1273
1387
2716
1580
6094
3497
2785
4674
6884
4876
4456
3639
4341
3241
653
6165
6222
6034
1541
3032
2673
899
3995
6424
5516
2615
2478
4544
2345
6327
6442
7390
7137
4222
1268
3707
250
5132
3890
2279
3127
5903
1968
4591
7536
3563
329
3637
1365
506
2533
7055
6855
4833
1702
7883
4796
7068
6810
3653
4117
6867
1157
7383
6216
2329
7586
7435
1661
1406
341
4130
3298
5008
305
3903
2153
3465
1064
1664
4721
7722
2066
3517
635
2198
6311
3811
3456
753
7062
678
6228
19
6186
1254
1647
6966
817
5403
6547
2867
3614
4075
699
5348
6145
3729
7182
3759
2348
1207
3270
787
3321
4245
2213
6993
5674
3740
6187
7457
3397
6622
3028
6173
6869
728
410
4965
2197
1976
5011
143
7732
658
7353
3424
3303
7035
2678
6359
3482
2302
3322
6648
2986
364
6349
4879
7648
2665
3142
6794
2325
3742
5190
1241
1283
2212
776
4447
1697
5957
7088
5102
5195
4968
647
7292
3402
6696
1744
384
6883
4315
1128
1418
4906
844
2130
117
3202
4606
6172
4098
6313
1211
486
3782
4183
6863
6404
1597
4001
4457
7587
6332
6123
3545
5866
6797
2114
4089
502
2146
6544
5697
7058
4467
7618
1713
5932
7555
3348
2787
2243
7548
5204
2771
5395
4338
152
4938
3813
6140
532
7955
7238
536
961
5919
7715
6587
137
1311
879
2455
2026
5583
877
2143
2713
655
6121
994
4578
6549
2502
5359
3546
4849
1220
2308
1036
6035
3413
6296
455
723
3307
3017
6650
7141
6728
7847
4698
11
2531
4367
1732
317
4979
1194
4133
3821
1489
525
1708
7057
6574
3915
3619
6642
3418
6483
6694
3712
5007
6119
6771
1136
1374
1409
1135
2545
5064
7667
3818
3070
1989
1827
7350
2034
2812
4005
4629
4352
1617
4690
5023
2059
4923
7707
4276
2743
2227
7094
1866
5137
2707
2956
5758
4155
7632
7044
5189
4374
5464
7349
1082
7183
6484
2865
75
2526
185
7461
802
4860
6793
4410
4074
7682
2031
1381
1180
1477
3502
4624
408
2659
4329
5746
4290
1153
5858
7554
2116
5803
2515
6850
4892
788
3924
5026
5333
2804
4385
2160
5852
257
6476
1072
733
4902
7941
5587
3816
4123
1380
7812
6833
4689
2080
4873
6002
4078
762
3715
7136
6026
6963
3691
4641
4918
5287
6990
6458
2681
5086
3268
634
3794
3273
5606
4901
5979
4526
6613
3773
2614
74
2266
2424
3775
3306
6543
1622
1623
6864
3883
5070
4963
5707
2949
4785
6437
4636
6301
2085
3885
7900
3959
296
6472
5566
962
5339
6435
4864
132
3490
4238
7013
750
1073
1926
4791
5293
2295
4927
2951
5985
3021
1362
2860
7789
7391
2980
5335
4525
538
6607
2464
6
5937
7976
3387
4465
6067
5872
2976
3828
4473
1662
1894
2007
1214
5725
6561
2126
4034
85
7482
2097
2435
310
4885
5882
5438
2276
4633
5825
6488
5693
801
1646
2494
7175
6940
6754
1589
1777
7915
4233
4527
4260
534
3660
3181
7880
7423
1332
7788
519
5135
7628
7015
2171
7519
399
5191
5452
1817
7448
4079
6664
6803
6312
4614
2477
54
5649
3567
7987
5612
7133
2819
7697
1620
3758
2540
1206
5071
6003
4609
2952
7511
3949
3182
7652
1253
6320
673
5334
1605
4091
1079
6152
3539
4427
3659
3560
7459
1689
177
1328
7570
6198
2174
7266
5874
6454
7030
222
3088
7625
2864
7770
3920
5818
3802
2794
4503
3969
2584
1759
5386
3221
2129
5623
7019
5350
1346
2479
6837
6777
6961
504
2021
2974
7660
859
255
4080
6705
4037
609
89
5931
2497
2014
5368
4820
4904
3717
1746
5415
1932
3867
882
3611
5148
3736
1242
927
6064
3685
261
6647
1900
1725
309
6319
7940
3455
3054
6674
5145
154
1802
1286
3656
4279
1767
5263
1990
3045
1600
1085
3144
7341
6692
1551
888
7372
4356
5929
2185
3845
1701
4442
4300
1878
7969
4230
1763
1963
6149
6988
1992
4967
3627
2891
2453
4147
1334
5634
81
2744
1413
5181
176
3561
3733
1317
3365
3389
6893
7360
2910
1096
6986
894
2260
5134
7872
3612
1492
312
3205
1718
2078
4441
342
4189
4687
1723
5286
2888
4997
738
3271
2170
7230
5113
883
7026
7832
2457
90
5860
5495
7267
2958
3954
5902
7330
1396
5030
7395
6994
369
5880
4176
6409
475
5482
8013
2543
5325
120
4404
67
4566
1210
7658
8001
6261
6272
7823
3985
1200
3382
1793
4149
3587
2831
7503
4955
1816
756
2371
5856
1337
3721
6637
2742
100
5741
3888
4601
2895
5005
346
2351
5396
708
6025
1512
6334
3631
3228
129
1562
5913
1555
1906
5556
900
539
5938
6058
975
494
7290
524
3793
6366
7112
3213
1376
7546
5687
4666
1977
356
501
1748
886
1061
7701
4579
1603
243
1185
3171
784
985
5992
3173
591
2970
6813
2715
4907
2003
2979
7450
5791
3363
597
5058
5809
336
1453
1973
1532
2452
2813
5509
93
5993
3797
7797
5639
537
3064
2393
1402
6830
251
1787
7110
835
4676
3392
4041
6752
3681
2482
4532
4039
7397
69
5001
2223
6737
3331
7919
7066
4246
6948
978
5119
53
7903
2633
7329
1528
3059
6514
6876
6246
965
4433
7539
3130
3699
5061
890
4888
4268
2430
6757
435
2051
1021
6018
1556
6969
3151
2929
2624
385
5273
5980
1326
6899
5924
2741
4355
6954
324
2028
157
1953
7928
6062
761
1235
6393
867
5964
5474
4894
1
300
5121
320
2827
1649
2194
2703
3166
3095
5776
1274
4066
3750
4171
6866
5705
1475
6333
5234
4243
2099
60
656
6661
1148
4499
4221
6682
5209
5905
560
6743
136
213
5572
1325
446
1687
2052
6151
4387
119
278
6263
1338
4972
1322
1165
5298
61
6741
1775
4443
2251
4139
7735
1991
2997
593
5384
1998
4140
4301
7124
742
7382
3882
6508
6044
6527
4235
326
7361
1034
3976
3588
5151
1352
4448
5462
4773
2366
6668
7678
4360
91
4247
7501
7270
2324
3503
836
5225
6525
3574
3624
5608
7165
3694
5248
5077
3454
5317
6914
1908
3892
4282
1801
909
6781
1243
1614
4692
602
6293
400
4533
6248
1538
5756
7822
3265
6577
7884
5202
4611
5766
2040
4945
5815
2382
1147
1930
1791
4987
3449
2244
6357
7881
7664
6210
3779
2569
777
5579
1526
544
4350
7348
3617
4069
6207
3599
4378
4660
5352
3367
7998
2466
1685
3473
1842
3849
1442
2842
4869
991
6314
2686
6304
3257
7953
4211
2775
7532
5100
4348
4118
1524
7403
3210
6232
3301
5029
2966
464
235
6984
3939
338
7299
1954
4586
5233
5548
608
6206
1948
6368
4582
1029
4411
1010
3604
3688
5226
6634
2610
5534
6254
587
2525
2778
7755
7672
3044
4382
1415
4164
3282
5786
6197
3714
6268
7543
6516
248
138
3584
6939
2063
6967
4492
6039
311
592
391
3058
3344
7302
7262
6709
3769
8006
7173
86
3399
6324
2027
2487
2013
5594
5076
5733
3598
5221
7272
7775
1947
2181
3128
6024
2286
1909
2923
5094
3179
4460
1432
3126
4921
4364
6303
2112
3429
3952
2088
72
6617
6412
3297
1873
6707
5622
4175
3762
4413
6006
7575
1734
831
6438
799
2101
260
71
4727
4144
5592
6644
6655
5090
5656
5370
7644
6478
1574
5369
895
7005
5136
3928
1735
529
6494
6708
2815
6786
2505
1895
769
4270
617
783
7328
3446
1830
488
5301
6604
3980
3642
4375
2081
3426
3261
4035
3595
3380
3991
4583
3276
3771
7659
2380
1382
2425
7460
254
1057
3902
7594
6719
7527
5757
3371
1059
3457
4186
4941
622
4822
2822
476
5505
4691
6081
2573
4947
2373
5131
4145
2422
7796
5184
5788
5990
8009
5338
3498
6417
5896
7407
2109
3458
153
663
5237
611
4313
5162
2731
466
7309
225
808
5569
1319
5561
2795
1925
1171
5749
2291
4182
5150
6234
1786
5624
6838
159
7199
5589
2735
5349
6092
4277
6569
1124
1045
3434
2723
3278
1629
626
7416
1540
3523
3861
4615
2750
5096
7073
7864
7933
6901
3988
7093
4073
5714
4757
6273
5446
4866
7876
354
677
116
2343
1527
2927
1315
3672
6226
725
4576
3622
1454
4261
7631
5863
5044
7638
6952
1927
1898
2119
1145
5952
1619
5222
5021
6693
51
5321
2057
6013
1627
2638
5663
636
806
1296
4500
7906
3294
4683
759
1584
4002
6230
6361
2519
3074
5037
6444
1446
5006
4528
5288
5910
6818
872
968
2691
5629
62
7622
4652
2023
7441
1457
2169
4058
3339
7127
3143
5216
4671
7716
5306
3605
4704
1674
3103
3562
7477
3820
3872
2878
7335
6346
4890
6056
731
2843
4342
3706
7116
3506
7947
4480
7036
1604
3738
607
7894
2447
5318
1459
5440
7692
790
1119
1106
4049
392
2620
15
734
3042
4912
7626
5213
5206
3547
4018
234
6192
7189
1055
2724
7642
1350
5969
3522
2314
220
1889
1593
4043
7076
5922
5458
6639
4803
6778
2889
6124
2868
7666
3281
5601
1251
4046
1535
7640
7370
7725
7691
7988
2625
6155
7118
3692
768
6369
5241
4379
7425
2522
4843
3090
3755
462
5406
2056
7991
5653
3582
940
7552
1733
4749
7399
1988
2721
559
693
7355
5641
6014
6269
2734
1582
5568
4081
2683
7324
7251
1139
3997
6385
2948
8
7946
3189
6290
3308
933
7235
3145
7204
6601
2753
7962
1441
7743
2481
6945
4197
4552
5817
2528
1134
1785
1049
3643
198
3287
7615
4536
1939
4104
2449
459
4036
3671
6495
876
505
6645
5174
168
5546
34
7061
1479
1191
4067
4414
7180
3626
1583
6084
1227
1630
4646
4829
6822
7303
6748
4259
6594
4495
1138
7860
2840
5576
2720
5069
130
7944
2577
5158
1548
3967
5912
1006
5171
4343
3674
6153
7502
3024
3950
465
1886
5344
7689
3678
5494
2313
6370
2222
5596
3274
3810
6844
7240
7149
7633
4546
6605
290
4988
2403
5816
5193
701
7551
5416
7225
7949
498
3652
7067
2801
6148
4870
3198
6265
2214
4113
7243
2553
6509
2863
105
4412
5460
4362
6716
6550
2941
3829
4996
3192
5959
7130
4248
1336
3960
3677
3068
5554
2664
7072
4934
1729
1848
274
3445
2398
5272
5017
3805
1011
724
5211
4107
3082
3208
6615
3909
5619
6083
1050
7580
3345
3061
6760
7995
825
3873
5110
1790
6928
7597
4913
5536
5655
813
4711
2599
517
7531
6144
6782
3370
6816
7846
6285
7573
4386
7466
7629
3109
1750
201
6077
4556
7111
5107
263
2669
4622
5420
746
500
2488
3239
6971
6212
5891
989
2095
5492
745
1455
5447
1456
4699
551
6620
4776
7129
3686
5584
1810
2592
4288
133
7741
3978
7935
5299
7426
43
5366
2461
5684
1428
5417
3583
5930
5520
1857
3894
3310
649
778
1177
3104
6418
2797
3305
5552
1762
4572
5666
37
7287
2737
59
3993
889
73
1962
1832
7966
7920
2132
1511
1100
3441
1840
2701
2971
2600
3919
1237
2167
3072
5690
659
3898
4786
1958
2444
1482
3312
2217
7802
3780
5201
681
3025
2582
1356
7879
1860
6578
5389
1412
1187
5944
6537
3570
135
5486
2982
516
3035
4181
5819
3858
3013
1122
610
982
269
774
417
4817
2809
1609
987
5484
613
7525
2886
4657
4476
4738
1260
7179
78
1369
582
5732
5340
50
4716
7315
926
288
2776
6316
2285
2053
7867
2208
2852
4484
7318
1388
1844
1671
670
6352
6432
39
6487
7393
3248
438
5533
4799
403
2666
5130
5602
1825
1854
4865
2083
6621
5925
2110
3842
6343
7063
2280
107
6037
1635
4136
3123
1471
3801
7830
6861
6425
2768
7274
1014
7921
4863
4751
3247
4842
1829
4463
3286
6974
5255
5081
618
5648
7438
2906
2202
6559
2523
6828
96
6845
5236
3355
2940
4045
5422
6679
3777
6746
3513
6730
4215
5898
1478
2255
7761
6347
4763
390
6792
5793
7244
4946
2054
4638
5062
6088
3187
7787
5371
7844
1127
4801
1252
4088
6912
4771
2071
2766
7766
4027
7367
7868
2699
2103
773
922
3661
2228
1130
2224
615
7431
6066
868
7836
3874
757
7159
2022
4909
7544
3682
1841
1255
3572
1972
1436
6706
7973
499
2162
5642
3492
5408
2495
1640
3936
2803
2428
5212
6546
2445
5708
6502
5342
1449
5547
7746
7623
7250
2047
6839
7085
6028
2849
5679
6450
4682
5997
6619
4828
2754
1826
6031
5833
2563
7229
2746
2538
2933
2885
4877
5382
1284
362
1965
2655
1460
3787
2128
3784
3176
3510
6383
7155
6305
382
3162
2107
2682
5939
218
1098
3709
7246
6351
454
2147
4196
101
2688
3695
5721
4681
7449
6339
3673
4187
1447
2961
5400
2364
6896
2225
1981
363
155
1152
2671
4084
7993
2921
3862
554
5066
4489
1850
7275
2098
7528
3786
2439
4242
4762
7202
7549
3335
3965
1652
1393
4560
5511
122
2289
3364
2275
3471
6236
1871
6120
1295
2811
5550
2661
5736
6808
3463
5807
452
7898
292
5614
124
7008
3789
829
3233
3190
5154
7508
2463
173
5365
7805
7568
6481
714
1401
1804
1366
1987
2377
7578
3395
3168
3394
1738
5355
2651
6656
1934
127
5991
1188
891
695
4435
7910
1333
3081
479
323
7478
2036
2349
4228
3651
3934
6449
5971
5926
7484
4430
3080
4071
5706
721
1129
4120
1099
7662
3468
5197
1209
1271
5491
6819
841
4815
3847
1032
6950
2008
4933
4116
3132
178
4950
5332
5035
3027
5308
6651
1203
6889
1411
5291
7331
7191
6242
1570
1094
2050
4852
7606
5010
6448
4439
5300
5543
6763
786
2459
5129
5787
2062
45
7853
7948
5972
2025
3110
1682
389
6416
145
3809
818
2385
5973
3767
6580
328
7048
2546
1678
6117
4082
807
3350
2725
7379
2470
809
1550
2605
1720
4722
2763
4998
3896
4438
936
6681
1017
990
2423
3444
1091
4163
3683
2480
6194
1608
1384
4016
7720
5683
6505
822
5626
4695
5363
1715
2037
6747
4514
646
5022
5407
4911
6019
5159
5503
2104
1774
2283
5324
1301
4557
3206
3731
4488
1451
493
1883
719
2587
5231
7517
977
2058
2928
4418
2252
2079
3033
82
992
148
4505
4122
1080
3269
5504
6908
5049
4827
6925
1054
935
1726
4400
1625
7923
6220
916
5934
3838
5
5497
5878
7961
6564
2866
1408
2954
7148
3841
6625
2503
3927
3992
6931
3026
2400
2932
2689
4850
1076
7878
6927
5848
3124
7453
6670
66
4900
1862
1179
706
3167
6055
4836
7117
1808
3564
1884
3722
4731
6765
343
2131
4587
4706
7223
902
2640
6042
7963
1182
2989
1077
2612
7589
6298
5421
2565
350
7971
892
1515
7538
3223
2705
6027
5978
4889
4344
7809
2807
7526
1795
4440
6770
4339
7387
1476
332
5507
5413
6202
5598
3966
2959
149
2259
3956
5570
640
3160
2662
3005
322
3326
1383
3280
481
3628
1386
1053
1944
321
6898
6946
755
651
1504
7643
4599
97
2596
7285
4478
2844
4685
5917
1430
5962
7733
1521
4142
3491
1213
4642
6915
7023
3063
5510
6933
754
174
4851
7904
397
6342
180
4882
4914
4896
6048
7162
1673
6581
3634
763
7821
780
4688
5156
6073
139
6698
7211
5667
1028
5125
3636
6015
5375
7773
2166
6536
5218
5205
27
4675
6641
6572
1168
6358
214
2541
4105
7671
3864
7737
2947
6294
6274
395
7718
318
5664
5797
6377
1390
2820
3067
7176
7905
7798
6247
7472
283
4024
3727
4029
7897
1579
7444
1218
3869
1639
5173
2046
924
1913
2221
6029
964
1005
2253
5588
5285
3590
5565
4010
1637
5875
2550
3548
3790
4497
3689
2019
2631
6485
7968
6462
5183
5907
2728
2296
837
5493
3041
0
470
7977
131
4954
1951
141
6045
917
6567
4177
5082
7388
6258
679
1083
3906
3003
3696
5717
6000
3483
211
7059
5013
7942
6167
5644
7107
202
2499
3311
4403
5345
4784
3657
5718
3971
4278
7470
5560
5265
2123
6050
7297
5823
4550
6784
2235
2353
112
7009
744
38
7254
4207
12
6323
3423
3910
4199
7396
1836
3102
5394
4253
7322
2418
2969
456
6164
4775
5702
1066
2650
3470
7497
7747
4061
4603
1794
4854
823
7294
5502
6499
906
3550
2359
2460
650
6652
6742
1108
7655
359
1970
1126
4214
2670
3354
5449
1642
2583
6451
3737
1712
703
805
2642
1581
3534
764
1824
1918
7078
5185
2158
3302
2070
7605
344
2406
7534
2760
3453
4508
1621
6624
3376
2985
1874
2358
612
337
2420
1146
4824
7168
3703
4635
4227
1885
6308
4192
5311
63
6823
6396
1747
4330
7049
6596
2370
7086
2644
5920
939
845
5353
7495
365
1469
5523
2508
3356
3940
5357
3508
2529
3765
4515
2102
4194
7896
3724
7384
6008
3568
1151
16
3832
887
1598
7929
150
2679
6433
6973
5521
4992
7185
605
7325
2726
3175
4397
2692
5763
6060
616
4057
4678
471
1508
1190
3066
5892
3129
7593
5789
7634
7412
4948
1919
4619
2111
3009
3157
4584
912
2
4419
2621
2190
7465
2924
2145
1558
6711
5645
2894
6486
3943
1669
460
1877
7600
5262
3379
449
2850
2839
5837
1000
6105
7563
6286
146
531
4119
3317
2998
4283
760
2262
4436
5662
4554
4148
4929
7106
7156
3499
6431
586
4809
4173
5312
5752
7496
2486
4844
5621
6098
2383
5680
6480
2576
4053
7486
1798
7882
4406
2446
4637
1462
3374
7556
7215
3994
5886
3962
7954
7577
5106
6445
793
6764
5883
6535
5976
7232
7818
1087
5529
8004
210
3115
662
5052
4779
2150
944
637
3875
6669
5643
5897
1417
7814
2092
1020
4956
6998
4857
1792
6885
411
453
2188
2722
7670
3710
7808
6873
6565
424
4231
6190
7704
4893
7147
2342
6193
1522
1341
3912
4993
2909
7851
4188
3415
950
3113
5854
7298
1960
4179
2326
2231
2765
1378
2567
6638
4605
7483
3216
3559
1506
772
4417
1616
5804
7452
2139
6878
5328
199
2443
7356
6649
7939
6528
4022
5043
3932
7099
6171
5418
1663
583
2626
789
3895
5879
3193
7038
7170
687
6956
6082
2654
6643
1545
6983
3996
5795
3859
7705
6440
2532
6592
5439
7011
7037
7269
5260
2983
6847
5244
2089
907
3640
6573
7964
718
737
4883
7635
5187
5792
4021
4680
463
1949
3680
2534
4320
5292
5320
6306
184
7869
6832
6751
1615
7434
6277
7108
4881
1060
834
5688
6184
614
3253
5470
3824
3512
35
6989
2074
6157
979
1518
2375
7598
4351
3720
1766
6938
7421
3763
5341
1941
6688
2793
3466
2010
1485
4322
7661
1910
194
6545
6043
791
7951
5109
2165
2826
25
5885
4880
1533
3554
7027
4158
918
1355
7222
5839
4376
4592
2561
7753
4052
5437
375
5888
3881
5220
6736
5402
5699
7983
4745
1259
3314
2043
5252
4323
3516
4146
7994
5996
6881
1719
4780
2739
2513
3633
5390
7855
4926
3296
2332
3417
6360
6496
1437
4195
562
7514
3077
4617
1468
7695
1505
4737
29
6665
726
6570
4409
3748
1373
6921
7392
7233
5549
4915
2172
1345
7690
5271
2159
6009
7456
1984
7467
5059
2264
954
5445
1707
3341
3186
3753
4684
5351
4137
228
6397
4452
7926
7603
3795
826
2011
5180
5186
5946
627
2084
3378
5615
4255
4011
7209
443
291
4832
7488
4547
7513
957
3613
4543
2663
6917
6599
5457
4750
7342
5603
6068
6177
5079
1435
388
668
4218
567
7381
1232
1027
4516
7241
4747
2440
5419
3092
858
3053
3494
3761
2988
6814
7194
7305
1822
4839
4795
5309
2290
7974
5444
5838
804
526
3258
1806
4437
7022
206
3558
491
3837
1103
6219
4353
3246
3632
2537
1348
7307
4812
6858
765
65
5099
3439
6660
1438
6919
7620
1706
2216
3136
1361
7245
1047
7592
4985
1303
1105
3359
5223
1084
2136
3011
4094
224
2935
2834
4483
6255
629
6175
1560
6675
272
589
6809
4974
5041
633
1698
2994
4422
6511
1915
1304
1425
7096
6041
901
7002
2108
3230
3096
181
7256
5731
2218
6331
1358
3267
2882
4520
3515
7134
1037
2595
6423
2518
993
1757
1298
747
722
2846
2113
710
1068
4701
3641
3926
7060
959
7545
241
4127
2861
5877
1696
2263
6141
5157
785
2331
688
6071
212
2405
7171
6503
7031
4644
3292
1470
7242
1202
2328
6640
7975
7128
7417
5650
2200
7363
7430
1473
4765
2315
5192
4597
1601
782
428
7840
2287
7178
3807
2873
2472
1544
1864
3848
866
5958
6338
5152
3923
1659
5841
7932
4653
6080
1865
2292
5575
4626
2908
7217
3460
2712
5914
4663
1370
2511
4305
4596
4434
942
2001
209
6112
4931
5490
416
4989
1754
4581
6697
102
715
3383
4042
5849
6922
7721
1607
2335
2048
1912
1389
2702
1290
732
3868
287
3057
2483
6972
6951
864
3774
6135
2649
1781
4321
4153
6096
1012
2643
4477
5600
7339
5230
5585
7899
1024
5047
2024
7874
4210
2748
4306
5101
294
7404
4051
1638
1385
5796
3135
7674
2616
6935
4307
3853
7052
7505
6767
3887
5367
711
7875
3046
1150
5448
4393
5668
6684
7428
625
3580
3289
6322
4736
4655
3999
7938
5555
6469
7611
5715
2581
226
7950
1969
1399
1321
6250
1308
5599
3808
6326
1983
6667
1869
4100
1199
1364
6410
2572
5613
3728
2105
394
7142
949
3489
2555
3500
7723
5729
5414
6340
2137
3655
5681
4793
7711
6147
7208
1653
7990
3100
7163
3823
5254
624
7152
4589
2177
5975
2148
6943
2189
6553
682
6999
4479
3412
4284
1803
1420
3754
7607
5692
445
7654
427
620
2554
6805
5388
2120
6131
2506
2067
2512
6225
4461
4232
2282
1071
3844
3411
4910
5217
1230
3220
6513
4871
1957
1568
2517
4714
3826
396
7115
1530
4129
4887
482
3481
2195
2757
7150
1612
5923
5532
7261
6907
4535
6755
3425
7121
6154
5179
2530
6892
4816
5219
4421
798
3428
4206
1959
5074
5571
1516
7930
3150
5673
1618
1549
7852
2125
1316
6595
729
1003
2685
6769
2962
6932
2964
6691
6653
1599
7487
41
2419
3501
1001
4431
7316
1495
6872
7366
7308
925
4150
6239
1643
1030
349
5515
44
4777
1651
3776
4565
4797
402
6515
3153
5169
3133
4092
6387
377
7490
4394
3879
4368
4204
3169
5347
2381
1999
6020
281
3447
7521
1102
4135
3185
2284
1419
164
735
6538
7385
6466
5761
3065
4610
4672
1554
2781
6654
1592
6057
5519
3478
6868
6422
7997
2144
3752
956
2684
3796
5200
1935
2704
1339
5423
2451
2310
5537
2798
2372
6414
3772
5378
7409
4742
4065
1229
850
3937
4713
7143
2030
2706
3812
4895
46
232
4886
3646
3156
7726
2905
7283
1680
3290
2465
4991
7999
2514
7956
4390
7800
548
5088
5295
4944
7810
3850
7419
1175
353
4819
7167
4810
4618
873
5323
6291
7253
4867
3243
28
7213
2163
3524
3922
7601
2668
4425
5578
4086
3933
3529
7914
3040
1882
639
1116
6944
2749
4399
2623
1727
4388
821
1431
6284
7680
47
3016
5722
1009
4455
258
3594
7685
7647
4059
4694
4598
7075
1952
6253
3140
267
5461
7347
1838
1929
270
666
7043
2717
7970
4940
1771
380
5558
7365
3963
3432
3756
4391
2960
3431
6585
3654
7368
5512
1231
6586
816
7375
3329
7843
3474
2524
2816
2317
4778
5865
259
277
1429
5559
6126
2913
599
2897
4055
6345
4964
1920
2321
5524
7653
4174
1776
5730
52
5018
7216
6826
1070
5275
6995
546
6902
7729
1052
3404
5844
299
4264
6214
5873
3209
1928
1911
3669
7506
5564
1193
7760
937
4858
5989
5535
2622
70
434
4491
4800
2520
2087
4030
2825
3164
3060
2187
6825
4562
6392
2833
840
3649
749
1494
2256
5742
2247
7769
7451
196
6169
4292
1591
938
1887
6302
6571
249
3199
6127
1142
4504
2627
5636
4224
3840
3196
2853
6046
1852
4744
4254
5631
7768
4032
7560
489
3770
40
7679
4111
4916
2249
2304
6563
128
797
1573
3700
5851
3051
2082
2931
7588
7198
5393
5540
5762
1452
3543
4265
111
2493
6780
5215
2617
5893
3964
4935
7200
2996
2745
4585
6310
2981
7041
7841
5759
3450
5774
1223
6419
6130
2309
5813
2411
6007
3708
5824
7212
1035
5372
7083
6211
3600
5577
7583
21
121
5726
6116
1856
5425
5908
4952
2893
5147
3075
7839
2352
302
4939
2320
521
7029
4464
6942
2009
1367
5274
1975
1216
3990
4772
4131
5038
4588
7515
522
2751
1270
280
7509
720
6982
3854
5116
5475
4234
5053
4407
5918
5459
6576
5477
7604
2710
7427
5785
7221
7432
7630
3177
1893
6413
2907
6723
1660
2205
6158
1769
5097
3349
3615
2064
915
7584
5528
7101
4932
6279
429
2496
3817
6249
7749
6890
7945
767
5153
2618
6337
5253
752
1497
4274
347
3870
7284
2180
2135
4794
192
4156
7529
758
7422
6804
5677
6713
5646
7510
1537
2919
7925
7401
6136
1433
1089
3049
3670
1172
5604
2094
2879
6666
1745
1088
4884
996
5259
3970
6787
4960
5170
3421
2930
5769
6695
3419
3982
6218
1931
1125
2810
569
2570
2240
2708
4647
6465
5916
4241
242
689
976
1195
4792
3667
1217
6389
1815
3836
727
6609
3462
7214
7069
7210
6560
4686
5398
3744
4961
5424
2151
378
2274
5149
6566
3830
6958
1773
7139
3235
3012
33
6401
5625
2968
7012
422
716
7924
6753
2220
958
932
5067
5876
4384
6443
4600
461
1398
4630
4811
6686
6379
576
3866
558
3283
2832
4724
2674
3658
5085
1938
2953
279
2016
2485
4790
870
6521
7893
7614
4631
7778
1261
7286
2709
1424
6464
1880
5294
4848
815
3146
5780
49
4205
6215
4891
4191
245
3015
3010
1132
2727
4650
7922
3120
1907
3532
42
967
5346
3452
4395
4928
2900
838
5868
2789
5471
2312
5172
26
4287
379
4302
2404
2736
5267
6701
5250
7779
4735
4240
188
7608
1688
1917
4318
7541
113
4063
4693
4392
5056
1353
998
5426
4423
1031
3214
5488
3373
3222
7474
1576
6801
2580
3946
5466
3948
1266
6223
3601
5553
219
5003
8003
467
934
357
6815
7420
2258
2841
513
6107
1577
7684
3900
7226
4541
1196
5846
2173
1354
1065
814
5661
5984
1250
423
6477
432
2613
2925
3224
1553
2219
7386
404
903
398
2676
7739
7109
7326
2973
6180
7972
6260
4725
3735
1439
1523
4424
4712
2636
4304
2346
6441
4616
5765
3831
642
92
5895
4333
2946
4903
5801
5020
4830
6087
1863
2504
4168
7207
6859
7724
5143
7958
1585
4628
2967
1178
4449
4959
7911
1681
2065
23
5432
1313
6408
5034
7663
5832
1509
420
289
5480
3440
6209
4770
436
4656
1228
5163
4726
4990
2238
7571
810
770
1543
1465
7074
6240
3277
4331
4621
2354
7485
4444
5963
2938
661
7927
1853
1097
6734
4033
3998
2978
2207
6467
7104
4172
3608
4470
6662
4573
5358
552
5901
5960
4625
4943
4349
6137
5607
2606
5141
881
2859
6100
5235
6036
2361
262
7547
7362
193
2412
1872
5630
5083
5485
1226
3002
1858
713
3437
3368
4874
7314
3693
955
3459
5084
3254
4752
5290
2199
4715
6004
4110
510
595
1634
5381
3467
4696
3886
4237
2821
2038
857
4272
1149
4244
253
5713
6289
6970
4020
644
7986
5884
3401
6517
5166
4262
2975
2851
298
6518
3263
4639
7040
6900
3596
2870
966
4719
6853
1075
1847
905
2338
5638
7530
4905
1167
340
4132
414
7550
7234
3324
7687
6001
2784
1019
7169
6318
1320
2337
601
6703
6426
3666
2990
3718
4821
7848
2301
4013
685
6091
3346
2035
7001
5032
1903
1819
6918
6802
7708
6635
2901
5362
7344
3486
7394
4805
2892
2800
5517
4472
4031
4015
5146
7677
2055
4490
7206
1225
4539
2547
6911
4396
7665
5943
6470
2168
4743
2944
1312
6762
556
126
5337
2394
984
4496
7703
4166
1198
5210
1483
7114
5232
7192
5703
6710
1043
1813
7934
2355
2869
6887
7918
4522
6479
4739
6053
1730
6166
5701
7557
4128
896
1467
1740
2984
266
4538
1331
5469
4475
2250
6687
4236
5745
7268
6507
6188
437
3079
6626
4291
684
3827
7569
6773
4661
6965
2677
3905
7007
1039
5724
7984
511
2492
908
5928
3916
7978
2432
2392
7479
5463
4250
3004
1173
4875
2693
910
3815
1267
4095
5315
58
6506
1572
17
451
7113
7790
2293
7095
4474
160
2877
7829
1624
6090
5671
4223
2121
7957
2963
4856
1095
6365
7771
2995
5092
7834
227
1404
5582
1107
4917
6775
2044
7317
638
6865
6735
215
4758
387
2229
4542
273
4602
5042
919
2730
4468
657
628
1233
6590
1238
1539
851
1892
7047
1264
3288
6372
4151
1247
3240
2672
7756
223
6646
1201
3062
7491
5243
98
7231
5682
6101
4336
7151
3799
5988
6257
2635
7727
7258
3477
2134
1048
6403
6052
5203
1407
6111
6201
7000
7854
5857
3897
6278
1780
4595
3375
2774
5822
5379
2552
1839
5098
7619
6745
3505
6113
2911
5698
7446
3006
3309
4970
1814
1246
7960
7751
5689
24
319
5002
2409
170
6457
6612
5915
549
7504
7410
6555
7617
2005
4774
540
118
4048
7996
2916
1205
2818
2416
3751
3184
204
4936
6630
6038
4983
6976
3645
1778
2634
3687
431
1258
702
30
3788
7824
6500
7838
1742
4106
981
282
7373
1736
3330
3200
3122
1559
5750
7082
5104
1093
421
5489
3043
6849
5138
3549
1330
6879
5188
2510
8014
3876
233
3536
7418
2072
8005
5747
3237
6402
3351
3734
1690
530
7126
3320
3405
5999
3638
3846
794
2323
108
1995
6170
172
880
1563
3575
383
3327
6453
7596
5657
7187
6023
3878
7627
7157
6493
7706
6128
7188
6109
36
3217
5479
4256
7507
1964
4103
7296
7799
1186
4269
5981
3443
5496
6200
6583
5835
692
4309
5051
6712
1974
7205
3565
4112
5986
1833
3914
6533
6300
6061
795
3833
4401
4746
5806
115
1531
4003
367
7144
252
268
7186
3073
264
7087
4143
1896
4319
3618
1761
144
7097
7414
3048
348
301
5942
4469
2862
2402
3533
6282
4454
7901
7039
2733
5956
847
7669
5754
3319
2210
2761
5314
7565
1590
447
3194
2597
7815
5405
972
5591
1722
4295
1123
6611
4782
7702
2437
6221
1166
2390
1633
3022
2182
5900
1945
7439
6287
6608
547
4108
520
2714
1463
7871
4608
507
7827
166
2270
6178
20
6329
7359
1557
1517
4549
8010
7734
7717
2491
366
7931
5831
2365
1245
4787
6756
1007
6799
7010
7590
1519
1221
7936
4332
2100
660
1985
4000
4665
3245
5617
7748
3556
7310
8007
6143
1377
3469
103
7710
6680
1212
4846
631
5266
1263
496
7645
1265
4841
3138
3360
697
6364
2590
800
2758
3055
1041
5651
4083
208
5941
1324
2076
314
2594
3034
5033
3901
7866
3542
5142
3690
6275
5574
5935
3204
3358
1181
7313
7895
7817
2912
7098
5468
3768
2578
4769
2544
6309
1140
2551
4534
4507
1956
623
1967
497
6452
7369
1038
2239
3571
468
4201
1631
2562
7338
6196
5712
1481
566
1879
4273
483
6375
5686
5112
533
4640
5316
6049
7785
6987
7772
473
6330
4466
5473
7006
6161
1700
2977
6552
2246
4937
2399
1342
2004
2484
6297
1158
4861
4217
6955
3518
10
5514
5120
7333
3408
869
5775
6937
1275
7046
4568
4493
707
5738
5887
3388
6203
1169
7415
7196
2278
1933
6616
7861
79
7004
2509
7858
6968
3093
7045
7856
5499
2792
4673
7263
5009
5948
6292
4705
565
6354
4567
2376
5518
7346
3398
2783
6259
7053
7239
5310
5843
331
104
1256
5828
5531
7164
4134
2564
7442
186
5526
3541
1805
7833
1704
5867
236
2628
4975
5541
7028
1219
2421
5542
6132
1831
4957
717
3620
4519
3662
3262
7276
3098
4446
7489
4054
1942
7807
6532
7323
4679
5123
5672
1905
1109
4764
1292
7471
5108
5627
7197
2591
946
704
7967
123
4383
3496
6540
2914
7870
1632
7979
1143
163
1809
6059
827
406
2000
4878
7520
6842
741
5114
6434
3338
3285
1595
1703
3212
5383
4335
4161
6233
3701
3406
6689
4481
7371
2987
5175
1133
6779
1641
4760
3427
7492
3218
6923
1807
2360
5229
3698
4471
7070
4453
2176
3935
1845
3433
3007
3227
3203
1717
705
2516
6040
1484
863
3984
5995
156
217
4298
843
4818
1721
3610
4337
2378
2880
7389
1799
297
4529
4670
1768
4982
7943
4840
3839
5998
4141
4540
4919
1359
6047
4152
6558
690
2356
2639
5450
1276
5498
6224
1834
393
3530
2507
2434
6947
3396
5242
6205
6860
6283
7890
5861
5095
6104
307
2604
2060
590
3484
7400
1765
1340
1943
5289
2344
1758
2327
4090
7981
2045
4293
6388
4717
6834
1023
6774
6551
2032
1800
4559
5562
2069
7646
3008
6996
2830
6631
4767
2548
4859
3504
603
4226
6678
1101
3764
5808
2950
1779
1239
6510
5675
3381
162
1694
7820
1351
1743
7203
5380
5177
2467
2501
6251
2740
6010
200
1204
1458
2196
4200
7227
6022
205
1289
6795
995
6882
4220
1444
4741
1117
7463
5276
55
6134
4169
4643
2307
6463
7566
6729
2033
7358
6295
1170
3871
7712
4286
4677
2124
2767
579
7024
4346
5297
871
1770
5133
7499
2856
6610
88
6142
542
4219
1363
6281
1062
4553
405
2718
4007
3039
6575
4275
5124
1257
4908
4732
6395
5429
2161
7125
3101
2152
7301
3732
4999
3340
3226
6598
7582
3480
9
3804
5890
3495
6618
5478
3076
6891
3249
6317
2876
3323
1008
3372
330
7374
433
1335
1899
1916
7018
971
1183
1042
3918
3778
2884
7937
3528
7480
3272
5899
5240
4756
2413
1421
775
5767
7411
6772
6791
2568
6474
3781
3180
3851
316
7862
5567
862
2918
5659
4487
5238
1753
830
571
2802
6699
5635
2090
739
3461
1500
5455
6529
3304
1344
6011
3814
3366
2922
3260
2574
4345
6325
1395
5268
4766
3557
1357
914
6539
6897
1314
439
6217
7406
3234
6146
6244
3743
5284
5669
6030
1788
2369
7273
5799
7014
2018
7080
2696
6991
2389
7131
5830
2521
4708
7462
237
6733
3300
1875
6964
3576
1890
7079
3526
6181
6790
3295
1665
5465
415
7277
7828
7610
2433
6657
3149
2248
401
7351
276
3284
3014
2473
5247
2306
4654
4486
4087
4369
1675
3884
5983
3201
6523
6827
221
4328
6554
1440
3907
3112
5427
1299
3650
6588
884
4216
4668
6501
3442
3438
6676
7885
4093
3792
4357
3183
1262
4494
4734
7902
3107
5270
7481
1360
6315
2559
7537
5538
6593
1596
6363
7454
3050
5374
6888
7673
1979
4548
7649
6875
7891
5640
2388
1961
3551
4324
80
3538
3629
6072
7792
4551
5214
5055
6033
1897
4853
1650
953
1868
1487
6159
2608
4459
4416
5111
2350
4
751
7
1955
6415
5045
5343
2788
2020
1783
6894
819
3353
2133
6672
5364
1724
2299
7119
1343
923
4759
5167
3369
5227
2272
5428
4249
3955
7224
374
7500
6307
960
4702
5435
1086
4524
3313
5327
1434
3252
2837
189
7754
5965
1249
6796
4826
6761
306
2357
1044
4354
22
948
2316
3154
7291
3702
3609
7913
6032
7473
246
3856
7122
3147
7585
1174
381
1534
5940
585
1870
2896
5802
1654
7034
7752
6992
4620
596
7819
4768
5278
6336
